ID;longitude;latitude;housing_median_age;mean_rooms;mean_bedrooms;population;households;median_income;median_house_value;ocean_proximity
0;*;*;41~48;6.984126984;1.023809524;322;126;*;380000~501999;0
1;*;*;17~24;6.238137083;0.971880492;2401;1138;7.0696~10.6043;*;0
2;*;*;49~56;8.288135593;1.073446328;496;177;*;319000~379999;0
3;*;*;49~56;5.817351598;1.073059361;558;219;*;319000~379999;0
4;*;*;49~56;6.281853282;1.081081081;565;259;*;319000~379999;0
5;*;*;49~56;4.761658031;1.103626943;413;193;*;258000~318999;0
6;*;*;49~56;4.931906615;0.951361868;1094;514;*;258000~318999;0
7;*;*;49~56;4.797527048;1.061823802;1157;647;*;197000~257999;0
8;*;*;41~48;4.294117647;1.117647059;1206;595;*;197000~257999;0
9;*;*;49~56;4.970588235;0.990196078;1551;714;*;258000~318999;0
10;*;*;49~56;5.47761194;1.07960199;910;402;*;258000~318999;0
11;*;*;49~56;4.772479564;1.024523161;1504;734;*;197000~257999;0
12;*;*;49~56;5.322649573;1.012820513;1098;468;*;197000~257999;0
13;*;*;49~56;4;1.097701149;345;174;*;136000~196999;0
14;*;*;49~56;4.262903226;1.009677419;1212;620;*;136000~196999;0
15;*;*;49~56;4.242424242;1.071969697;697;264;*;136000~196999;0
16;*;*;49~56;5.939577039;1.048338369;793;331;*;136000~196999;0
17;*;*;49~56;4.052805281;0.9669967;648;303;*;136000~196999;0
18;*;*;49~56;5.343675418;1.085918854;990;419;*;136000~196999;0
19;*;*;49~56;5.465454545;1.083636364;690;275;*;136000~196999;0
20;*;*;33~40;4.524096386;1.108433735;409;166;*;136000~196999;0
21;*;*;41~48;4.478142077;1.00273224;929;366;*;136000~196999;0
22;*;*;49~56;5.09623431;1.131799163;1015;478;*;14000~135999;0
23;*;*;49~56;5.193846154;1.036923077;853;325;*;14000~135999;0
24;*;*;49~56;5.27014218;1.035545024;1006;422;*;14000~135999;0
25;*;*;41~48;4.495798319;1.033613445;317;119;0.0000~3.5347;75000~135999;0
26;*;*;49~56;4.728033473;1.020920502;607;239;*;14000~135999;0
27;*;*;49~56;4.780856423;1.060453401;1102;397;*;14000~135999;0
28;*;*;49~56;4.401691332;1.040169133;1131;473;*;14000~135999;0
29;*;*;49~56;4.703225806;1.032258065;395;155;*;14000~135999;0
30;*;*;49~56;5.068783069;1.182539683;863;378;*;14000~135999;0
31;*;*;49~56;4.882086168;1.090702948;1168;441;*;14000~135999;0
32;*;*;41~48;5.737313433;1.220895522;1026;335;0.0000~3.5347;75000~135999;0
33;*;*;49~56;5.030395137;1.112462006;754;329;*;14000~135999;0
34;*;*;49~56;4.972014925;1.070895522;1258;536;*;14000~135999;0
35;*;*;49~56;4.602272727;1.068181818;570;264;*;14000~135999;0
36;*;*;41~48;4.807486631;1.155080214;987;374;0.0000~3.5347;75000~135999;0
37;*;*;49~56;3.749379653;0.967741935;901;403;*;14000~135999;0
38;*;*;49~56;4.757281553;1.067961165;689;309;*;136000~196999;0
39;*;*;49~56;3.494252874;1.027298851;1377;696;*;136000~196999;0
40;*;*;49~56;4.215189873;1.060759494;946;395;*;136000~196999;0
41;*;*;49~56;3.759036145;1.248995984;517;249;*;136000~196999;0
42;*;*;49~56;3.772486772;1.068783069;462;189;*;14000~135999;0
43;*;*;49~56;4.797979798;1.02020202;467;198;*;136000~196999;0
44;*;*;49~56;4.941780822;1.065068493;660;292;*;136000~196999;0
45;*;*;49~56;4.335078534;1.09947644;718;382;*;136000~196999;0
46;*;*;49~56;3.700657895;1.059210526;616;304;*;136000~196999;0
47;*;*;41~48;3.980237154;1.233201581;558;253;*;136000~196999;0
48;*;*;33~40;3.9;1.21875;423;160;*;136000~196999;0
49;*;*;33~40;2.6875;1.065340909;700;352;0.0000~3.5347;75000~135999;0
50;*;*;17~24;2.0456621;1.034246575;735;438;0.0000~3.5347;136000~196999;0
51;*;*;41~48;4.58968059;1.12039312;1061;407;0.0000~3.5347;75000~135999;0
52;*;*;41~48;4.473611111;1.184722222;1959;720;0.0000~3.5347;75000~135999;0
53;*;*;49~56;4075;1.14;1162;400;*;14000~135999;0
54;*;*;49~56;5.021459227;1.008583691;701;233;*;14000~135999;0
55;*;*;49~56;4.295454545;1.104545455;576;220;*;14000~135999;0
56;*;*;49~56;4.77992278;1.111969112;622;259;*;14000~135999;0
57;*;*;49~56;6.102459016;1.37295082;728;244;*;14000~135999;0
58;*;*;49~56;4.5625;1.121710526;1074;304;*;14000~135999;0
59;*;*;1~8;2.771929825;0.754385965;94;57;0.0000~3.5347;14000~135999;0
60;*;*;49~56;5.994652406;1.128342246;554;187;*;14000~135999;0
61;*;*;49~56;5.869565217;1.260869565;86;23;*;14000~135999;0
62;*;*;49~56;6.229508197;1.557377049;377;122;*;14000~135999;0
63;*;*;49~56;7.698113208;1.490566038;521;159;*;14000~135999;0
64;*;*;41~48;6.22556391;1.368421053;392;133;0.0000~3.5347;14000~74999;0
65;*;*;49~56;5.401069519;1.117647059;604;187;*;14000~135999;0
66;*;*;41~48;4.38253012;1.06626506;788;332;0.0000~3.5347;75000~135999;0
67;*;*;49~56;6.986394558;1.659863946;492;147;*;14000~135999;0
68;*;*;49~56;6.975609756;1.329268293;274;82;*;14000~135999;0
69;*;*;41~48;4.584288052;1.05400982;1823;611;0.0000~3.5347;75000~135999;0
70;*;*;25~32;6.047244094;1.196850394;392;127;0.0000~3.5347;75000~135999;0
71;*;*;41~48;3.375451264;1.072202166;582;277;0.0000~3.5347;75000~135999;0
72;*;*;49~56;5.552631579;1.342105263;560;152;*;14000~135999;0
73;*;*;41~48;1.714285714;0.571428571;18;7;0.0000~3.5347;14000~74999;0
74;*;*;17~24;6.278195489;1.210526316;290;133;0.0000~3.5347;136000~196999;0
75;*;*;17~24;2.817767654;1.0523918;762;439;0.0000~3.5347;136000~196999;0
76;*;*;33~40;5.724950884;1.104125737;1236;509;0.0000~3.5347;75000~135999;0
77;*;*;17~24;5.830917874;1.173913043;721;207;0.0000~3.5347;75000~135999;0
78;*;*;17~24;5.369230769;1.150769231;1054;325;0.0000~3.5347;75000~135999;0
79;*;*;33~40;4.412903226;1.135483871;344;155;0.0000~3.5347;75000~135999;0
80;*;*;17~24;3.197231834;1;609;289;0.0000~3.5347;136000~196999;0
81;*;*;49~56;3.75;1;183;56;*;14000~135999;0
82;*;*;49~56;3.908045977;1.114942529;200;87;*;14000~135999;0
83;*;*;49~56;2.490322581;1.058064516;346;155;*;136000~196999;0
84;*;*;33~40;5.609467456;1.088757396;467;169;0.0000~3.5347;75000~135999;0
85;*;*;49~56;6.72173913;1.243478261;377;115;*;14000~135999;0
86;*;*;33~40;2.315789474;1.186842105;582;380;0.0000~3.5347;75000~135999;0
87;*;*;1~16;2.651515152;1.054545455;546;330;0.0000~3.5347;136000~196999;0
88;*;*;1~16;2.692307692;1.076923077;125;39;0.0000~3.5347;136000~196999;0
89;*;*;49~56;2.929411765;0.917647059;396;85;*;441000~501999;0
90;*;*;1~16;2.745856354;1.082872928;800;362;0.0000~3.5347;136000~196999;0
91;*;*;49~56;2.443181818;0.988636364;904;88;*;136000~196999;0
92;*;*;49~56;2.823529412;0.911764706;191;34;*;136000~196999;0
93;*;*;25~32;3.493377483;1.149006623;718;302;0.0000~3.5347;136000~196999;0
94;*;*;33~40;3.672376874;1.334047109;1327;467;*;136000~196999;0
95;*;*;33~40;2.294016358;1.066293586;3469;2323;0.0000~3.5347;75000~135999;0
96;*;*;25~32;3.894915254;1.127966102;2048;1180;0.0000~3.5347;136000~196999;0
97;*;*;25~32;3.681318681;1.175824176;202;91;0.0000~3.5347;75000~135999;0
98;*;*;17~24;2.9456;1016;2024;1250;0.0000~3.5347;136000~196999;0
99;*;*;33~40;3.707142857;1.107142857;1838;980;*;136000~196999;0
100;*;*;25~32;3.7248;1.1312;2304;1250;0.0000~3.5347;197000~257999;0
101;*;*;1~32;3.878423514;1.070808283;2563;1497;0.0000~3.5347;258000~501999;0
102;*;*;33~40;3.745614035;1.061403509;389;228;*;197000~257999;0
103;*;*;49~56;3.515497553;1.143556281;895;613;*;319000~379999;0
104;*;*;33~40;3.281721632;1.069871437;2689;1789;*;319000~379999;0
105;*;*;49~56;6.18442623;0.922131148;674;244;*;258000~318999;0
106;*;*;49~56;4.442982456;1.057017544;709;456;*;258000~318999;0
107;*;*;49~56;4.165876777;1.090047393;686;422;*;258000~318999;0
108;*;*;49~56;4.848189415;1.045961003;1444;718;*;258000~318999;0
109;*;*;25~32;4.16084788;1.066084788;1520;802;3.5348~7.0695;197000~257999;0
110;*;*;49~56;5.628458498;1.14229249;550;253;*;258000~318999;0
111;*;*;25~32;3.727005871;1.074363992;1806;1022;0.0000~3.5347;197000~257999;0
112;*;*;25~32;3.253081348;0.982744454;1749;1217;0.0000~3.5347;197000~257999;0
113;*;*;49~56;4.578034682;1.077071291;939;519;*;197000~257999;0
114;*;*;33~40;3.822274882;1.014218009;675;422;*;197000~257999;0
115;*;*;49~56;4.395189003;0.986254296;534;291;*;197000~257999;0
116;*;*;25~32;3.023479831;1.053582179;2558;1661;0.0000~3.5347;197000~257999;0
117;*;*;49~56;4.040501446;1.06557377;1786;1037;*;197000~257999;0
118;*;*;49~56;6.742627346;1.069705094;970;373;*;319000~379999;0
119;*;*;41~48;6.546391753;0.936082474;1098;485;*;319000~379999;0
120;*;*;41~48;6.85106383;1.079787234;794;376;*;319000~379999;0
121;*;*;33~40;7.106382979;1.14893617;98;47;*;319000~379999;0
122;*;*;49~56;6.947890819;1.019851117;1061;403;*;319000~379999;0
123;*;*;49~56;6.358558559;1.034234234;1177;555;*;380000~440999;0
124;*;*;49~56;7.117166213;0.994550409;901;367;*;380000~440999;0
125;*;*;25~32;5.530334728;1.09623431;2031;956;3.5348~7.0695;319000~379999;0
126;*;*;49~56;6.127348643;0.987473904;1031;479;*;258000~318999;0
127;*;*;41~48;5.735343384;1;1358;597;*;258000~318999;0
128;*;*;33~40;7.631498471;1.03058104;1616;654;*;380000~440999;0
129;*;*;25~32;6.44606414;1.008746356;844;343;3.5348~7.0695;258000~318999;0
130;*;*;33~40;6125;0.987903226;1140;496;*;319000~379999;0
131;*;*;1~32;8.335051546;1.082474227;533;194;10.6044~16.0000;*;0
132;*;*;33~40;6.467268623;1.038374718;1072;443;*;319000~379999;0
133;*;*;33~40;6.61227154;1.028720627;1627;766;*;319000~379999;0
134;*;*;25~32;6.978947368;0.968421053;463;190;7.0696~10.6043;*;0
135;*;*;25~32;7.530805687;1.056872038;542;211;7.0696~10.6043;*;0
136;*;*;25~32;6.657992565;1.007434944;661;269;3.5348~7.0695;319000~379999;0
137;*;*;25~32;6.977186312;1.003802281;635;263;7.0696~10.6043;*;0
138;*;*;33~40;6.982954545;1.028409091;420;176;*;319000~379999;0
139;*;*;33~40;7.54;1068;1265;500;*;319000~379999;0
140;*;*;25~32;5.615384615;0.730769231;126;52;3.5348~7.0695;380000~501999;0
141;*;*;49~56;6.785714286;0.951428571;813;350;*;319000~379999;0
142;*;*;41~48;6.957746479;1.023474178;1067;426;*;319000~379999;0
143;*;*;49~56;5.132246377;1.096014493;1260;552;*;197000~257999;0
144;*;*;33~40;4.628336756;1.098562628;951;487;*;197000~257999;0
145;*;*;49~56;6.200892857;0.946428571;510;224;*;258000~318999;0
146;*;*;49~56;6.399350649;1.087662338;765;308;*;258000~318999;0
147;*;*;49~56;4.745652174;1.010869565;1129;460;*;197000~257999;0
148;*;*;49~56;5.183673469;1.052154195;1073;441;*;197000~257999;0
149;*;*;49~56;5.283495146;1.050485437;1185;515;*;197000~257999;0
150;*;*;49~56;5.952941176;0.997058824;756;340;*;258000~318999;0
151;*;*;49~56;5.650671785;1.028790787;1034;521;*;258000~318999;0
152;*;*;49~56;4.4291939;1.058823529;787;459;*;258000~318999;0
153;*;*;49~56;6.727699531;1.075117371;612;213;*;258000~318999;0
154;*;*;49~56;7.702631579;1.057894737;1021;380;*;380000~440999;0
155;*;*;49~56;8.972868217;1.131782946;861;258;*;380000~440999;0
156;*;*;49~56;7.599388379;0.957186544;953;327;*;319000~379999;0
157;*;*;49~56;5.8203125;0.9296875;634;256;*;258000~318999;0
158;*;*;49~56;7.994318182;1.036931818;878;352;*;319000~379999;0
159;*;*;49~56;4.333333333;1.138716356;918;483;*;197000~257999;0
160;*;*;49~56;5.074285714;0.96;360;175;*;197000~257999;0
161;*;*;49~56;4.276639344;1.045081967;1197;488;*;197000~257999;0
162;*;*;49~56;4.851351351;0.969111969;1048;518;*;258000~318999;0
163;*;*;41~48;4.326639893;1.117804552;1373;747;*;197000~257999;0
164;*;*;41~48;4.0591133;1.049261084;1715;1015;*;197000~257999;0
165;*;*;41~48;3.274238227;1.096952909;1359;722;*;197000~257999;0
166;*;*;41~48;3.561743341;1.13559322;1062;413;*;136000~196999;0
167;*;*;25~32;3.192755498;1.117723157;1335;773;0.0000~3.5347;136000~196999;0
168;*;*;25~32;3.804195804;1.146853147;1171;429;0.0000~3.5347;75000~135999;0
169;*;*;41~48;3.882608696;1.143478261;1475;460;0.0000~3.5347;75000~135999;0
170;*;*;49~56;3.209183673;0.959183673;742;196;*;14000~135999;0
171;*;*;49~56;3.688705234;1.077134986;1086;363;*;136000~196999;0
172;*;*;33~40;3.090239411;1.116022099;1645;543;0.0000~3.5347;75000~135999;0
173;*;*;41~48;3.639751553;1.004658385;1710;644;*;136000~196999;0
174;*;*;49~56;4.368421053;1;731;228;*;14000~135999;0
175;*;*;49~56;4.585014409;1.074927954;1118;347;*;14000~135999;0
176;*;*;49~56;4.734328358;1.188059701;1006;335;*;136000~196999;0
177;*;*;41~48;3.693140794;1.061371841;1213;554;*;136000~196999;0
178;*;*;49~56;4.638132296;1.124513619;772;257;*;136000~196999;0
179;*;*;49~56;4.496259352;1.047381546;1321;401;*;14000~135999;0
180;*;*;49~56;4.192023634;1.106351551;1487;677;*;136000~196999;0
181;*;*;49~56;4.209677419;0.989247312;488;186;*;14000~135999;0
182;*;*;49~56;4.056122449;1.056122449;949;392;*;14000~135999;0
183;*;*;49~56;4.207228916;1.156626506;1149;415;*;14000~135999;0
184;*;*;49~56;4.471428571;1.067857143;844;280;*;14000~135999;0
185;*;*;41~48;4.844029245;1.091795288;4367;1231;0.0000~3.5347;75000~135999;0
186;*;*;49~56;4.327669903;0.958737864;1659;412;*;14000~135999;0
187;*;*;25~32;3.798479087;1.003802281;1011;263;0.0000~3.5347;136000~196999;0
188;*;*;33~40;3.776349614;1.107969152;1464;389;0.0000~3.5347;75000~135999;0
189;*;*;41~48;4.528052805;1.303630363;1237;303;0.0000~3.5347;75000~135999;0
190;*;*;49~56;4.011904762;1.071428571;647;168;*;14000~135999;0
191;*;*;41~48;4.554621849;1.053221289;1284;357;0.0000~3.5347;75000~135999;0
192;*;*;49~56;3.181818182;0.781818182;228;55;*;14000~135999;0
193;*;*;33~40;3.74796748;1.048780488;381;123;0.0000~3.5347;75000~135999;0
194;*;*;49~56;3.973568282;1.044052863;846;227;*;14000~135999;0
195;*;*;17~24;3.51035503;1.152366864;1659;676;0.0000~3.5347;75000~135999;0
196;*;*;49~56;2.833333333;0.927536232;520;138;*;14000~135999;0
197;*;*;49~56;4.38996139;1.162162162;866;259;*;14000~135999;0
198;*;*;49~56;4.202185792;1.12568306;612;183;*;14000~135999;0
199;*;*;49~56;3.746031746;1.158730159;415;126;*;14000~135999;0
200;*;*;49~56;4.046948357;1.009389671;994;213;*;14000~135999;0
201;*;*;49~56;4.025157233;1.111111111;1525;477;*;14000~135999;0
202;*;*;41~48;3.242009132;1.077625571;1506;438;0.0000~3.5347;75000~135999;0
203;*;*;49~56;3.866666667;1.011764706;1008;255;*;14000~135999;0
204;*;*;41~48;3.115845539;1.098535286;2813;751;0.0000~3.5347;75000~135999;0
205;*;*;41~48;4.944606414;1.15451895;1481;343;0.0000~3.5347;75000~135999;0
206;*;*;49~56;5.365296804;0.99086758;859;219;*;14000~135999;0
207;*;*;33~40;4.479923518;1.09751434;1608;523;0.0000~3.5347;75000~135999;0
208;*;*;25~32;4.357142857;1.035714286;425;140;0.0000~3.5347;75000~135999;0
209;*;*;33~40;5.054347826;1.081521739;564;184;0.0000~3.5347;75000~135999;0
210;*;*;41~48;5.466911765;1.154411765;961;272;0.0000~3.5347;75000~135999;0
211;*;*;49~56;4.998540146;1.00729927;2273;685;*;136000~196999;0
212;*;*;49~56;3.907692308;0.974358974;600;195;*;14000~135999;0
213;*;*;41~48;4.489563567;1.091081594;1647;527;0.0000~3.5347;75000~135999;0
214;*;*;49~56;4.306603774;1.061320755;1201;424;*;136000~196999;0
215;*;*;33~40;4.626707132;1.078907436;2167;659;*;136000~196999;0
216;*;*;25~32;4.823529412;1.105882353;939;340;0.0000~3.5347;136000~196999;0
217;*;*;41~48;5.284246575;1.051369863;859;292;*;136000~196999;0
218;*;*;33~40;4.581395349;1.079457364;1517;516;*;136000~196999;0
219;*;*;33~40;4.520725389;1.059585492;1143;386;*;136000~196999;0
220;*;*;33~40;4.316810345;1.077586207;1109;464;*;136000~196999;0
221;*;*;33~40;4.524663677;1.002242152;1221;446;*;136000~196999;0
222;*;*;41~48;6.692307692;1.096703297;1115;455;*;258000~318999;0
223;*;*;49~56;5.77238806;1.093283582;706;268;*;197000~257999;0
224;*;*;49~56;4.984419263;1.007082153;1883;706;*;136000~196999;0
225;*;*;41~48;6.088235294;1.041176471;804;340;*;197000~257999;0
226;*;*;41~48;5.242063492;1.043650794;506;252;*;197000~257999;0
227;*;*;41~48;7.117647059;1.088235294;610;238;*;197000~257999;0
228;*;*;41~48;5.837349398;1.027108434;768;332;*;197000~257999;0
229;*;*;49~56;5.260869565;1.059782609;462;184;*;136000~196999;0
230;*;*;33~40;4.510638298;1.089361702;667;235;*;136000~196999;0
231;*;*;41~48;5.115288221;1.015037594;1059;399;*;197000~257999;0
232;*;*;49~56;6.545126354;0.97833935;637;277;*;258000~318999;0
233;*;*;41~48;5.986784141;0.99339207;1106;454;*;197000~257999;0
234;*;*;25~32;4.69955157;1.137518685;1737;669;0.0000~3.5347;136000~196999;0
235;*;*;33~40;4.620512821;1.176923077;1009;390;0.0000~3.5347;75000~135999;0
236;*;*;49~56;4.2;0.928571429;737;210;*;14000~135999;0
237;*;*;41~48;3.301425662;0.920570265;1354;491;0.0000~3.5347;75000~135999;0
238;*;*;41~48;4.462025316;1.124472574;1530;474;*;136000~196999;0
239;*;*;41~48;4.210416667;1.1;1410;480;0.0000~3.5347;75000~135999;0
240;*;*;41~48;3.934973638;0.892794376;1390;569;*;136000~196999;0
241;*;*;49~56;5.49070632;1.115241636;1065;269;*;136000~196999;0
242;*;*;49~56;4.310204082;0.914285714;792;245;*;136000~196999;0
243;*;*;49~56;3.665306122;0.995918367;779;245;*;136000~196999;0
244;*;*;41~48;4.86557377;1.163934426;2269;610;0.0000~3.5347;75000~135999;0
245;*;*;41~48;4.181818182;1.13022113;1227;407;0.0000~3.5347;75000~135999;0
246;*;*;41~48;3.65560166;1.029045643;753;241;0.0000~3.5347;75000~135999;0
247;*;*;33~40;3.659259259;0.844444444;547;135;0.0000~3.5347;75000~135999;0
248;*;*;49~56;4.036363636;1075;1807;440;*;14000~135999;0
249;*;*;41~48;3.38989899;1.038383838;1700;495;0.0000~3.5347;75000~135999;0
250;*;*;49~56;4.165394402;1.178117048;1543;393;*;14000~135999;0
251;*;*;49~56;4.733333333;1.046666667;1085;300;*;14000~135999;0
252;*;*;49~56;4.313868613;1.262773723;353;137;*;14000~135999;0
253;*;*;49~56;5;1.026845638;473;149;*;14000~135999;0
254;*;*;49~56;4.703933747;1.031055901;1621;483;*;14000~135999;0
255;*;*;41~48;3.485875706;1.059322034;1183;354;0.0000~3.5347;75000~135999;0
256;*;*;41~48;3.671480144;1.184115523;836;277;0.0000~3.5347;75000~135999;0
257;*;*;41~48;3.543726236;0.965779468;900;263;0.0000~3.5347;75000~135999;0
258;*;*;33~40;5.00744879;1.111731844;1888;537;0.0000~3.5347;75000~135999;0
259;*;*;41~48;4.536656891;1.217008798;1024;341;0.0000~3.5347;75000~135999;0
260;*;*;49~56;5.437352246;1.047281324;1225;423;*;136000~196999;0
261;*;*;33~40;4.659574468;1.061170213;1071;376;0.0000~3.5347;75000~135999;0
262;*;*;49~56;4.939153439;1.066137566;1128;378;*;14000~135999;0
263;*;*;41~48;5.020661157;1.037190083;1537;484;0.0000~3.5347;75000~135999;0
264;*;*;41~48;4.399491094;1.053435115;1240;393;0.0000~3.5347;75000~135999;0
265;*;*;49~56;6.107142857;1.071428571;469;168;*;136000~196999;0
266;*;*;49~56;5.105882353;1.007058824;1086;425;*;136000~196999;0
267;*;*;49~56;5.585131894;1.067146283;1144;417;*;136000~196999;0
268;*;*;49~56;6.645333333;1.106666667;1109;375;*;136000~196999;0
269;*;*;49~56;5.956639566;1.075880759;984;369;*;136000~196999;0
270;*;*;33~40;3.021276596;0.659574468;575;47;*;197000~257999;0
271;*;*;49~56;5.660287081;0.980861244;496;209;*;136000~196999;0
272;*;*;49~56;5.631578947;1.015789474;555;190;*;136000~196999;0
273;*;*;41~48;5.400611621;1.01529052;869;327;*;136000~196999;0
274;*;*;33~40;5.820754717;0.896226415;236;106;*;197000~257999;0
275;*;*;41~48;6.593457944;1.088785047;626;214;*;197000~257999;0
276;*;*;41~48;6.410334347;1.176291793;922;329;*;197000~257999;0
277;*;*;41~48;4.80078125;0.94921875;582;256;*;197000~257999;0
278;*;*;49~56;4.746268657;1.07960199;546;201;*;136000~196999;0
279;*;*;33~40;6.176691729;0.984962406;620;266;*;319000~379999;0
280;*;*;33~40;6.948717949;1;442;195;*;258000~318999;0
281;*;*;17~24;7.06402439;1.024390244;955;328;3.5348~7.0695;258000~318999;0
282;*;*;17~24;7.589506173;0.978395062;916;324;7.0696~10.6043;*;0
283;*;*;17~24;6.528723945;1.041179461;4985;1967;3.5348~7.0695;319000~379999;0
284;*;*;41~48;5.707865169;0.973782772;651;267;*;136000~196999;0
285;*;*;25~32;4.731152205;1.06116643;1704;703;0.0000~3.5347;75000~135999;0
286;*;*;41~48;4.877149877;1.081081081;1085;407;*;136000~196999;0
287;*;*;49~56;5.781690141;1.133802817;713;284;*;136000~196999;0
288;*;*;49~56;4.933701657;0.977900552;468;181;*;136000~196999;0
289;*;*;49~56;5.396694215;1.05785124;296;121;*;136000~196999;0
290;*;*;41~48;5.76146789;1.995412844;570;218;*;136000~196999;0
291;*;*;41~48;5.427777778;1.077777778;446;180;*;136000~196999;0
292;*;*;41~48;6.052083333;1.033854167;968;384;*;136000~196999;0
293;*;*;33~40;5.009493671;1.10443038;857;316;*;136000~196999;0
294;*;*;33~40;5.00621118;1.062111801;912;322;*;136000~196999;0
295;*;*;25~32;5.362831858;1.17920354;1360;452;0.0000~3.5347;75000~135999;0
296;*;*;41~48;4.490140845;1.033802817;1074;355;0.0000~3.5347;75000~135999;0
297;*;*;41~48;5.544502618;1.081151832;965;382;0.0000~3.5347;75000~135999;0
298;*;*;33~40;4.921875;1.11875;933;320;0.0000~3.5347;75000~135999;0
299;*;*;33~40;4.983050847;1.121468927;987;354;0.0000~3.5347;75000~135999;0
300;*;*;49~56;4.825203252;1.06097561;907;246;*;14000~135999;0
301;*;*;49~56;4.56969697;1.060606061;447;165;*;14000~135999;0
302;*;*;49~56;5.11751663;1.002217295;1299;451;*;14000~135999;0
303;*;*;25~32;5.789808917;1.503184713;396;157;0.0000~3.5347;75000~135999;0
304;*;*;41~48;4.402985075;0.958955224;877;268;0.0000~3.5347;75000~135999;0
305;*;*;41~48;5.498637602;1.111716621;1111;367;0.0000~3.5347;75000~135999;0
306;*;*;49~56;5.085501859;1.048327138;790;269;*;14000~135999;0
307;*;*;49~56;4.953068592;0.987364621;1479;554;*;14000~135999;0
308;*;*;49~56;4.810502283;1.075342466;1173;438;*;14000~135999;0
309;*;*;49~56;4.775956284;0.989071038;1029;366;*;14000~135999;0
310;*;*;49~56;5.782857143;1.117142857;1030;350;*;14000~135999;0
311;*;*;41~48;4;0.928315412;826;279;0.0000~3.5347;75000~135999;0
312;*;*;41~48;4.484581498;1.123348018;1412;454;0.0000~3.5347;75000~135999;0
313;*;*;41~48;5.306590258;1.126074499;1132;349;0.0000~3.5347;75000~135999;0
314;*;*;41~48;5.79245283;1.301886792;522;159;0.0000~3.5347;14000~74999;0
315;*;*;41~48;4.198312236;1.004219409;630;237;0.0000~3.5347;14000~74999;0
316;*;*;33~40;4.556390977;0.992481203;531;133;0.0000~3.5347;14000~74999;0
317;*;*;33~40;4.017991004;1.103448276;1925;667;0.0000~3.5347;75000~135999;0
318;*;*;33~40;4.253561254;1.054131054;1144;351;0.0000~3.5347;75000~135999;0
319;*;*;17~24;4.244230769;1.086538462;1481;520;0.0000~3.5347;75000~135999;0
320;*;*;25~32;5.283950617;1.166666667;435;162;0.0000~3.5347;75000~135999;0
321;*;*;25~32;4.267326733;0.98019802;984;303;0.0000~3.5347;75000~135999;0
322;*;*;33~40;5.327044025;1.333333333;567;159;0.0000~3.5347;75000~135999;0
323;*;*;41~48;4.398373984;1.25203252;380;123;0.0000~3.5347;75000~135999;0
324;*;*;41~48;4.368852459;1.036885246;825;244;0.0000~3.5347;75000~135999;0
325;*;*;41~48;4.561290323;0.948387097;417;155;0.0000~3.5347;75000~135999;0
326;*;*;41~48;5.324041812;1.013937282;801;287;0.0000~3.5347;75000~135999;0
327;*;*;41~48;4.590909091;1.085858586;646;198;0.0000~3.5347;75000~135999;0
328;*;*;41~48;4.880701754;1.028070175;855;285;0.0000~3.5347;75000~135999;0
329;*;*;41~48;4.029411765;875;435;136;0.0000~3.5347;75000~135999;0
330;*;*;41~48;5.223076923;1.120512821;2736;780;0.0000~3.5347;75000~135999;0
331;*;*;41~48;3.896135266;1.074879227;1481;414;0.0000~3.5347;75000~135999;0
332;*;*;41~48;3.379562044;0.97810219;327;137;0.0000~3.5347;75000~135999;0
333;*;*;41~48;4.569832402;1.078212291;494;179;0.0000~3.5347;75000~135999;0
334;*;*;41~48;4.319648094;1.08797654;1231;341;0.0000~3.5347;75000~135999;0
335;*;*;33~40;4.623853211;1.155963303;323;109;0.0000~3.5347;75000~135999;0
336;*;*;41~48;4.56;1.004444444;749;225;0.0000~3.5347;75000~135999;0
337;*;*;41~48;4.320224719;1.028089888;693;178;0.0000~3.5347;75000~135999;0
338;*;*;41~48;5.940677966;1.104519774;1339;354;0.0000~3.5347;75000~135999;0
339;*;*;33~48;4125;0.95;282;80;3.5348~7.0695;14000~135999;0
340;*;*;41~48;4.825641026;1.117948718;621;195;0.0000~3.5347;75000~135999;0
341;*;*;33~40;3.83011583;1.67953668;732;259;0.0000~3.5347;75000~135999;0
342;*;*;41~48;3.807692308;1.003846154;901;260;0.0000~3.5347;75000~135999;0
343;*;*;33~40;7.506666667;1.753333333;482;150;0.0000~3.5347;75000~135999;0
344;*;*;41~48;4.863849765;1.093896714;652;213;0.0000~3.5347;75000~135999;0
345;*;*;33~40;6.307228916;1.289156627;651;166;0.0000~3.5347;75000~135999;0
346;*;*;33~40;4.475524476;1.073426573;999;286;0.0000~3.5347;75000~135999;0
347;*;*;41~48;5.18627451;1.045751634;907;306;0.0000~3.5347;75000~135999;0
348;*;*;41~48;5.465217391;1.17826087;828;230;0.0000~3.5347;75000~135999;0
349;*;*;41~48;4.795275591;0.976377953;763;254;0.0000~3.5347;75000~135999;0
350;*;*;41~48;5.017191977;1.11747851;935;349;0.0000~3.5347;75000~135999;0
351;*;*;41~48;4.75;1.061983471;1437;484;0.0000~3.5347;75000~135999;0
352;*;*;33~40;5.097510373;1.294605809;1516;482;0.0000~3.5347;75000~135999;0
353;*;*;41~48;5.394594595;1.140540541;597;185;0.0000~3.5347;75000~135999;0
354;*;*;33~40;4.926900585;1.002923977;949;342;0.0000~3.5347;75000~135999;0
355;*;*;41~48;6.049668874;1.016556291;881;302;*;136000~196999;0
356;*;*;33~40;5.358381503;1.105973025;1438;519;*;136000~196999;0
357;*;*;33~40;6.751851852;1.059259259;763;270;*;136000~196999;0
358;*;*;25~32;6.278873239;1.028169014;1297;355;3.5348~7.0695;258000~318999;0
359;*;*;33~40;7.170616114;1.09478673;545;211;*;197000~257999;0
360;*;*;25~32;6.127579737;0.92120075;1222;533;3.5348~7.0695;258000~318999;0
361;*;*;33~40;8.260273973;1.191780822;808;219;*;197000~257999;0
362;*;*;25~32;7.28440367;1.018348624;329;109;7.0696~10.6043;*;0
363;*;*;33~40;6.330275229;0.963302752;299;109;*;136000~196999;0
364;*;*;33~40;6.603960396;0.99009901;579;202;*;197000~257999;0
365;*;*;25~32;8.28;1.08;137;50;3.5348~7.0695;258000~318999;0
366;*;*;33~40;8.258064516;1;229;93;*;319000~379999;0
367;*;*;41~48;6.790123457;1.027777778;1476;648;*;197000~257999;0
368;*;*;41~48;6.194805195;1.045454545;429;154;*;136000~196999;0
369;*;*;33~48;5.666666667;1.003921569;849;255;3.5348~7.0695;14000~135999;0
370;*;*;41~48;5.854984894;1.205438066;946;331;0.0000~3.5347;75000~135999;0
371;*;*;41~48;4.481675393;0.931937173;571;191;0.0000~3.5347;75000~135999;0
372;*;*;17~24;4.637305699;1.176165803;1137;386;0.0000~3.5347;75000~135999;0
373;*;*;41~48;4.57037037;0.97037037;378;135;0.0000~3.5347;75000~135999;0
374;*;*;41~48;5.084558824;1.011029412;853;272;0.0000~3.5347;75000~135999;0
375;*;*;49~56;4.69858156;0.982269504;764;282;*;14000~135999;0
376;*;*;33~40;4.701149425;1.126436782;928;261;0.0000~3.5347;75000~135999;0
377;*;*;33~48;5.015037594;1.052631579;406;133;3.5348~7.0695;14000~135999;0
378;*;*;33~40;4.367857143;1.003571429;824;280;0.0000~3.5347;75000~135999;0
379;*;*;33~40;5.324324324;1.108108108;835;259;0.0000~3.5347;75000~135999;0
380;*;*;33~48;5.2;1.016949153;826;295;3.5348~7.0695;14000~135999;0
381;*;*;41~48;4.876777251;0.857819905;567;211;0.0000~3.5347;75000~135999;0
382;*;*;49~56;5.354166667;1.020833333;355;144;*;136000~196999;0
383;*;*;41~48;4.963855422;1.343373494;533;166;0.0000~3.5347;75000~135999;0
384;*;*;41~48;5.102325581;1.111627907;609;215;0.0000~3.5347;75000~135999;0
385;*;*;49~56;5.436440678;1.008474576;576;236;*;258000~318999;0
386;*;*;49~56;5.608391608;0.91958042;594;286;*;258000~318999;0
387;*;*;49~56;5.962864721;1.119363395;870;377;*;197000~257999;0
388;*;*;33~40;4.445972495;1.025540275;1027;509;*;197000~257999;0
389;*;*;49~56;4.819018405;1.070552147;693;326;*;197000~257999;0
390;*;*;41~48;4.053333333;1072;815;375;*;197000~257999;0
391;*;*;9~16;4.435427574;1.057591623;2420;1146;3.5348~7.0695;197000~257999;0
392;*;*;33~40;3.902173913;1.061594203;518;276;*;197000~257999;0
393;*;*;49~56;4.538181818;1.029090909;620;275;*;197000~257999;0
394;*;*;41~48;5.045112782;1.093984962;551;266;*;197000~257999;0
395;*;*;33~40;3.312770563;1.006493506;2556;924;*;319000~379999;0
396;*;*;49~56;4.556034483;1.002873563;1498;696;*;197000~257999;0
397;*;*;49~56;5.334801762;1.149779736;523;227;*;197000~257999;0
398;*;*;49~56;6.39869281;1.14379085;374;153;*;258000~318999;0
399;*;*;49~56;6.115902965;1.02425876;1004;371;*;258000~318999;0
400;*;*;49~56;5.520958084;0.994011976;769;334;*;258000~318999;0
401;*;*;49~56;5.14893617;0.995271868;940;423;*;197000~257999;0
402;*;*;41~48;6.4453125;1.0703125;645;256;*;319000~379999;0
403;*;*;49~56;6.690972222;0.96875;705;288;*;319000~379999;0
404;*;*;49~56;7.56;0.992727273;684;275;*;319000~379999;0
405;*;*;49~56;7.639830508;1.016949153;572;236;*;319000~379999;0
406;*;*;49~56;8.067193676;1.067193676;671;253;*;380000~440999;0
407;*;*;49~56;8.345205479;1.021917808;975;365;*;380000~440999;0
408;*;*;49~56;7.429487179;1.051282051;779;312;*;319000~379999;0
409;*;*;49~56;8.209016393;1.024590164;658;244;*;380000~440999;0
410;*;*;49~56;6.749253731;0.979104478;819;335;*;319000~379999;0
411;*;*;49~56;7.291666667;1.005952381;412;168;*;319000~379999;0
412;*;*;49~56;6.273712737;1.105691057;835;369;*;258000~318999;0
413;*;*;49~56;6.764705882;1.075163399;722;306;*;258000~318999;0
414;*;*;49~56;5.371663244;0.971252567;1085;487;*;258000~318999;0
415;*;*;49~56;7.436619718;1.030985915;973;355;*;319000~379999;0
416;*;*;49~56;7.272058824;1.077205882;723;272;*;319000~379999;0
417;*;*;33~40;6.132596685;0.925414365;903;362;*;319000~379999;0
418;*;*;41~48;6.215469613;1.077348066;356;181;*;319000~379999;0
419;*;*;49~56;6.662337662;1.069264069;1005;462;*;319000~379999;0
420;*;*;49~56;7.353174603;1.053571429;1205;504;*;319000~379999;0
421;*;*;33~40;6.666666667;1.015555556;987;450;*;319000~379999;0
422;*;*;41~48;6.390625;1.026785714;1031;448;*;319000~379999;0
423;*;*;49~56;6.314356436;1.032178218;894;404;*;380000~440999;0
424;*;*;49~56;5.981432361;1.087533156;823;377;*;380000~440999;0
425;*;*;49~56;5.410628019;1.043478261;1232;621;*;258000~318999;0
426;*;*;49~56;4.613079019;1.065395095;669;367;*;258000~318999;0
427;*;*;41~48;4.094545455;1.076363636;989;550;*;258000~318999;0
428;*;*;49~56;5.377155172;1.058189655;1058;464;*;258000~318999;0
429;*;*;49~56;5.763285024;0.966183575;506;207;*;197000~257999;0
430;*;*;49~56;5.376146789;0.986238532;489;218;*;197000~257999;0
431;*;*;49~56;5.56443299;1.092783505;824;388;*;197000~257999;0
432;*;*;41~48;4.978947368;1.031578947;1034;475;*;197000~257999;0
433;*;*;41~48;4.458823529;1.04;920;425;*;136000~196999;0
434;*;*;49~56;4.342105263;1.039473684;841;380;*;136000~196999;0
435;*;*;41~48;3.306569343;1.065693431;749;137;*;136000~196999;0
436;*;*;49~56;4.173469388;0.989795918;208;98;*;136000~196999;0
437;*;*;1~16;5.03;1.18;228;100;0.0000~3.5347;136000~196999;0
438;*;*;49~56;3.8984375;0.9921875;287;128;*;136000~196999;0
439;*;*;49~56;4.5;1.122641509;218;106;*;14000~135999;0
440;*;*;41~48;4.63943662;1.05915493;854;355;*;136000~196999;0
441;*;*;49~56;4.565789474;1.09502924;1695;684;*;136000~196999;0
442;*;*;49~56;5.563953488;1.093023256;403;172;*;197000~257999;0
443;*;*;49~56;4.496183206;1.007633588;288;131;*;197000~257999;0
444;*;*;49~56;3.888675624;1.051823417;963;521;*;136000~196999;0
445;*;*;49~56;3.544573643;1.03875969;1129;516;*;136000~196999;0
446;*;*;49~56;4.387254902;0.970588235;386;204;*;136000~196999;0
447;*;*;49~56;4.701970443;1.024630542;811;406;*;197000~257999;0
448;*;*;41~48;4.477037037;1.031111111;1293;675;*;197000~257999;0
449;*;*;41~48;4.122969838;1.034802784;805;431;*;197000~257999;0
450;*;*;49~56;3.199771689;1.061643836;1372;876;*;258000~318999;0
451;*;*;1~32;3.447058824;1.032941176;862;425;0.0000~3.5347;258000~501999;0
452;*;*;33~40;4.251623377;1.107142857;1152;616;*;258000~318999;0
453;*;*;49~56;4.614457831;1.024096386;483;249;*;319000~379999;0
454;*;*;49~56;4.12390925;1.054101222;1558;573;*;319000~379999;0
455;*;*;49~56;3.386215865;1.088426528;1798;769;*;258000~318999;0
456;*;*;41~48;5.569105691;1.146341463;266;123;*;380000~501999;0
457;*;*;41~48;4.161137441;1.101895735;2184;422;*;319000~379999;0
458;*;*;49~56;2.524109015;0.964360587;2016;477;*;319000~379999;0
459;*;*;49~56;2436;944;1349;250;*;441000~501999;0
460;*;*;49~56;3.105714286;1.06;3337;350;*;136000~196999;0
461;*;*;49~56;2.922023182;1.051633298;1721;949;*;197000~257999;0
462;*;*;33~40;3218;1108;1675;1000;*;197000~257999;0
463;*;*;49~56;3.857142857;1.051428571;707;350;*;197000~257999;0
464;*;*;49~56;4.443804035;1.005763689;1424;694;*;197000~257999;0
465;*;*;49~56;4.962962963;1.031746032;393;189;*;136000~196999;0
466;*;*;49~56;5.348082596;1.041297935;828;339;*;136000~196999;0
467;*;*;49~56;4.22260274;1.02739726;571;292;*;136000~196999;0
468;*;*;41~48;3.561009818;1.058906031;1382;713;*;136000~196999;0
469;*;*;41~48;3.947040498;1.009345794;792;321;*;136000~196999;0
470;*;*;49~56;4.475806452;1.086021505;815;372;*;136000~196999;0
471;*;*;49~56;4.794797688;1.060693642;788;346;*;136000~196999;0
472;*;*;49~56;5.174418605;1.069767442;1145;430;*;136000~196999;0
473;*;*;49~56;4.413854352;1.078152753;1354;563;*;136000~196999;0
474;*;*;49~56;4.564044944;1.011235955;958;445;*;136000~196999;0
475;*;*;49~56;4.822368421;1.098684211;1361;608;*;136000~196999;0
476;*;*;49~56;5.002227171;1.051224944;1005;449;*;136000~196999;0
477;*;*;49~56;4.956521739;1.050724638;924;414;*;136000~196999;0
478;*;*;49~56;5.583798883;1.164804469;780;358;*;136000~196999;0
479;*;*;49~56;4.727987421;1.086477987;1582;636;*;136000~196999;0
480;*;*;41~48;3.897887324;0.968309859;1213;568;*;136000~196999;0
481;*;*;49~56;4.074906367;1.142322097;486;267;*;197000~257999;0
482;*;*;49~56;4.765714286;1.062857143;494;175;*;197000~257999;0
483;*;*;49~56;4.846575342;1.019178082;849;365;*;197000~257999;0
484;*;*;49~56;4.209854015;1.063868613;1127;548;*;197000~257999;0
485;*;*;33~40;2.962686567;1.001148106;3276;1742;*;197000~257999;0
486;*;*;49~56;4.404282116;1.047858942;1493;794;*;197000~257999;0
487;*;*;49~56;5.558173785;1.095729013;1461;679;*;258000~318999;0
488;*;*;49~56;5.36802974;1.12267658;1253;538;*;197000~257999;0
489;*;*;41~48;4.690631808;1.126361656;1656;459;*;380000~501999;0
490;*;*;49~56;6.876237624;0.945544554;514;202;*;441000~501999;0
491;*;*;49~56;5.793220339;1.077966102;719;295;*;441000~501999;0
492;*;*;49~56;3.534521158;0.988864143;878;449;*;319000~379999;0
493;*;*;49~56;7.794392523;1.051401869;517;214;*;441000~501999;0
494;*;*;49~56;7.512096774;0.955645161;1366;496;*;441000~501999;0
495;*;*;49~56;6.861016949;1.123728814;1316;590;*;319000~379999;0
496;*;*;49~56;4.79205298;1.017218543;1508;755;*;258000~318999;0
497;*;*;49~56;5.001226994;1.128834356;1800;815;*;136000~196999;0
498;*;*;41~48;6.371165644;1.226993865;719;326;*;136000~196999;0
499;*;*;49~56;5.015686275;1.176470588;675;255;*;136000~196999;0
500;*;*;49~56;5.438016529;1.173553719;875;363;*;136000~196999;0
501;*;*;49~56;4.350649351;1.077922078;152;77;*;14000~135999;0
502;*;*;41~48;4.310344828;0.962382445;843;319;*;136000~196999;0
503;*;*;49~56;4.621212121;1.098484848;281;132;*;14000~135999;0
504;*;*;41~48;5.024509804;0.970588235;506;204;*;136000~196999;0
505;*;*;41~48;4.427038627;1.038626609;1054;466;0.0000~3.5347;75000~135999;0
506;*;*;33~40;4.52173913;1.012077295;1017;414;0.0000~3.5347;75000~135999;0
507;*;*;49~56;4.062745098;1.062745098;1623;765;*;14000~135999;0
508;*;*;9~16;3.586055583;1.174061433;3100;2051;3.5348~7.0695;136000~196999;0
509;*;*;49~56;8.282548476;1.049861496;947;361;*;441000~501999;0
510;*;*;33~40;7.911111111;0.984126984;808;315;*;441000~501999;0
511;*;*;41~48;8.928358209;1;1018;335;*;380000~501999;0
512;*;*;49~56;9.210227273;1.039772727;1001;352;*;441000~501999;0
513;*;*;49~56;8.268292683;1.032520325;1005;369;*;441000~501999;0
514;*;*;49~56;9.122715405;1.033942559;1192;383;*;441000~501999;0
515;*;*;49~56;7.740088106;1.083700441;585;227;*;441000~501999;0
516;*;*;49~56;7.75;0.987341772;916;316;*;441000~501999;0
517;*;*;49~56;9;1.134078212;556;179;*;441000~501999;0
518;*;*;49~56;7.048076923;0.994230769;1470;520;*;380000~440999;0
519;*;*;49~56;6.216080402;1.012562814;1104;398;*;319000~379999;0
520;*;*;49~56;5.862934363;0.996138996;1242;518;*;258000~318999;0
521;*;*;49~56;7.068535826;1.00623053;805;321;*;319000~379999;0
522;*;*;49~56;8.12345679;1.092592593;378;162;*;319000~379999;0
523;*;*;49~56;5.170403587;1.053811659;481;223;*;197000~257999;0
524;*;*;49~56;4825;1.11875;409;160;*;136000~196999;0
525;*;*;49~56;4.587131367;1.034852547;885;373;*;197000~257999;0
526;*;*;49~56;4.67372134;0.998236332;1468;567;*;197000~257999;0
527;*;*;49~56;4.827906977;1.023255814;482;215;*;197000~257999;0
528;*;*;49~56;5.784090909;1.212121212;825;264;*;197000~257999;0
529;*;*;49~56;5.436708861;0.993670886;429;158;*;197000~257999;0
530;*;*;49~56;4.663461538;1.043269231;528;208;*;197000~257999;0
531;*;*;49~56;4.837962963;1.106481481;496;216;*;136000~196999;0
532;*;*;49~56;5.313207547;1.056603774;718;265;*;197000~257999;0
533;*;*;49~56;4.611320755;0.996226415;630;265;*;197000~257999;0
534;*;*;41~48;4.087412587;0.91958042;723;286;*;197000~257999;0
535;*;*;9~16;4.156378601;1.100823045;959;486;3.5348~7.0695;258000~501999;0
536;*;*;1~32;4.847953216;1.016374269;3668;855;0.0000~3.5347;258000~501999;0
537;*;*;41~48;5.74084507;1.036619718;2037;355;*;197000~257999;0
538;*;*;25~32;4.048703849;0.34171249;3741;1273;0.0000~3.5347;136000~196999;0
539;*;*;41~48;4.136666667;1.03;821;300;0.0000~3.5347;75000~135999;0
540;*;*;49~56;4.23054755;1.04610951;870;347;*;197000~257999;0
541;*;*;25~32;4.137681159;1.110766046;1901;966;3.5348~7.0695;197000~257999;0
542;*;*;17~24;4.333333333;1.150829563;1243;663;3.5348~7.0695;258000~318999;0
543;*;*;49~56;4.547400612;0.935779817;730;327;*;197000~257999;0
544;*;*;49~56;5.585284281;1.170568562;793;299;*;258000~318999;0
545;*;*;49~56;5.188940092;0.894009217;1033;434;*;319000~379999;0
546;*;*;49~56;4.768595041;1.038567493;872;363;*;197000~257999;0
547;*;*;49~56;3.741794311;1.052516411;849;457;*;197000~257999;0
548;*;*;49~56;4.61003861;1.079150579;1121;518;*;197000~257999;0
549;*;*;49~56;4.84494382;1.029213483;872;445;*;197000~257999;0
550;*;*;49~56;5.269360269;1.060606061;637;297;*;319000~379999;0
551;*;*;49~56;5.011764706;1.091176471;663;340;*;258000~318999;0
552;*;*;49~56;7.034883721;0.976744186;411;172;*;380000~440999;0
553;*;*;49~56;5.07748184;1.075060533;915;413;*;197000~257999;0
554;*;*;49~56;3.874213836;1.004192872;921;477;*;197000~257999;0
555;*;*;41~48;3.590225564;1.067669173;585;266;*;136000~196999;0
556;*;*;41~48;4.111111111;1.054131054;2086;1053;*;197000~257999;0
557;*;*;49~56;5.628037383;1.013084112;1303;535;*;258000~318999;0
558;*;*;49~56;5.960227273;1.051136364;374;176;*;197000~257999;0
559;*;*;49~56;5.305084746;1.093220339;979;472;*;197000~257999;0
560;*;*;49~56;4.139013453;1.056053812;827;446;*;197000~257999;0
561;*;*;49~56;6.739130435;0.972332016;658;253;*;258000~318999;0
562;*;*;49~56;5.753731343;1.078358209;654;268;*;197000~257999;0
563;*;*;41~48;6.102739726;2.979452055;384;146;*;197000~257999;0
564;*;*;25~32;5.08281054;0.944792974;1499;797;3.5348~7.0695;258000~318999;0
565;*;*;49~56;5.068965517;1.11302682;1128;522;*;258000~318999;0
566;*;*;49~56;4.93495935;1.067073171;1110;492;*;197000~257999;0
567;*;*;49~56;6.185542169;1.05060241;1119;415;*;197000~257999;0
568;*;*;17~24;5.693117409;1.011336032;2930;1235;3.5348~7.0695;197000~257999;0
569;*;*;25~32;4.907692308;0.935897436;897;390;3.5348~7.0695;197000~257999;0
570;*;*;1~16;6.855776306;1.061442237;7427;2718;7.0696~10.6043;*;0
571;*;*;25~32;4.40929878;1.051067073;2973;1312;0.0000~3.5347;197000~257999;0
572;*;*;49~56;4.550632911;1.025316456;1340;632;*;197000~257999;0
573;*;*;25~32;4.655660377;1.047169811;2974;1484;3.5348~7.0695;319000~379999;0
574;*;*;17~24;4.93397046;1.103388358;2690;1151;3.5348~7.0695;258000~318999;0
575;*;*;17~24;3.54601227;1.119631902;583;326;0.0000~3.5347;75000~135999;0
576;*;*;1~16;7.13303438;1.018933732;5781;2007;7.0696~10.6043;*;0
577;*;*;1~8;7.0234375;0.912109375;1738;512;3.5348~7.0695;258000~501999;0
578;*;*;33~40;6.693761815;1.077504726;1478;529;*;197000~257999;0
579;*;*;33~40;6.696296296;1.118518519;746;270;*;197000~257999;0
580;*;*;33~40;6.327472527;1.054945055;1235;455;*;197000~257999;0
581;*;*;25~32;6.619834711;0.98553719;1411;484;3.5348~7.0695;258000~318999;0
582;*;*;25~32;7.420345489;1.019193858;1368;521;3.5348~7.0695;319000~379999;0
583;*;*;25~32;6.746594005;1.002724796;1048;367;3.5348~7.0695;258000~318999;0
584;*;*;33~40;6.057534247;0.95890411;1004;365;*;197000~257999;0
585;*;*;33~40;7.25613079;1.054495913;1086;367;*;258000~318999;0
586;*;*;25~32;7.425714286;1.045714286;922;350;3.5348~7.0695;319000~379999;0
587;*;*;33~40;5.578754579;1.006105006;1950;819;*;197000~257999;0
588;*;*;25~32;4.996638655;1.045378151;1413;595;3.5348~7.0695;197000~257999;0
589;*;*;25~32;5.48415493;1.100352113;1444;568;3.5348~7.0695;136000~196999;0
590;*;*;25~32;6.851301115;1.048327138;749;269;3.5348~7.0695;197000~257999;0
591;*;*;25~32;6.240121581;1.021276596;867;329;3.5348~7.0695;197000~257999;0
592;*;*;25~32;6.512077295;1.036714976;2723;1035;3.5348~7.0695;197000~257999;0
593;*;*;25~32;6.657794677;1.022813688;731;263;3.5348~7.0695;258000~318999;0
594;*;*;33~40;5.524916944;0.980066445;781;301;*;197000~257999;0
595;*;*;33~40;5.699386503;1.007668712;1784;652;*;197000~257999;0
596;*;*;25~32;6.629268293;1.090243902;1156;410;3.5348~7.0695;258000~318999;0
597;*;*;33~40;5.126353791;0.981949458;645;277;*;197000~257999;0
598;*;*;33~40;6.00952381;0.984126984;821;315;*;197000~257999;0
599;*;*;33~40;5.072727273;1.025974026;1912;770;*;197000~257999;0
600;*;*;25~32;4.899135447;1.060518732;1487;694;0.0000~3.5347;197000~257999;0
601;*;*;25~32;4.791549296;1.067605634;1645;710;0.0000~3.5347;197000~257999;0
602;*;*;33~40;4.19885823;1.053282588;2239;1051;*;197000~257999;0
603;*;*;25~32;4.173913043;1.119565217;1021;552;0.0000~3.5347;197000~257999;0
604;*;*;33~40;5.032119914;1.068522484;1105;467;*;136000~196999;0
605;*;*;25~32;4.566795367;1.010810811;2999;1295;0.0000~3.5347;136000~196999;0
606;*;*;41~48;5.545774648;1.14084507;740;284;*;136000~196999;0
607;*;*;41~48;5.795081967;1.12295082;629;244;*;136000~196999;0
608;*;*;33~40;4.136585366;0.985365854;314;205;*;136000~196999;0
609;*;*;1~16;4.567365269;1.025449102;1479;668;0.0000~3.5347;197000~257999;0
610;*;*;17~24;5.37;1.02125;1732;800;3.5348~7.0695;136000~196999;0
611;*;*;49~56;5.269090909;1.012727273;1338;550;*;136000~196999;0
612;*;*;49~56;5.578125;1.046875;440;192;*;197000~257999;0
613;*;*;49~56;6.664122137;1.025445293;922;393;*;197000~257999;0
614;*;*;49~56;5.1875;1.097222222;611;288;*;136000~196999;0
615;*;*;49~56;5.485436893;1.009708738;994;412;*;197000~257999;0
616;*;*;49~56;6.060869565;0.969565217;545;230;*;197000~257999;0
617;*;*;49~56;7.188811189;0.902097902;317;143;*;258000~318999;0
618;*;*;41~48;5.105978261;1.112771739;1573;736;*;197000~257999;0
619;*;*;41~48;4.972413793;1.08045977;925;435;*;136000~196999;0
620;*;*;49~56;4.412987013;1.05974026;768;385;*;136000~196999;0
621;*;*;49~56;5.325342466;0.989726027;620;292;*;136000~196999;0
622;*;*;49~56;5.381642512;0.995169082;425;207;*;136000~196999;0
623;*;*;41~48;4.91147541;1.026229508;1003;305;*;136000~196999;0
624;*;*;41~48;5.377777778;1.088888889;519;135;*;136000~196999;0
625;*;*;33~40;4.494949495;1.01010101;481;198;*;136000~196999;0
626;*;*;33~40;5.08477842;1.026974952;1209;519;*;197000~257999;0
627;*;*;33~40;4.88;1.055238095;1398;525;*;136000~196999;0
628;*;*;33~40;6.224137931;1.189655172;158;58;*;258000~318999;0
629;*;*;41~48;4.530120482;0.99246988;1817;664;*;136000~196999;0
630;*;*;41~48;4.737024221;0.982698962;766;289;*;136000~196999;0
631;*;*;1~8;5.158536585;1.213414634;814;328;3.5348~7.0695;136000~196999;0
632;*;*;33~40;4.213389121;1.025104603;618;239;*;136000~196999;0
633;*;*;41~48;4.794676806;1.031685678;2139;789;*;136000~196999;0
634;*;*;33~40;5.956521739;0.956521739;632;253;*;136000~196999;0
635;*;*;33~40;4.970149254;0.985074627;366;134;*;136000~196999;0
636;*;*;1~16;4.595876289;1.239175258;877;485;0.0000~3.5347;136000~196999;0
637;*;*;25~32;3.865619546;1.02443281;830;573;0.0000~3.5347;136000~196999;0
638;*;*;25~32;4.263852243;0.981530343;739;379;0.0000~3.5347;197000~257999;0
639;*;*;41~48;4.473684211;0.943609023;540;266;*;197000~257999;0
640;*;*;25~32;4.333679834;1.088357588;2024;962;0.0000~3.5347;136000~196999;0
641;*;*;49~56;6.05988024;0.958083832;823;334;*;258000~318999;0
642;*;*;33~40;4.88101983;1.116147309;711;353;*;197000~257999;0
643;*;*;41~48;6.152173913;1.059782609;931;368;*;197000~257999;0
644;*;*;33~40;7.392592593;0.992592593;686;270;*;319000~379999;0
645;*;*;25~32;7.20906801;0.992443325;1030;397;7.0696~10.6043;*;0
646;*;*;33~40;5.568877551;0.977040816;976;392;*;197000~257999;0
647;*;*;33~40;4.938095238;0.985714286;552;210;*;136000~196999;0
648;*;*;25~32;6.631578947;0.894736842;340;171;3.5348~7.0695;319000~379999;0
649;*;*;33~40;5.954545455;1;288;132;*;197000~257999;0
650;*;*;41~48;5.633064516;1.02016129;555;248;*;197000~257999;0
651;*;*;41~48;5.213963964;1.015765766;1006;444;*;136000~196999;0
652;*;*;41~48;4.661849711;0.979768786;776;346;*;136000~196999;0
653;*;*;41~48;5.262962963;1.103703704;609;270;*;136000~196999;0
654;*;*;17~24;4.273668639;1.128698225;2441;1352;0.0000~3.5347;197000~257999;0
655;*;*;25~32;3.921419518;1.097591888;1364;789;0.0000~3.5347;136000~196999;0
656;*;*;17~24;3.740421456;0.964559387;2197;1044;3.5348~7.0695;136000~196999;0
657;*;*;41~48;5.599264706;1.023897059;1333;544;*;136000~196999;0
658;*;*;17~24;5.001422475;1.009957326;1810;703;3.5348~7.0695;197000~257999;0
659;*;*;33~40;5.453551913;0.972677596;531;183;*;136000~196999;0
660;*;*;33~40;5.609195402;0.9348659;672;261;*;136000~196999;0
661;*;*;17~24;4.433333333;0.884848485;695;330;3.5348~7.0695;136000~196999;0
662;*;*;17~24;4.132264529;1.056112224;2162;998;0.0000~3.5347;197000~257999;0
663;*;*;1~32;3.701399689;1.195956454;1216;643;0.0000~3.5347;258000~501999;0
664;*;*;33~40;5.29707113;0.953974895;606;239;*;136000~196999;0
665;*;*;33~40;5.907651715;1.031662269;1203;379;*;136000~196999;0
666;*;*;33~40;5.219269103;1.053156146;874;301;*;136000~196999;0
667;*;*;33~40;5.612612613;0.995495495;637;222;*;136000~196999;0
668;*;*;33~40;5.438405797;1.039855072;703;276;*;197000~257999;0
669;*;*;33~40;6.410480349;1.100436681;733;229;*;136000~196999;0
670;*;*;33~40;4.903508772;0.960526316;625;228;*;136000~196999;0
671;*;*;33~40;4.875555556;0.924444444;568;225;*;136000~196999;0
672;*;*;33~40;5.52733119;0.974276527;836;311;*;136000~196999;0
673;*;*;17~24;4.848066298;1.008287293;952;362;3.5348~7.0695;197000~257999;0
674;*;*;9~16;4.792613636;0.988636364;568;352;0.0000~3.5347;75000~135999;0
675;*;*;17~24;6.180327869;1.068306011;1125;366;3.5348~7.0695;197000~257999;0
676;*;*;1~8;5.204488778;1.014962594;840;401;3.5348~7.0695;136000~196999;0
677;*;*;33~40;5.229681979;0.982332155;796;283;*;197000~257999;0
678;*;*;33~40;5.786516854;1.02247191;863;267;*;136000~196999;0
679;*;*;33~40;5.41563786;0.919753086;1349;486;*;197000~257999;0
680;*;*;25~32;5.903394256;1.156657963;929;383;3.5348~7.0695;197000~257999;0
681;*;*;33~40;4.985074627;0.919402985;957;335;*;136000~196999;0
682;*;*;33~40;3.857657658;0.963963964;1093;555;*;136000~196999;0
683;*;*;25~32;5.49752883;1.009884679;1489;607;3.5348~7.0695;197000~257999;0
684;*;*;25~32;5.070063694;1.140127389;1561;628;0.0000~3.5347;136000~196999;0
685;*;*;41~48;4.826804124;1.030927835;1256;485;*;136000~196999;0
686;*;*;25~32;4.290322581;0.964157706;695;279;0.0000~3.5347;136000~196999;0
687;*;*;33~40;4.772151899;1.172995781;560;237;*;136000~196999;0
688;*;*;33~40;4.027681661;0.982698962;632;289;*;136000~196999;0
689;*;*;41~48;4.66;1.049333333;1849;750;*;136000~196999;0
690;*;*;17~24;4.624535316;1.146840149;1287;538;0.0000~3.5347;136000~196999;0
691;*;*;33~40;5.001865672;0.947761194;1580;536;*;136000~196999;0
692;*;*;17~24;4.309153713;1.09671848;1571;579;0.0000~3.5347;136000~196999;0
693;*;*;17~24;3.812641084;1.040632054;828;443;0.0000~3.5347;136000~196999;0
694;*;*;25~32;3.840236686;0.905325444;835;338;0.0000~3.5347;136000~196999;0
695;*;*;17~24;3.71961326;1.089779006;1765;724;0.0000~3.5347;136000~196999;0
696;*;*;41~48;4.633540373;2.701863354;387;161;*;136000~196999;0
697;*;*;33~40;3.954692557;1.053398058;1562;618;*;136000~196999;0
698;*;*;41~48;4.763754045;1.003236246;768;309;*;136000~196999;0
699;*;*;1~16;4.718220339;1.186440678;1140;472;0.0000~3.5347;136000~196999;0
700;*;*;17~24;6.451612903;0.806451613;83;31;3.5348~7.0695;319000~379999;0
701;*;*;25~32;7.502923977;1.134502924;485;171;3.5348~7.0695;380000~501999;1
702;*;*;1~8;4.267015707;1.029668412;1189;573;3.5348~7.0695;258000~501999;0
703;*;*;17~24;5.248995984;0.947791165;586;249;3.5348~7.0695;197000~257999;0
704;*;*;1~16;4.779040404;1.181818182;2240;792;0.0000~3.5347;136000~196999;0
705;*;*;9~16;5.769886364;1.014204545;867;352;3.5348~7.0695;258000~501999;0
706;*;*;9~16;6.443322981;1.029503106;3827;1288;3.5348~7.0695;258000~501999;0
707;*;*;17~24;5.809891808;0.988408037;3827;1294;3.5348~7.0695;197000~257999;0
708;*;*;33~40;4.211136891;0.988399072;1280;431;*;197000~257999;0
709;*;*;25~32;5.126074499;1.152817574;2667;1047;0.0000~3.5347;136000~196999;0
710;*;*;1~32;8.518248175;2.700729927;253;137;0.0000~3.5347;258000~501999;0
711;*;*;25~32;4.294892916;1.123558484;1401;607;0.0000~3.5347;136000~196999;0
712;*;*;25~32;3.243421053;1.105263158;233;152;0.0000~3.5347;136000~196999;0
713;*;*;41~48;4.064935065;0.99025974;673;308;*;136000~196999;0
714;*;*;41~48;4.401273885;1.124203822;704;314;*;197000~257999;0
715;*;*;41~48;4.166666667;0.916666667;273;120;*;136000~196999;0
716;*;*;25~32;4.32037037;0.996296296;1120;540;0.0000~3.5347;197000~257999;0
717;*;*;41~48;3.927194861;0.99143469;1105;467;*;136000~196999;0
718;*;*;41~48;4.829351536;1.187713311;569;293;*;136000~196999;0
719;*;*;33~40;4.172839506;1.055555556;691;324;*;136000~196999;0
720;*;*;33~40;4.723214286;1.122767857;1109;448;*;136000~196999;0
721;*;*;33~40;4.249462366;1.034408602;1197;465;*;136000~196999;0
722;*;*;33~40;4.4475;1.0325;1061;400;*;136000~196999;0
723;*;*;33~40;4.052048726;0.993355482;2479;903;*;136000~196999;0
724;*;*;25~32;4.863753213;1.100257069;1162;389;0.0000~3.5347;136000~196999;0
725;*;*;33~40;4.370535714;1.080357143;1146;448;*;136000~196999;0
726;*;*;33~40;5.816479401;0.947565543;724;267;*;136000~196999;0
727;*;*;33~40;6432;1.050666667;975;375;*;136000~196999;0
728;*;*;33~40;5.702702703;1.051351351;952;370;*;136000~196999;0
729;*;*;41~48;5.461152882;1.005012531;1159;399;*;136000~196999;0
730;*;*;41~48;5.822274882;1.05450237;1129;422;*;136000~196999;0
731;*;*;41~48;5.354114713;0.995012469;1175;401;*;136000~196999;0
732;*;*;41~48;5.109756098;1.036585366;924;328;*;136000~196999;0
733;*;*;33~40;5.531598513;0.962825279;1424;538;*;197000~257999;0
734;*;*;33~40;6072;1066;1366;500;*;136000~196999;0
735;*;*;33~40;6.338461538;1.020512821;1171;390;*;197000~257999;0
736;*;*;33~40;6.119341564;1.024691358;641;243;*;136000~196999;0
737;*;*;33~40;6.060240964;1.045180723;880;332;*;136000~196999;0
738;*;*;33~40;6;0.780969479;1635;557;*;136000~196999;0
739;*;*;33~40;5.812154696;0.983425414;1495;543;*;136000~196999;0
740;*;*;33~40;5.514195584;1.003154574;914;317;*;136000~196999;0
741;*;*;33~40;4.94092219;0.981268012;1798;694;*;136000~196999;0
742;*;*;41~48;5.401503759;1.057142857;1625;665;*;136000~196999;0
743;*;*;33~40;4.620535714;1.102678571;599;224;*;136000~196999;0
744;*;*;25~32;4.307254623;1.153627312;2037;703;0.0000~3.5347;136000~196999;0
745;*;*;33~40;4.031509121;1.086235489;1854;603;*;136000~196999;0
746;*;*;33~40;4.328451883;1.046025105;1408;478;*;136000~196999;0
747;*;*;33~40;4.944649446;1.15498155;766;271;0.0000~3.5347;75000~135999;0
748;*;*;33~40;4.233576642;0.945255474;725;274;*;136000~196999;0
749;*;*;25~32;5.926470588;0.935294118;1019;340;3.5348~7.0695;197000~257999;0
750;*;*;17~24;5.224764468;1.098250336;1830;743;3.5348~7.0695;136000~196999;0
751;*;*;25~32;5.258116883;1.089285714;1469;616;0.0000~3.5347;197000~257999;0
752;*;*;25~32;4.698717949;1.184294872;1198;624;0.0000~3.5347;197000~257999;0
753;*;*;33~40;5.340101523;1.038071066;1039;394;*;136000~196999;0
754;*;*;25~32;7;1.037190083;690;242;3.5348~7.0695;197000~257999;0
755;*;*;17~24;7.228915663;1.009638554;1155;415;3.5348~7.0695;319000~379999;0
756;*;*;17~24;6.299479167;0.90625;1066;384;3.5348~7.0695;319000~379999;0
757;*;*;25~32;3.884156729;1.039182283;1255;587;0.0000~3.5347;136000~196999;0
758;*;*;17~24;4.828214971;1.120921305;2461;1042;3.5348~7.0695;136000~196999;0
759;*;*;33~40;4.345505618;1.04494382;1063;356;*;136000~196999;0
760;*;*;25~32;4.459459459;1.067567568;2181;740;0.0000~3.5347;136000~196999;0
761;*;*;17~24;3.862971517;1.107775212;3069;1299;0.0000~3.5347;136000~196999;0
762;*;*;33~40;4.847593583;1.050802139;1093;374;*;136000~196999;0
763;*;*;33~40;4.56979405;0.99771167;1349;437;*;136000~196999;0
764;*;*;33~40;4.373786408;0.927184466;599;206;*;136000~196999;0
765;*;*;33~40;4.604026846;0.953020134;480;149;*;136000~196999;0
766;*;*;33~40;4.361607143;1.035714286;1293;448;*;136000~196999;0
767;*;*;25~32;4.148264984;1.138801262;1414;634;0.0000~3.5347;136000~196999;0
768;*;*;33~40;6.141304348;1.043478261;543;184;*;136000~196999;0
769;*;*;33~40;6.103092784;1.030927835;572;194;*;136000~196999;0
770;*;*;33~40;5.857142857;1.026785714;342;112;*;197000~257999;0
771;*;*;25~32;4.218905473;1.066334992;2332;603;0.0000~3.5347;136000~196999;0
772;*;*;33~40;5.576923077;0.961538462;768;234;*;136000~196999;0
773;*;*;33~40;5.869565217;1.056856187;913;299;*;136000~196999;0
774;*;*;33~40;4.421461897;1.01399689;1726;643;*;136000~196999;0
775;*;*;25~32;5.065868263;0.986027944;1185;501;3.5348~7.0695;136000~196999;0
776;*;*;25~32;6.417266187;1.118705036;735;278;3.5348~7.0695;197000~257999;0
777;*;*;25~32;5.63322884;1.02507837;796;319;3.5348~7.0695;197000~257999;0
778;*;*;33~40;5;0.926829268;252;82;*;136000~196999;0
779;*;*;25~32;6.48;1.08;86;25;0.0000~3.5347;136000~196999;0
780;*;*;17~24;5.119732785;1.043679342;5613;1946;3.5348~7.0695;136000~196999;0
781;*;*;33~40;5.055674518;0.980728051;1727;467;*;136000~196999;0
782;*;*;17~24;4.710382514;0.912568306;407;183;3.5348~7.0695;136000~196999;0
783;*;*;1~32;5.90599455;1.100817439;2041;734;0.0000~3.5347;258000~501999;0
784;*;*;25~32;4.940199336;0.930232558;854;301;3.5348~7.0695;197000~257999;0
785;*;*;1~8;4.815013405;1.138069705;1907;746;3.5348~7.0695;197000~257999;0
786;*;*;33~40;5.61038961;1.324675325;264;77;*;197000~257999;0
787;*;*;33~40;5.851405622;0.97188755;735;249;*;136000~196999;0
788;*;*;25~32;5.404109589;0.97260274;836;292;3.5348~7.0695;136000~196999;0
789;*;*;25~32;5.323529412;1.066176471;1377;408;3.5348~7.0695;136000~196999;0
790;*;*;33~40;5.403225806;0.987903226;789;248;*;136000~196999;0
791;*;*;33~40;4.938053097;0.880530973;662;226;*;136000~196999;0
792;*;*;33~40;6.955719557;1.132841328;853;271;*;136000~196999;0
793;*;*;33~40;5.9;1.06;664;200;*;136000~196999;0
794;*;*;25~32;4.732255166;1.125786164;4065;1113;0.0000~3.5347;136000~196999;0
795;*;*;17~24;4.538277512;1.052631579;1109;418;0.0000~3.5347;136000~196999;0
796;*;*;25~32;4.145945946;0.924324324;548;185;3.5348~7.0695;136000~196999;0
797;*;*;33~40;4.637583893;0.852348993;431;149;*;136000~196999;0
798;*;*;33~40;4.9125;0.83125;463;160;*;136000~196999;0
799;*;*;17~24;4.006151743;1.036226931;5436;1463;0.0000~3.5347;75000~135999;0
800;*;*;25~32;4.017316017;1.043290043;2028;693;0.0000~3.5347;136000~196999;0
801;*;*;25~32;5.248259861;0.997679814;2426;862;3.5348~7.0695;136000~196999;0
802;*;*;33~40;5.205673759;1.078014184;1038;282;*;136000~196999;0
803;*;*;17~24;3.848837209;1.046511628;857;430;3.5348~7.0695;319000~379999;0
804;*;*;33~40;4.216494845;0.982817869;848;291;*;136000~196999;0
805;*;*;33~40;5.272727273;1.145454545;729;220;*;136000~196999;0
806;*;*;33~40;5.987421384;1.081761006;369;159;*;197000~257999;0
807;*;*;33~40;5.92;1.005714286;1001;350;*;197000~257999;0
808;*;*;25~32;5.624288425;1.037950664;1472;527;3.5348~7.0695;197000~257999;0
809;*;*;33~40;5.863636364;0.982954545;453;176;*;197000~257999;0
810;*;*;33~40;4.902985075;0.880597015;328;134;*;197000~257999;0
811;*;*;25~32;5.099337748;1.072847682;793;302;0.0000~3.5347;136000~196999;0
812;*;*;33~40;6.362745098;1.156862745;632;204;*;197000~257999;0
813;*;*;33~40;5.014234875;0.964412811;1002;281;*;136000~196999;0
814;*;*;33~40;5.738589212;1.074688797;808;241;*;136000~196999;0
815;*;*;33~40;5.353488372;1.004651163;727;215;*;136000~196999;0
816;*;*;33~40;4.859459459;0.967567568;455;185;*;136000~196999;0
817;*;*;33~40;5.182080925;1.052023121;1534;346;*;136000~196999;0
818;*;*;17~24;4.518181818;0.941818182;1139;550;0.0000~3.5347;136000~196999;0
819;*;*;33~40;5.729970326;1.115727003;1175;337;*;136000~196999;0
820;*;*;17~24;5.141280353;1.026490066;1401;453;3.5348~7.0695;136000~196999;0
821;*;*;9~16;5.206361521;1.065942591;3388;1289;3.5348~7.0695;197000~257999;0
822;*;*;17~24;5.326923077;0.978021978;841;364;0.0000~3.5347;136000~196999;0
823;*;*;1~16;4.678062678;0.985754986;705;351;0.0000~3.5347;136000~196999;0
824;*;*;33~40;5.222580645;0.94516129;1148;310;*;136000~196999;0
825;*;*;33~40;4.831775701;1.009345794;391;107;*;136000~196999;0
826;*;*;33~40;6.305220884;1.100401606;992;249;*;136000~196999;0
827;*;*;33~40;4.991769547;0.909465021;790;243;*;136000~196999;0
828;*;*;25~32;5.833865815;0.987220447;1016;313;3.5348~7.0695;197000~257999;0
829;*;*;25~32;5.724050633;1.121518987;1039;395;3.5348~7.0695;197000~257999;0
830;*;*;9~16;5.214793741;1.011379801;2341;703;3.5348~7.0695;197000~257999;1
831;*;*;33~40;4.831360947;1.020710059;1382;338;*;136000~196999;0
832;*;*;25~32;4.931350114;1.194508009;1858;437;0.0000~3.5347;136000~196999;0
833;*;*;25~32;4.316666667;0.933333333;1156;300;0.0000~3.5347;136000~196999;0
834;*;*;25~32;3.948170732;0.899390244;1097;328;0.0000~3.5347;136000~196999;0
835;*;*;33~40;5.664179104;1.126865672;831;268;*;136000~196999;0
836;*;*;17~24;5.504983389;1.059800664;1873;602;3.5348~7.0695;197000~257999;0
837;*;*;17~24;5.854085603;0.96692607;1640;514;3.5348~7.0695;197000~257999;0
838;*;*;1~8;6.016166282;1.094688222;1568;433;3.5348~7.0695;258000~501999;0
839;*;*;17~24;6.314565483;1.018359853;3174;817;3.5348~7.0695;197000~257999;0
840;*;*;17~24;5.567741935;0.890322581;1186;310;3.5348~7.0695;197000~257999;0
841;*;*;9~16;5.115492958;1.028169014;1367;355;3.5348~7.0695;136000~196999;0
842;*;*;9~16;4.882575758;1.043560606;1680;528;3.5348~7.0695;197000~257999;0
843;*;*;9~16;6.282926829;1.019512195;1657;410;3.5348~7.0695;197000~257999;0
844;*;*;9~16;6.157303371;0.940074906;1033;267;3.5348~7.0695;197000~257999;0
845;*;*;9~16;5.992537313;0.895522388;1117;268;3.5348~7.0695;197000~257999;0
846;*;*;9~16;6.862704918;1.114754098;2003;488;3.5348~7.0695;197000~257999;0
847;*;*;9~16;5.321592649;1.050535988;2568;653;3.5348~7.0695;136000~196999;0
848;*;*;9~16;5.502906977;0.98255814;1461;344;3.5348~7.0695;197000~257999;0
849;*;*;9~16;6.326007326;1.106227106;1116;273;3.5348~7.0695;197000~257999;0
850;*;*;9~16;4.900313972;0.999215071;3163;1274;3.5348~7.0695;197000~257999;0
851;*;*;17~24;5.33933162;0.984575835;1488;389;3.5348~7.0695;197000~257999;0
852;*;*;17~24;3.652037618;1.043887147;855;319;3.5348~7.0695;197000~257999;0
853;*;*;9~16;5.3500612;1.088127295;2530;817;3.5348~7.0695;197000~257999;0
854;*;*;1~16;5.624161074;1.979865772;240;149;0.0000~3.5347;197000~257999;0
855;*;*;1~16;4.192307692;1.043956044;2097;728;0.0000~3.5347;136000~196999;0
856;*;*;17~24;5.981969487;0.99445215;2629;721;3.5348~7.0695;197000~257999;0
857;*;*;33~40;4.184782609;1.02173913;295;92;*;136000~196999;0
858;*;*;9~16;4.850318471;1.079617834;2056;628;3.5348~7.0695;136000~196999;0
859;*;*;17~24;5.503168568;0.992395437;2172;789;3.5348~7.0695;197000~257999;1
860;*;*;9~16;6.395348837;1.067978533;1777;559;3.5348~7.0695;258000~501999;1
861;*;*;17~24;4.231794872;1.057435897;2079;975;3.5348~7.0695;197000~257999;1
862;*;*;25~32;5.934020619;0.98556701;1276;485;3.5348~7.0695;258000~318999;1
863;*;*;1~8;6.402616279;1.042151163;2071;688;3.5348~7.0695;258000~501999;1
864;*;*;9~16;5.689848964;1.051282051;8117;2847;3.5348~7.0695;258000~501999;0
865;*;*;9~16;5.724098235;1.039140445;8012;2606;3.5348~7.0695;258000~501999;0
866;*;*;9~16;5.410596026;1.006622517;3436;1057;3.5348~7.0695;197000~257999;0
867;*;*;1~8;6.270485859;1.020304569;5019;1379;3.5348~7.0695;258000~501999;0
868;*;*;9~16;6.017804154;1.020771513;4576;1348;3.5348~7.0695;197000~257999;0
869;*;*;1~8;5.925431274;1.011686144;6075;1797;3.5348~7.0695;258000~501999;0
870;*;*;1~8;4.693877551;1.269387755;648;245;3.5348~7.0695;258000~501999;1
871;*;*;1~8;5.090446785;1.039229931;7205;2753;3.5348~7.0695;258000~501999;0
872;*;*;17~24;5.225572979;1.033775633;2461;829;3.5348~7.0695;197000~257999;0
873;*;*;33~40;5.430379747;0.987341772;914;316;*;197000~257999;0
874;*;*;25~32;5.390692641;1.043290043;2841;924;3.5348~7.0695;197000~257999;0
875;*;*;17~24;5.663313213;1.000670691;4446;1491;3.5348~7.0695;197000~257999;0
876;*;*;1~8;4.114130435;1.057065217;1531;736;3.5348~7.0695;136000~196999;0
877;*;*;25~32;4.177777778;1.074747475;1434;495;0.0000~3.5347;197000~257999;0
878;*;*;33~40;4.962546816;1.026217228;909;267;*;136000~196999;0
879;*;*;17~24;5.115768463;0.968063872;1174;501;3.5348~7.0695;197000~257999;0
880;*;*;17~24;5.669412976;1.035015448;2641;971;3.5348~7.0695;258000~318999;1
881;*;*;17~24;5.232388664;1.047773279;3288;1235;3.5348~7.0695;197000~257999;1
882;*;*;1~8;4.470167064;1.1849642;1606;838;3.5348~7.0695;136000~196999;1
883;*;*;9~16;5.032731377;1.028781038;4518;1772;3.5348~7.0695;197000~257999;1
884;*;*;25~32;6.052795031;1.068322981;986;322;3.5348~7.0695;136000~196999;1
885;*;*;17~24;4.165820643;1.05499154;3080;1182;0.0000~3.5347;136000~196999;1
886;*;*;17~24;3.833457804;1.026885736;3386;1339;0.0000~3.5347;197000~257999;1
887;*;*;1~16;3.492905938;1.102469785;4649;1903;0.0000~3.5347;197000~257999;1
888;*;*;1~16;7.946778711;1.047619048;2412;714;7.0696~10.6043;*;1
889;*;*;17~24;7.030921053;1.013157895;4552;1520;3.5348~7.0695;319000~379999;1
890;*;*;25~32;6.154545455;0.872727273;596;220;3.5348~7.0695;319000~379999;1
891;*;*;25~32;6.905204461;0.977695167;1631;538;3.5348~7.0695;258000~318999;1
892;*;*;33~40;6.891447368;1125;941;304;*;258000~318999;1
893;*;*;25~32;6.011965812;1.102564103;1724;585;3.5348~7.0695;197000~257999;1
894;*;*;25~32;6.187804878;0.931707317;1067;410;3.5348~7.0695;319000~379999;1
895;*;*;9~16;4.608303249;1.089350181;2738;1108;3.5348~7.0695;197000~257999;1
896;*;*;17~24;4.50203252;0.965447154;1278;492;3.5348~7.0695;197000~257999;1
897;*;*;25~32;5.411009174;0.970642202;1538;545;3.5348~7.0695;197000~257999;1
898;*;*;17~24;4.052901024;1.112627986;1252;586;0.0000~3.5347;197000~257999;1
899;*;*;25~32;4.950749465;1.062098501;1344;467;3.5348~7.0695;197000~257999;1
900;*;*;33~40;5.513317191;1.016949153;1353;413;*;197000~257999;1
901;*;*;25~32;6.172413793;0.95320197;1273;406;3.5348~7.0695;197000~257999;1
902;*;*;25~32;5.238888889;1.048148148;1610;540;3.5348~7.0695;197000~257999;1
903;*;*;25~32;4.974960876;1.100156495;2142;639;3.5348~7.0695;197000~257999;1
904;*;*;25~32;5.772277228;0.918316832;1285;404;3.5348~7.0695;197000~257999;1
905;*;*;17~24;5.422087746;1.081694402;1673;661;3.5348~7.0695;197000~257999;1
906;*;*;25~32;5.903100775;0.98255814;1772;516;3.5348~7.0695;197000~257999;1
907;*;*;25~32;5.328918322;0.91611479;1106;453;3.5348~7.0695;258000~318999;1
908;*;*;25~32;5.518024032;0.993324433;2023;749;3.5348~7.0695;258000~318999;1
909;*;*;33~40;5.963675214;1.057692308;1276;468;*;197000~257999;0
910;*;*;25~32;5.381834215;1.101410935;3026;1134;3.5348~7.0695;319000~379999;1
911;*;*;25~32;6.511392405;1.027848101;1128;395;3.5348~7.0695;258000~318999;0
912;*;*;25~32;5.350140056;1.039215686;852;357;3.5348~7.0695;258000~318999;1
913;*;*;25~32;6.01910828;0.964968153;889;314;3.5348~7.0695;258000~318999;0
914;*;*;25~32;5.855904659;1.017334778;2831;923;3.5348~7.0695;197000~257999;1
915;*;*;25~32;6.135399674;1.016313214;1776;613;3.5348~7.0695;197000~257999;1
916;*;*;25~32;6.613095238;1.013888889;1671;504;3.5348~7.0695;258000~318999;1
917;*;*;17~24;5.508948546;1.060402685;2530;894;3.5348~7.0695;197000~257999;1
918;*;*;33~40;5.234600262;1.001310616;2721;763;*;136000~196999;1
919;*;*;17~24;5.350828729;1.035911602;3215;1086;3.5348~7.0695;197000~257999;1
920;*;*;25~32;5.737057221;1.009536785;2352;734;3.5348~7.0695;197000~257999;1
921;*;*;25~32;5.7625;1.013541667;2855;960;3.5348~7.0695;197000~257999;1
922;*;*;1~16;7.635233721;1.044042151;12203;3701;7.0696~10.6043;*;1
923;*;*;1~16;8.306260575;0.976311337;1981;591;7.0696~10.6043;*;1
924;*;*;9~16;5.075716235;1.083219645;3571;1466;3.5348~7.0695;136000~196999;1
925;*;*;17~24;6.924558587;1.085072231;1972;623;3.5348~7.0695;258000~318999;1
926;*;*;25~32;5.647058824;0.901960784;1105;357;3.5348~7.0695;197000~257999;1
927;*;*;9~16;7075;0.978947368;2759;760;3.5348~7.0695;258000~501999;1
928;*;*;17~24;6.529202279;0.977920228;4319;1404;3.5348~7.0695;258000~318999;0
929;*;*;25~32;6.391304348;1.101449275;1597;483;3.5348~7.0695;197000~257999;0
930;*;*;17~24;6.155339806;1.033009709;1446;515;3.5348~7.0695;258000~318999;0
931;*;*;25~32;5.689655172;0.978779841;1285;377;3.5348~7.0695;197000~257999;0
932;*;*;25~32;5.987197724;1.039829303;2568;703;3.5348~7.0695;197000~257999;0
933;*;*;17~24;5.160388821;1.014580802;2357;823;3.5348~7.0695;197000~257999;0
934;*;*;25~32;5.008988764;1.035955056;2998;890;3.5348~7.0695;197000~257999;0
935;*;*;17~24;4.07;0.97;307;100;0.0000~3.5347;136000~196999;0
936;*;*;17~24;6.116037736;1.00754717;3526;1060;3.5348~7.0695;197000~257999;0
937;*;*;33~40;5.523668639;1.014792899;1213;338;*;136000~196999;0
938;*;*;1~8;4.566510172;1.051643192;1911;639;3.5348~7.0695;136000~196999;0
939;*;*;33~40;4.959314775;1.023554604;1524;467;*;136000~196999;0
940;*;*;25~32;5.254237288;1.118644068;719;236;3.5348~7.0695;197000~257999;0
941;*;*;9~16;5.124137931;0.983908046;3038;870;3.5348~7.0695;197000~257999;0
942;*;*;17~24;4.321782178;1.081683168;1268;404;0.0000~3.5347;136000~196999;0
943;*;*;17~24;6.448519041;1.004231312;2346;709;3.5348~7.0695;197000~257999;0
944;*;*;17~24;6.284875184;0.98825257;2216;681;3.5348~7.0695;197000~257999;0
945;*;*;1~8;4.82674772;1.056231003;3223;1316;3.5348~7.0695;136000~196999;1
946;*;*;1~8;4.964807437;1.046480744;2937;1506;3.5348~7.0695;258000~501999;1
947;*;*;17~24;6.751091703;1.042212518;2302;687;3.5348~7.0695;197000~257999;1
948;*;*;25~32;6.523099851;0.995529061;2038;671;3.5348~7.0695;197000~257999;1
949;*;*;25~32;5.943925234;0.992211838;1935;642;3.5348~7.0695;197000~257999;1
950;*;*;25~32;6.31981982;1.033783784;1453;444;3.5348~7.0695;197000~257999;1
951;*;*;25~32;5.990062112;1.049689441;2288;805;3.5348~7.0695;197000~257999;1
952;*;*;9~16;6.673195876;1.058762887;2484;970;3.5348~7.0695;258000~501999;1
953;*;*;1~16;7.600753296;0.988700565;3386;1062;7.0696~10.6043;*;1
954;*;*;41~48;6.153846154;1.004807692;512;208;*;258000~318999;2
955;*;*;17~24;7915;1.06;1081;400;7.0696~10.6043;*;1
956;*;*;1~16;6.694096601;0.992844365;1590;559;7.0696~10.6043;*;1
957;*;*;17~24;6.634080717;1.019730942;3126;1115;3.5348~7.0695;319000~379999;2
958;*;*;17~24;7.557077626;1.01826484;706;219;7.0696~10.6043;*;1
959;*;*;1~8;5.385964912;1.276315789;793;456;3.5348~7.0695;197000~257999;1
960;*;*;17~24;7.287625418;1.030100334;926;299;3.5348~7.0695;258000~318999;1
961;*;*;17~24;6.938461538;0.976923077;831;260;3.5348~7.0695;258000~318999;1
962;*;*;17~24;6.982692308;1.051923077;1700;520;3.5348~7.0695;197000~257999;1
963;*;*;17~24;6.735362998;0.990632319;1395;427;3.5348~7.0695;258000~318999;1
964;*;*;9~16;6.593309859;1.0625;3329;1136;3.5348~7.0695;258000~501999;1
965;*;*;17~24;7.811188811;0.944055944;854;286;7.0696~10.6043;*;2
966;*;*;17~24;7.746938776;0.975510204;734;245;3.5348~7.0695;319000~379999;1
967;*;*;9~16;7.05372617;1.081455806;1543;577;3.5348~7.0695;258000~501999;2
968;*;*;25~32;6.925925926;0.929012346;937;324;3.5348~7.0695;258000~318999;2
969;*;*;17~24;6.219409283;0.993670886;1181;474;3.5348~7.0695;197000~257999;2
970;*;*;17~24;6.894915254;0.976271186;852;295;3.5348~7.0695;258000~318999;2
971;*;*;1~16;7.473684211;0.957894737;876;285;7.0696~10.6043;*;1
972;*;*;1~16;7.762408462;1.052888527;3926;1229;7.0696~10.6043;*;1
973;*;*;25~32;4.208722741;1.059190031;1360;642;0.0000~3.5347;197000~257999;2
974;*;*;33~40;5.117647059;1.137254902;161;102;*;197000~257999;2
975;*;*;49~56;6.300813008;1.089430894;315;123;*;197000~257999;2
976;*;*;1~16;3.394793926;1.006507592;769;461;0.0000~3.5347;197000~257999;2
977;*;*;1~32;7.610465116;1.069767442;514;172;10.6044~16.0000;*;2
978;*;*;9~16;6.68969697;1.00969697;2444;825;3.5348~7.0695;258000~501999;1
979;*;*;9~16;5.837146703;1.076716016;1813;743;3.5348~7.0695;197000~257999;2
980;*;*;25~32;6.517985612;1.057553957;853;278;3.5348~7.0695;197000~257999;2
981;*;*;1~8;6.359838275;0.998652291;1895;742;3.5348~7.0695;258000~501999;2
982;*;*;9~16;6.389140271;1.057315234;1833;663;3.5348~7.0695;258000~501999;2
983;*;*;17~24;5.678125;1.0375;1699;640;3.5348~7.0695;258000~318999;2
984;*;*;25~32;7.331775701;1.130841121;583;214;3.5348~7.0695;258000~318999;2
985;*;*;9~16;6.76;1.063589744;4847;1950;3.5348~7.0695;258000~501999;2
986;*;*;41~48;5.428571429;0.952380952;83;42;*;380000~501999;2
987;*;*;41~48;6.047619048;1.095238095;51;21;*;319000~379999;2
988;*;*;9~16;6.916606758;0.966211359;4389;1391;3.5348~7.0695;258000~501999;2
989;*;*;1~8;4.962933118;1.216760677;2649;1241;3.5348~7.0695;136000~196999;1
990;*;*;1~16;7.447916667;0.961805556;1952;576;7.0696~10.6043;*;2
991;*;*;25~32;6.401433692;1.096774194;771;279;3.5348~7.0695;380000~501999;2
992;*;*;25~32;6.965517241;1.275862069;144;58;3.5348~7.0695;14000~135999;2
993;*;*;17~24;6.630952381;1.396825397;729;252;3.5348~7.0695;380000~501999;2
994;*;*;9~16;5.255857545;0.983130272;2595;1067;3.5348~7.0695;197000~257999;2
995;*;*;9~16;5.68;1.044705882;5826;2125;3.5348~7.0695;136000~196999;2
996;*;*;25~32;5.811764706;0.952941176;254;85;7.0696~10.6043;*;2
997;*;*;17~24;6.08021978;1.036263736;2474;910;3.5348~7.0695;197000~257999;2
998;*;*;17~24;5.975830816;0.965256798;2222;662;3.5348~7.0695;197000~257999;2
999;*;*;9~16;5.97492163;1.10031348;802;319;3.5348~7.0695;197000~257999;2
1000;*;*;25~32;4.84203103;1.002820874;1919;709;0.0000~3.5347;136000~196999;2
1001;*;*;33~40;4.534946237;1;950;372;*;136000~196999;2
1002;*;*;33~40;5.114967462;1.080260304;1157;461;*;136000~196999;2
1003;*;*;33~40;4.987762238;1.027972028;1761;572;*;136000~196999;2
1004;*;*;25~32;6.013371538;1.033428844;3200;1047;3.5348~7.0695;136000~196999;2
1005;*;*;9~16;5.861561119;1.083946981;1705;679;3.5348~7.0695;197000~257999;2
1006;*;*;25~32;5.070881226;1.026819923;1422;522;3.5348~7.0695;136000~196999;2
1007;*;*;33~40;6.673003802;1.136882129;702;263;*;136000~196999;2
1008;*;*;33~40;5.340974212;1.022922636;1189;349;*;136000~196999;2
1009;*;*;25~32;5.472081218;1.050761421;555;197;0.0000~3.5347;136000~196999;2
1010;*;*;17~24;6.180989979;1.060734892;8768;3293;3.5348~7.0695;197000~257999;2
1011;*;*;17~24;4.576470588;1.282352941;1392;680;0.0000~3.5347;136000~196999;2
1012;*;*;41~48;4.541284404;1.027522936;277;109;*;136000~196999;2
1013;*;*;49~56;5.14797136;0.997613365;929;419;*;197000~257999;2
1014;*;*;41~48;5.211805556;1.038194444;629;288;*;197000~257999;2
1015;*;*;17~24;6.408260524;0.966640191;3489;1259;3.5348~7.0695;258000~318999;2
1016;*;*;1~8;6.459401709;1.106837607;1225;468;3.5348~7.0695;258000~501999;2
1017;*;*;25~32;6.887850467;1.07165109;1024;321;3.5348~7.0695;197000~257999;2
1018;*;*;25~32;6.251445087;0.979768786;947;346;3.5348~7.0695;197000~257999;2
1019;*;*;25~32;6.591078067;1.033457249;804;269;3.5348~7.0695;197000~257999;2
1020;*;*;25~32;5.5;1.18079096;900;354;3.5348~7.0695;136000~196999;2
1021;*;*;17~24;6.586469534;0.990143369;6693;2232;3.5348~7.0695;197000~257999;2
1022;*;*;17~24;8.973684211;1.855263158;338;152;0.0000~3.5347;75000~135999;2
1023;*;*;9~16;10.51530612;2.37244898;573;196;0.0000~3.5347;75000~135999;2
1024;*;*;1~16;29.85294118;5.323529412;202;102;0.0000~3.5347;136000~196999;2
1025;*;*;9~16;8.625304136;1.708029197;946;411;0.0000~3.5347;75000~135999;2
1026;*;*;9~16;6.317596567;1.197424893;1091;466;0.0000~3.5347;75000~135999;2
1027;*;*;9~16;7.972375691;1.375690608;435;181;0.0000~3.5347;75000~135999;2
1028;*;*;17~24;6.396067416;1.331460674;767;356;0.0000~3.5347;75000~135999;2
1029;*;*;17~24;5.646209386;1.288808664;618;277;0.0000~3.5347;75000~135999;2
1030;*;*;9~16;10.16859122;2.057736721;1103;433;0.0000~3.5347;75000~135999;2
1031;*;*;33~40;6.058823529;1.35828877;495;187;0.0000~3.5347;14000~74999;2
1032;*;*;17~24;6.375796178;1.242038217;369;157;0.0000~3.5347;75000~135999;2
1033;*;*;9~16;6.805343511;1.286259542;638;262;0.0000~3.5347;75000~135999;2
1034;*;*;17~24;6.3375;1.2875;607;240;0.0000~3.5347;75000~135999;2
1035;*;*;25~32;4.770833333;1.03125;657;288;0.0000~3.5347;75000~135999;2
1036;*;*;33~48;6.5;1.14953271;546;214;3.5348~7.0695;14000~135999;2
1037;*;*;9~16;6.460526316;1.162280702;597;228;3.5348~7.0695;14000~135999;2
1038;*;*;9~16;5.777777778;1.083333333;529;216;0.0000~3.5347;75000~135999;2
1039;*;*;9~16;6.090592334;1.12195122;4930;287;3.5348~7.0695;14000~135999;2
1040;*;*;25~32;5.727793696;1.095988539;1614;698;0.0000~3.5347;75000~135999;2
1041;*;*;25~32;5785;1.088333333;1793;600;3.5348~7.0695;14000~135999;2
1042;*;*;17~24;6.372146119;1.123287671;1187;438;0.0000~3.5347;75000~135999;2
1043;*;*;9~16;6.832786885;1.472131148;834;305;0.0000~3.5347;75000~135999;2
1044;*;*;17~24;5.932843652;1.138509969;2237;953;0.0000~3.5347;136000~196999;2
1045;*;*;9~16;5.68102288;1.098250336;1737;743;0.0000~3.5347;75000~135999;2
1046;*;*;1~16;5.839869281;1.133986928;806;306;0.0000~3.5347;136000~196999;2
1047;*;*;17~24;5.627296588;1.102362205;985;381;0.0000~3.5347;75000~135999;2
1048;*;*;17~24;5.760299625;1.142322097;730;267;0.0000~3.5347;75000~135999;2
1049;*;*;9~16;6.218905473;1.145936982;1444;603;0.0000~3.5347;75000~135999;2
1050;*;*;17~24;5.772084806;1.084805654;1252;566;0.0000~3.5347;75000~135999;2
1051;*;*;9~16;5.901408451;1.084507042;559;213;3.5348~7.0695;136000~196999;2
1052;*;*;33~40;5.541322314;1.05785124;533;242;0.0000~3.5347;75000~135999;2
1053;*;*;9~16;5.538591549;1.082253521;4644;1775;0.0000~3.5347;75000~135999;2
1054;*;*;17~24;5.230635335;0.971279373;2710;1149;0.0000~3.5347;75000~135999;2
1055;*;*;9~16;5.12248996;1.0562249;3628;1494;0.0000~3.5347;75000~135999;2
1056;*;*;17~24;4.397831526;0.981651376;2446;1199;0.0000~3.5347;75000~135999;2
1057;*;*;9~16;4.290145985;1.131386861;1215;548;0.0000~3.5347;75000~135999;2
1058;*;*;17~24;4.351529694;1.070785843;4030;1667;0.0000~3.5347;75000~135999;2
1059;*;*;1~16;5.385624344;0.975865687;4591;1906;0.0000~3.5347;136000~196999;2
1060;*;*;1~16;4.485285101;1.011036174;7517;3262;0.0000~3.5347;136000~196999;2
1061;*;*;17~24;5.747474747;0.996632997;822;297;3.5348~7.0695;14000~135999;2
1062;*;*;17~24;5.634812287;1.054607509;856;293;0.0000~3.5347;75000~135999;2
1063;*;*;1~8;6.554716981;1.094339623;747;265;3.5348~7.0695;136000~196999;2
1064;*;*;33~40;4.403100775;0.984496124;267;129;0.0000~3.5347;75000~135999;2
1065;*;*;33~40;4.314393939;1.003787879;623;264;0.0000~3.5347;75000~135999;2
1066;*;*;41~48;4.590189873;1.090189873;1426;632;0.0000~3.5347;75000~135999;2
1067;*;*;49~56;4.530612245;0.816326531;1107;98;*;136000~196999;2
1068;*;*;17~24;4.518469657;1.091029024;2469;758;0.0000~3.5347;75000~135999;2
1069;*;*;9~16;4.456632653;1.075255102;1571;784;0.0000~3.5347;75000~135999;2
1070;*;*;25~32;4362;1053;2053;1000;0.0000~3.5347;14000~74999;2
1071;*;*;41~48;5.314285714;1.069642857;1181;560;0.0000~3.5347;75000~135999;2
1072;*;*;33~40;5.493265993;1.016835017;1290;594;0.0000~3.5347;75000~135999;2
1073;*;*;25~32;6.820855615;1.010695187;1011;374;3.5348~7.0695;14000~135999;2
1074;*;*;25~32;5.673260073;1.007326007;3316;1365;0.0000~3.5347;75000~135999;2
1075;*;*;33~40;5.899736148;0.981530343;974;379;0.0000~3.5347;75000~135999;2
1076;*;*;9~16;5.705696203;1.071993671;3264;1264;0.0000~3.5347;75000~135999;2
1077;*;*;1~8;5.283194058;1.103992572;2887;1077;0.0000~3.5347;14000~135999;2
1078;*;*;1~16;4.827586207;0.965517241;84;29;0.0000~3.5347;136000~196999;2
1079;*;*;41~48;4.669329073;1.052715655;1371;626;0.0000~3.5347;75000~135999;2
1080;*;*;49~56;4.396103896;0.987012987;379;154;*;14000~135999;2
1081;*;*;49~56;5.02;1;311;100;*;197000~257999;2
1082;*;*;49~56;4.328282828;1.171717172;520;198;*;14000~135999;2
1083;*;*;49~56;4.260233918;1.137426901;802;342;*;14000~135999;2
1084;*;*;49~56;4.291479821;1.179372197;513;223;*;14000~135999;2
1085;*;*;49~56;4.618037135;1.063660477;753;377;*;14000~135999;2
1086;*;*;17~24;4.771653543;1.022965879;5022;1524;0.0000~3.5347;75000~135999;2
1087;*;*;49~56;4.934725849;1.096605744;974;383;*;14000~135999;2
1088;*;*;17~24;5.154081633;1.075510204;2948;980;0.0000~3.5347;75000~135999;2
1089;*;*;33~40;4.993318486;1.151447661;1160;449;0.0000~3.5347;14000~74999;2
1090;*;*;41~48;4.385861561;1.022091311;1879;679;0.0000~3.5347;14000~74999;2
1091;*;*;17~24;4.348754448;0.889679715;708;281;0.0000~3.5347;75000~135999;2
1092;*;*;9~16;6.3;1.018518519;2456;810;3.5348~7.0695;136000~196999;2
1093;*;*;25~32;6.272311213;1.032036613;1217;437;3.5348~7.0695;136000~196999;2
1094;*;*;9~16;5.08041958;1.045454545;904;286;3.5348~7.0695;14000~135999;2
1095;*;*;33~40;5.840425532;1.117021277;275;94;*;136000~196999;2
1096;*;*;25~32;5.464019851;1.047146402;1109;403;0.0000~3.5347;75000~135999;2
1097;*;*;17~24;6265;725;1705;600;3.5348~7.0695;136000~196999;2
1098;*;*;17~24;5.643382353;1.025735294;726;272;0.0000~3.5347;75000~135999;2
1099;*;*;17~24;5.86;1112;745;250;0.0000~3.5347;75000~135999;2
1100;*;*;9~16;6.385300668;1.244988864;1203;449;0.0000~3.5347;75000~135999;2
1101;*;*;1~16;5.489010989;1.027472527;1786;728;0.0000~3.5347;136000~196999;2
1102;*;*;17~24;31.77777778;9.703703704;47;27;0.0000~3.5347;14000~74999;2
1103;*;*;17~24;6.246808511;1.212765957;611;235;0.0000~3.5347;14000~74999;2
1104;*;*;9~16;5.850574713;1.030651341;665;261;0.0000~3.5347;75000~135999;2
1105;*;*;9~16;5.653940887;1.113300493;1904;812;0.0000~3.5347;75000~135999;2
1106;*;*;9~16;5.583333333;0.983974359;721;312;0.0000~3.5347;75000~135999;2
1107;*;*;9~16;5.828267477;1.104863222;1456;658;0.0000~3.5347;75000~135999;2
1108;*;*;9~16;5.531073446;1.042372881;875;354;0.0000~3.5347;75000~135999;2
1109;*;*;9~16;5.672727273;1.059090909;1532;660;0.0000~3.5347;75000~135999;2
1110;*;*;9~16;6.268138801;1.146687697;1610;634;0.0000~3.5347;75000~135999;2
1111;*;*;17~24;5.022556391;1.001879699;1151;532;0.0000~3.5347;75000~135999;2
1112;*;*;17~24;4.422619048;1.017857143;395;168;0.0000~3.5347;75000~135999;2
1113;*;*;9~16;5.071823204;1.049723757;1063;543;0.0000~3.5347;75000~135999;2
1114;*;*;17~24;4.565217391;0.990338164;385;207;0.0000~3.5347;14000~74999;2
1115;*;*;25~32;5.077702703;1.158783784;699;296;0.0000~3.5347;75000~135999;2
1116;*;*;25~32;5.320132013;1.0330033;837;303;0.0000~3.5347;75000~135999;2
1117;*;*;25~32;5.427184466;1.058252427;770;309;0.0000~3.5347;75000~135999;2
1118;*;*;17~24;5.197368421;0.901315789;365;152;0.0000~3.5347;75000~135999;2
1119;*;*;17~24;5.047727273;1.043181818;952;440;0.0000~3.5347;75000~135999;2
1120;*;*;17~24;5.622710623;1.010989011;664;273;0.0000~3.5347;75000~135999;2
1121;*;*;17~24;5.668817204;1.124731183;1184;465;0.0000~3.5347;75000~135999;2
1122;*;*;17~24;5.965517241;1.107758621;557;232;0.0000~3.5347;75000~135999;2
1123;*;*;17~24;5.490066225;1.070640177;1110;453;0.0000~3.5347;75000~135999;2
1124;*;*;17~24;5.270440252;1.044025157;733;318;0.0000~3.5347;75000~135999;2
1125;*;*;17~24;4.303317536;0.976303318;481;211;0.0000~3.5347;75000~135999;2
1126;*;*;17~24;4.973626374;1.092307692;1138;455;0.0000~3.5347;75000~135999;2
1127;*;*;17~24;4.401079137;1;1157;556;0.0000~3.5347;75000~135999;2
1128;*;*;25~32;5.693208431;1.199063232;1026;427;0.0000~3.5347;75000~135999;2
1129;*;*;17~24;4.899721448;1.019498607;788;359;0.0000~3.5347;75000~135999;2
1130;*;*;25~32;5.277227723;1.04950495;794;303;0.0000~3.5347;75000~135999;2
1131;*;*;17~24;5.302040816;0.983673469;1151;490;0.0000~3.5347;75000~135999;2
1132;*;*;9~16;3.899810964;1.056710775;934;529;0.0000~3.5347;75000~135999;2
1133;*;*;17~24;4.546511628;1.011627907;523;258;0.0000~3.5347;75000~135999;2
1134;*;*;33~40;5.042801556;1.151750973;569;257;0.0000~3.5347;14000~74999;2
1135;*;*;17~24;5.397014925;0.997014925;763;335;0.0000~3.5347;75000~135999;2
1136;*;*;17~24;5.346303502;1.081712062;1174;514;0.0000~3.5347;75000~135999;2
1137;*;*;17~24;5.712887439;1.068515498;1763;613;0.0000~3.5347;75000~135999;2
1138;*;*;1~16;5.5390625;1.01953125;1163;512;0.0000~3.5347;136000~196999;2
1139;*;*;17~24;5.680701754;1.024561404;705;285;0.0000~3.5347;75000~135999;2
1140;*;*;17~24;4.784883721;0.959302326;750;344;0.0000~3.5347;75000~135999;2
1141;*;*;17~24;5.78757515;1.184368737;984;499;0.0000~3.5347;75000~135999;2
1142;*;*;9~16;5.081818182;1.045454545;844;330;0.0000~3.5347;75000~135999;2
1143;*;*;9~16;5.676646707;1.221556886;893;334;0.0000~3.5347;75000~135999;2
1144;*;*;17~24;5.173202614;1.081699346;730;306;0.0000~3.5347;75000~135999;2
1145;*;*;17~24;7.232736573;1.560102302;986;391;0.0000~3.5347;75000~135999;2
1146;*;*;33~40;6.196078431;1.450980392;221;102;0.0000~3.5347;14000~74999;2
1147;*;*;17~24;7.028436019;1.345971564;481;211;0.0000~3.5347;75000~135999;2
1148;*;*;9~16;5.010060362;1.060362173;1229;497;0.0000~3.5347;75000~135999;2
1149;*;*;9~16;4.152284264;1;358;197;0.0000~3.5347;75000~135999;2
1150;*;*;25~32;4.929471033;1.080604534;945;397;0.0000~3.5347;14000~74999;2
1151;*;*;9~16;4.175903614;1.014457831;1861;415;0.0000~3.5347;14000~74999;2
1152;*;*;9~16;4.32195122;0.995121951;576;205;0.0000~3.5347;75000~135999;2
1153;*;*;1~16;6.038084875;1.088139282;1822;919;0.0000~3.5347;136000~196999;2
1154;*;*;25~32;5.470967742;0.987096774;436;155;3.5348~7.0695;14000~135999;2
1155;*;*;25~32;5.657534247;1.113013699;790;292;0.0000~3.5347;75000~135999;2
1156;*;*;17~24;6.756521739;1.052173913;553;230;0.0000~3.5347;75000~135999;2
1157;*;*;17~24;6.128500824;1.047775947;1304;607;0.0000~3.5347;75000~135999;2
1158;*;*;33~48;6.122033898;0.993220339;683;295;3.5348~7.0695;14000~135999;2
1159;*;*;25~32;6.477987421;1.012578616;448;159;0.0000~3.5347;14000~74999;2
1160;*;*;17~24;5.52688172;0.994623656;471;186;0.0000~3.5347;75000~135999;2
1161;*;*;33~40;4.68627451;0.989542484;1887;765;0.0000~3.5347;14000~74999;2
1162;*;*;25~32;5.365217391;1.060869565;1688;575;0.0000~3.5347;14000~74999;2
1163;*;*;33~40;5.003225806;1.138709677;684;310;0.0000~3.5347;14000~74999;2
1164;*;*;41~48;5.136645963;1.229813665;396;161;0.0000~3.5347;14000~74999;2
1165;*;*;49~56;4.038461538;1.107692308;485;260;*;14000~135999;2
1166;*;*;41~48;5.6;1.289473684;603;190;0.0000~3.5347;14000~74999;2
1167;*;*;41~48;5.432276657;1.109510086;871;347;0.0000~3.5347;14000~74999;2
1168;*;*;25~32;4.639908257;1.075688073;1073;436;0.0000~3.5347;14000~74999;2
1169;*;*;25~32;5.029227557;1.022964509;1384;479;0.0000~3.5347;14000~74999;2
1170;*;*;17~24;4.844155844;0.966233766;1087;385;0.0000~3.5347;14000~74999;2
1171;*;*;25~32;5.777448071;1.136498516;925;337;0.0000~3.5347;14000~74999;2
1172;*;*;17~24;5.467532468;1.080519481;974;385;0.0000~3.5347;14000~74999;2
1173;*;*;17~24;4.984520124;1.003095975;909;323;0.0000~3.5347;14000~74999;2
1174;*;*;17~24;4.799307958;1.124567474;640;289;0.0000~3.5347;14000~74999;2
1175;*;*;9~16;5.05;1.35;145;40;0.0000~3.5347;14000~74999;2
1176;*;*;25~32;4.362279512;1.122116689;2041;737;0.0000~3.5347;14000~74999;2
1177;*;*;33~40;5.229090909;1.127272727;779;275;0.0000~3.5347;14000~74999;2
1178;*;*;17~24;5.609489051;1.200729927;617;274;0.0000~3.5347;14000~74999;2
1179;*;*;25~32;4.693679092;0.965964344;1809;617;0.0000~3.5347;14000~74999;2
1180;*;*;9~16;5.708609272;1.043046358;939;302;0.0000~3.5347;14000~74999;2
1181;*;*;41~48;5.122222222;1.188888889;284;90;0.0000~3.5347;14000~74999;2
1182;*;*;17~24;5.839160839;1.090909091;1174;429;0.0000~3.5347;75000~135999;2
1183;*;*;33~40;6.329004329;1.043290043;569;231;0.0000~3.5347;75000~135999;2
1184;*;*;25~32;5.223175966;1.021459227;677;233;0.0000~3.5347;14000~74999;2
1185;*;*;17~24;5.615384615;1.055555556;1364;468;0.0000~3.5347;14000~74999;2
1186;*;*;17~24;4.795789474;1.101052632;1185;475;0.0000~3.5347;14000~74999;2
1187;*;*;25~32;5.606694561;1.066945607;662;239;0.0000~3.5347;14000~74999;2
1188;*;*;25~32;4.961937716;0.979238754;811;289;0.0000~3.5347;14000~74999;2
1189;*;*;9~16;5.665775401;1.040106952;1079;374;0.0000~3.5347;75000~135999;2
1190;*;*;17~24;5.485757121;1.101949025;1970;667;0.0000~3.5347;75000~135999;2
1191;*;*;49~56;5.108108108;0.918918919;121;37;*;14000~135999;2
1192;*;*;25~32;5.217391304;1.086956522;359;138;0.0000~3.5347;14000~74999;2
1193;*;*;17~24;5.443722944;1.043290043;1284;462;0.0000~3.5347;14000~74999;2
1194;*;*;25~32;5.177290837;1;1241;502;0.0000~3.5347;75000~135999;2
1195;*;*;17~24;4.418502203;1.105726872;1098;227;0.0000~3.5347;75000~135999;2
1196;*;*;17~24;6.50802139;1.197860963;537;187;0.0000~3.5347;75000~135999;2
1197;*;*;33~40;5.718309859;1.084507042;374;142;0.0000~3.5347;14000~74999;2
1198;*;*;25~32;5.186915888;1.10046729;1170;428;0.0000~3.5347;14000~74999;2
1199;*;*;25~32;5.073972603;1.021917808;911;365;0.0000~3.5347;14000~74999;2
1200;*;*;41~48;5;1.004132231;523;242;0.0000~3.5347;14000~74999;2
1201;*;*;33~40;4.957446809;1.053191489;1505;470;0.0000~3.5347;14000~74999;2
1202;*;*;33~40;5.103030303;1.127272727;635;165;0.0000~3.5347;14000~74999;2
1203;*;*;25~32;6.347188264;1.063569682;1100;409;0.0000~3.5347;75000~135999;2
1204;*;*;25~32;5.508108108;1.037837838;501;185;0.0000~3.5347;75000~135999;2
1205;*;*;17~24;5.207272727;1.032727273;862;275;0.0000~3.5347;14000~74999;2
1206;*;*;17~24;5.616099071;1.058823529;941;323;0.0000~3.5347;14000~74999;2
1207;*;*;25~32;5.050898204;0.979041916;864;334;0.0000~3.5347;75000~135999;2
1208;*;*;33~40;6.656626506;1.084337349;408;166;0.0000~3.5347;75000~135999;2
1209;*;*;9~16;6.055954089;1.120516499;1516;697;0.0000~3.5347;75000~135999;2
1210;*;*;9~16;5.381443299;1.116838488;785;291;0.0000~3.5347;75000~135999;2
1211;*;*;33~40;5.590631365;1.138492872;1150;491;0.0000~3.5347;75000~135999;2
1212;*;*;25~32;6.025125628;1.125628141;463;199;0.0000~3.5347;75000~135999;2
1213;*;*;33~40;5.257142857;1.057142857;339;140;0.0000~3.5347;75000~135999;2
1214;*;*;9~16;8.010752688;1.586021505;2233;930;0.0000~3.5347;75000~135999;2
1215;*;*;9~16;6.110569106;1.162601626;1777;615;0.0000~3.5347;75000~135999;2
1216;*;*;17~24;5.278947368;1.236842105;538;190;0.0000~3.5347;75000~135999;2
1217;*;*;9~16;5.931558935;1.218631179;1319;526;0.0000~3.5347;75000~135999;2
1218;*;*;1~8;5.574175824;1.063186813;1000;364;3.5348~7.0695;14000~135999;2
1219;*;*;9~16;5.994983278;1.137123746;1800;598;3.5348~7.0695;14000~135999;2
1220;*;*;1~8;6.446636771;1.155156951;3175;1115;3.5348~7.0695;14000~135999;2
1221;*;*;17~24;5.668498168;1.247252747;1341;546;0.0000~3.5347;75000~135999;2
1222;*;*;25~32;5.457317073;1.103658537;1061;492;0.0000~3.5347;75000~135999;2
1223;*;*;17~24;5.260638298;1.083333333;1387;564;0.0000~3.5347;75000~135999;2
1224;*;*;9~16;5.821529745;1.199716714;1796;706;0.0000~3.5347;75000~135999;2
1225;*;*;9~16;6104;1288;311;125;0.0000~3.5347;75000~135999;2
1226;*;*;17~24;5.594936709;1.29535865;563;237;0.0000~3.5347;75000~135999;2
1227;*;*;17~24;5.374531835;1.101123596;668;267;0.0000~3.5347;75000~135999;2
1228;*;*;17~24;7.085158151;1.613138686;999;411;0.0000~3.5347;75000~135999;2
1229;*;*;17~24;6.473451327;1.495575221;529;226;0.0000~3.5347;75000~135999;2
1230;*;*;17~24;6.134782609;1.356521739;592;230;0.0000~3.5347;75000~135999;2
1231;*;*;17~24;6016;1432;661;250;0.0000~3.5347;75000~135999;2
1232;*;*;1~16;7.060755337;1.387520525;1480;609;0.0000~3.5347;136000~196999;2
1233;*;*;9~16;16.84753363;3.237668161;546;223;3.5348~7.0695;14000~135999;2
1234;*;*;9~16;28.75728155;5.300970874;252;103;3.5348~7.0695;136000~196999;2
1235;*;*;17~24;13.47303922;2.588235294;997;408;0.0000~3.5347;75000~135999;2
1236;*;*;9~16;11.49086162;2.164490862;924;383;0.0000~3.5347;75000~135999;2
1237;*;*;9~16;9.793028322;1.864923747;1149;459;0.0000~3.5347;75000~135999;2
1238;*;*;9~16;28.11290323;5.60483871;298;124;0.0000~3.5347;75000~135999;2
1239;*;*;9~16;33.98969072;6.824742268;267;97;0.0000~3.5347;75000~135999;2
1240;*;*;9~16;47.51515152;11.18181818;82;33;0.0000~3.5347;75000~135999;2
1241;*;*;41~48;5.507537688;1.095477387;657;199;0.0000~3.5347;14000~74999;2
1242;*;*;33~40;5.412587413;1.129370629;815;286;0.0000~3.5347;14000~74999;2
1243;*;*;17~24;5.129852744;1.036144578;2435;747;0.0000~3.5347;14000~74999;2
1244;*;*;17~24;5.639229422;1.054290718;3266;1142;0.0000~3.5347;14000~74999;2
1245;*;*;25~32;5.145907473;1.049822064;670;281;0.0000~3.5347;75000~135999;2
1246;*;*;49~56;4.977777778;0.844444444;120;45;*;14000~135999;2
1247;*;*;9~16;5.428571429;1.265306122;154;49;0.0000~3.5347;75000~135999;2
1248;*;*;33~40;7.238095238;1.183673469;434;147;0.0000~3.5347;75000~135999;2
1249;*;*;25~32;5.14691358;1.104938272;2587;810;0.0000~3.5347;14000~74999;2
1250;*;*;41~48;6.08;1.314285714;494;175;0.0000~3.5347;14000~74999;2
1251;*;*;33~40;5.863445378;1.159663866;1395;476;0.0000~3.5347;14000~74999;2
1252;*;*;17~24;7.612149533;1.803738318;551;214;0.0000~3.5347;14000~74999;2
1253;*;*;49~56;5.185667752;1.211726384;781;307;*;14000~135999;2
1254;*;*;49~56;5.022727273;0.98989899;985;396;*;14000~135999;2
1255;*;*;33~40;4.875502008;1.004016064;660;249;0.0000~3.5347;75000~135999;2
1256;*;*;33~40;7.876404494;1.460674157;271;89;0.0000~3.5347;75000~135999;2
1257;*;*;25~32;6.522821577;1.439834025;1095;482;0.0000~3.5347;136000~196999;2
1258;*;*;17~24;5098;1192;1169;500;3.5348~7.0695;197000~257999;2
1259;*;*;25~32;6.193251534;1.260736196;888;326;0.0000~3.5347;136000~196999;2
1260;*;*;1~8;7.246069182;1.196540881;3578;1272;3.5348~7.0695;136000~196999;2
1261;*;*;1~8;6.153905646;1.016241299;4460;1293;3.5348~7.0695;136000~196999;2
1262;*;*;1~8;6.530330882;1.050551471;3523;1088;3.5348~7.0695;136000~196999;2
1263;*;*;17~24;5.892173913;1.04173913;1707;575;3.5348~7.0695;136000~196999;2
1264;*;*;9~16;6.013671875;1.013671875;1562;512;3.5348~7.0695;136000~196999;2
1265;*;*;25~32;5.461103253;1.015558699;2085;707;0.0000~3.5347;75000~135999;2
1266;*;*;17~24;6.37804878;1.18902439;527;164;3.5348~7.0695;197000~257999;2
1267;*;*;41~48;4.260504202;0.945378151;704;238;0.0000~3.5347;75000~135999;2
1268;*;*;33~40;5.7;1.066666667;861;300;0.0000~3.5347;75000~135999;2
1269;*;*;9~16;4.59057072;1.094292804;1348;403;3.5348~7.0695;14000~135999;2
1270;*;*;33~40;5.152688172;0.972043011;1391;465;*;136000~196999;2
1271;*;*;17~24;5.871428571;1.022857143;1064;350;3.5348~7.0695;258000~318999;2
1272;*;*;17~24;7.348314607;1.08988764;825;267;3.5348~7.0695;136000~196999;2
1273;*;*;17~24;4.975186104;1.004962779;972;403;0.0000~3.5347;136000~196999;2
1274;*;*;1~8;6.526867628;1.014416776;2399;763;3.5348~7.0695;136000~196999;2
1275;*;*;9~16;5.838709677;1.096774194;1779;558;3.5348~7.0695;136000~196999;2
1276;*;*;9~16;7.082857143;1.125714286;1075;350;3.5348~7.0695;197000~257999;2
1277;*;*;1~8;8.527293844;1.307781649;4276;1722;3.5348~7.0695;258000~501999;2
1278;*;*;25~32;4.975609756;1;989;287;3.5348~7.0695;136000~196999;2
1279;*;*;17~24;6.246875;1.296875;967;320;3.5348~7.0695;197000~257999;2
1280;*;*;41~48;5.085011186;1.10738255;1088;447;0.0000~3.5347;75000~135999;2
1281;*;*;41~48;4.941475827;1.094147583;1074;393;0.0000~3.5347;75000~135999;2
1282;*;*;49~56;4.973451327;1.084070796;528;226;*;14000~135999;2
1283;*;*;41~48;4.4;1075;101;40;0.0000~3.5347;75000~135999;2
1284;*;*;41~48;3.823308271;0.95112782;798;266;0.0000~3.5347;75000~135999;2
1285;*;*;49~56;4.686192469;1.175732218;625;239;*;14000~135999;2
1286;*;*;25~32;5.313380282;1.066901408;1614;568;0.0000~3.5347;75000~135999;2
1287;*;*;41~48;3.142857143;1.047619048;37;21;0.0000~3.5347;75000~135999;2
1288;*;*;17~24;6.369668246;1.111374408;1216;422;3.5348~7.0695;14000~135999;2
1289;*;*;17~24;6.524271845;1.317152104;1749;618;0.0000~3.5347;136000~196999;2
1290;*;*;33~48;5.459363958;1.04770318;1588;566;3.5348~7.0695;14000~135999;2
1291;*;*;41~48;5.810218978;1.060218978;1399;548;0.0000~3.5347;75000~135999;2
1292;*;*;33~40;5.847036329;1.084130019;1351;523;0.0000~3.5347;75000~135999;2
1293;*;*;1~8;5.987373737;0.946969697;1094;396;3.5348~7.0695;136000~196999;2
1294;*;*;9~16;5.849019608;1.047058824;1417;510;3.5348~7.0695;136000~196999;2
1295;*;*;17~24;6.423340961;1.018306636;1315;437;3.5348~7.0695;136000~196999;2
1296;*;*;17~24;6.855882353;1.055882353;1086;340;3.5348~7.0695;136000~196999;2
1297;*;*;9~16;6.5815486;0.996705107;1969;607;3.5348~7.0695;136000~196999;2
1298;*;*;41~48;5.12145749;1.028340081;587;247;0.0000~3.5347;75000~135999;2
1299;*;*;25~32;4.928571429;1.076190476;985;420;0.0000~3.5347;75000~135999;2
1300;*;*;33~40;5.044444444;1.072222222;1400;540;0.0000~3.5347;75000~135999;2
1301;*;*;25~32;5.784070796;1.003539823;1714;565;3.5348~7.0695;14000~135999;2
1302;*;*;25~32;5.943462898;1.007067138;1806;566;3.5348~7.0695;14000~135999;2
1303;*;*;17~24;4.186346863;1.077490775;1239;542;0.0000~3.5347;75000~135999;2
1304;*;*;9~16;4.365569273;1.128943759;3838;1458;0.0000~3.5347;75000~135999;2
1305;*;*;25~32;6.602316602;1.111969112;799;259;3.5348~7.0695;136000~196999;2
1306;*;*;17~24;6.609195402;1;572;174;3.5348~7.0695;136000~196999;2
1307;*;*;17~24;7.0609319;1.0609319;935;279;3.5348~7.0695;136000~196999;2
1308;*;*;17~24;5.958695652;0.976086957;1507;460;3.5348~7.0695;136000~196999;2
1309;*;*;1~8;3.760233918;1.078947368;1384;684;0.0000~3.5347;14000~135999;2
1310;*;*;9~16;5.044395117;1.056603774;2188;901;0.0000~3.5347;75000~135999;2
1311;*;*;9~16;6.134020619;0.992268041;1292;388;3.5348~7.0695;136000~196999;2
1312;*;*;9~16;6.443708609;1.01986755;1456;453;3.5348~7.0695;136000~196999;2
1313;*;*;33~40;5.356807512;1.098591549;562;213;0.0000~3.5347;75000~135999;2
1314;*;*;9~16;7.092150171;1.039249147;1878;586;3.5348~7.0695;136000~196999;2
1315;*;*;17~24;6.814953271;0.998130841;1651;535;3.5348~7.0695;136000~196999;2
1316;*;*;33~48;5.965141612;1.034858388;1316;459;3.5348~7.0695;14000~135999;2
1317;*;*;9~16;6.899103139;1.042600897;1575;446;3.5348~7.0695;136000~196999;2
1318;*;*;1~8;7.853351955;1.089385475;2429;716;3.5348~7.0695;197000~257999;2
1319;*;*;9~16;5.904051173;1.319829424;1045;469;3.5348~7.0695;136000~196999;2
1320;*;*;33~40;5.749034749;1.277992278;838;259;0.0000~3.5347;75000~135999;2
1321;*;*;49~56;4.481481481;1.092592593;188;54;*;14000~135999;2
1322;*;*;49~56;4.756302521;0.922268908;1403;476;*;14000~135999;2
1323;*;*;49~56;5.303030303;1.082251082;725;231;*;14000~135999;2
1324;*;*;49~56;4.904605263;1.133223684;1831;608;*;14000~135999;2
1325;*;*;41~48;5.528795812;1.219895288;1249;382;0.0000~3.5347;75000~135999;2
1326;*;*;33~40;4.966972477;1.009174312;1827;545;0.0000~3.5347;75000~135999;2
1327;*;*;1~8;4.193548387;0.991935484;1037;372;3.5348~7.0695;136000~196999;2
1328;*;*;25~32;5.374631268;1.100294985;2229;678;0.0000~3.5347;75000~135999;2
1329;*;*;9~16;6.384803922;1.078431373;1352;408;3.5348~7.0695;136000~196999;2
1330;*;*;1~16;4.43344426;1.068219634;2827;1202;0.0000~3.5347;136000~196999;2
1331;*;*;25~32;5.698060942;1.029085873;1994;722;3.5348~7.0695;14000~135999;2
1332;*;*;17~24;5.589147287;0.906976744;367;129;3.5348~7.0695;136000~196999;2
1333;*;*;1~8;4.799764429;1.091872792;2239;849;3.5348~7.0695;136000~196999;2
1334;*;*;9~16;7.099337748;1.024282561;1504;453;3.5348~7.0695;136000~196999;2
1335;*;*;1~8;4.709327549;1.295010846;928;461;3.5348~7.0695;136000~196999;2
1336;*;*;9~16;7.469428008;1.015779093;1606;507;3.5348~7.0695;136000~196999;2
1337;*;*;17~24;6.537349398;1.065060241;1475;415;3.5348~7.0695;136000~196999;2
1338;*;*;9~16;7.083601286;1.003215434;1051;311;3.5348~7.0695;136000~196999;2
1339;*;*;25~32;5.677067083;1.171606864;2362;641;0.0000~3.5347;75000~135999;2
1340;*;*;9~16;4.390029326;1.055718475;943;341;0.0000~3.5347;75000~135999;2
1341;*;*;9~16;5.413721414;0.943866944;1696;481;3.5348~7.0695;136000~196999;2
1342;*;*;1~8;5.681818182;0.989669421;1526;484;3.5348~7.0695;136000~196999;2
1343;*;*;25~32;4.716981132;0.886792453;663;212;3.5348~7.0695;14000~135999;2
1344;*;*;33~40;5.234072022;1.060941828;2356;722;0.0000~3.5347;75000~135999;2
1345;*;*;9~16;5.99378882;1.127329193;990;322;3.5348~7.0695;136000~196999;2
1346;*;*;9~16;7.138666667;0.981333333;1288;375;3.5348~7.0695;136000~196999;2
1347;*;*;1~8;6.229007634;0.946564885;879;262;3.5348~7.0695;136000~196999;2
1348;*;*;9~16;6.284931507;1.065753425;1142;365;3.5348~7.0695;136000~196999;2
1349;*;*;9~16;4.948051948;0.928571429;940;308;3.5348~7.0695;136000~196999;2
1350;*;*;1~8;5.460474308;0.429841897;3207;1012;3.5348~7.0695;136000~196999;2
1351;*;*;25~32;3.938095238;1.138095238;1141;420;0.0000~3.5347;75000~135999;2
1352;*;*;33~40;5.328712871;1.073267327;1409;505;0.0000~3.5347;75000~135999;2
1353;*;*;9~16;4.148148148;1.028395062;2041;810;0.0000~3.5347;75000~135999;2
1354;*;*;25~32;5.097259063;1.034482759;3266;1131;0.0000~3.5347;75000~135999;2
1355;*;*;9~16;5.013824885;1.069124424;1410;434;3.5348~7.0695;14000~135999;2
1356;*;*;9~16;5.443786982;1.050295858;1288;338;3.5348~7.0695;14000~135999;2
1357;*;*;9~16;5.628083491;1.058823529;1687;527;0.0000~3.5347;75000~135999;2
1358;*;*;33~40;5.030120482;1.112449799;1595;498;0.0000~3.5347;75000~135999;2
1359;*;*;17~24;5.677966102;1.055469954;1939;649;3.5348~7.0695;136000~196999;2
1360;*;*;25~32;5.586481113;1.029821074;1640;503;0.0000~3.5347;75000~135999;2
1361;*;*;41~48;6.181434599;1.042194093;817;237;*;136000~196999;0
1362;*;*;1~8;5.431554524;0.946635731;1235;431;3.5348~7.0695;136000~196999;2
1363;*;*;41~48;4.220779221;1.122077922;825;385;0.0000~3.5347;75000~135999;0
1364;*;*;41~48;3.933333333;1.133333333;54;30;*;197000~257999;0
1365;*;*;49~56;5.272727273;1.126385809;940;451;*;136000~196999;0
1366;*;*;41~48;4.478902954;1.042194093;859;474;*;136000~196999;0
1367;*;*;49~56;5.569620253;1.079113924;741;316;*;136000~196999;0
1368;*;*;49~56;4.234899329;1.036912752;608;298;*;136000~196999;0
1369;*;*;33~40;4.4078125;1.01875;1206;640;*;136000~196999;0
1370;*;*;33~40;6.498194946;1.046931408;761;277;*;136000~196999;0
1371;*;*;33~40;5.683982684;1.324675325;575;231;0.0000~3.5347;75000~135999;0
1372;*;*;41~48;4.752650177;0.961130742;718;283;0.0000~3.5347;75000~135999;0
1373;*;*;17~24;5.24137931;1.052473763;3221;1334;3.5348~7.0695;136000~196999;0
1374;*;*;49~56;5.439330544;1.10041841;691;239;*;14000~135999;0
1375;*;*;49~56;4.787878788;0.977961433;837;363;*;14000~135999;0
1376;*;*;41~48;5.839895013;0.963254593;864;381;*;136000~196999;0
1377;*;*;33~48;5.049275362;0.982608696;1128;345;3.5348~7.0695;14000~135999;0
1378;*;*;25~32;5.551546392;1.06185567;2086;776;3.5348~7.0695;136000~196999;0
1379;*;*;33~40;5.315217391;1.097826087;462;184;*;136000~196999;0
1380;*;*;1~8;5.69647848;1.051984349;4377;1789;3.5348~7.0695;197000~257999;0
1381;*;*;9~16;6.305709024;1.073664825;1460;543;3.5348~7.0695;197000~257999;0
1382;*;*;17~24;6.362021858;1.009562842;1914;732;3.5348~7.0695;197000~257999;0
1383;*;*;17~24;6.23326572;1.026369168;1773;493;3.5348~7.0695;197000~257999;0
1384;*;*;9~16;5.788461538;1.050295858;1782;676;3.5348~7.0695;197000~257999;0
1385;*;*;9~16;5.648915187;1.013806706;1300;507;3.5348~7.0695;258000~501999;0
1386;*;*;9~16;5.659528908;0.940042827;1105;467;3.5348~7.0695;197000~257999;0
1387;*;*;1~8;7.294360385;1.071526823;2017;727;3.5348~7.0695;258000~501999;0
1388;*;*;9~16;6.622727273;1.028787879;1790;660;3.5348~7.0695;258000~501999;0
1389;*;*;9~16;6.17087156;0.998853211;2296;872;3.5348~7.0695;197000~257999;0
1390;*;*;33~40;6.360153257;1.061302682;741;261;*;197000~257999;0
1391;*;*;17~24;6.696594427;1.013931889;1753;646;3.5348~7.0695;258000~318999;0
1392;*;*;17~24;6.212765957;1.063829787;1679;611;3.5348~7.0695;197000~257999;0
1393;*;*;25~32;5.846808511;0.876595745;569;235;3.5348~7.0695;197000~257999;0
1394;*;*;25~32;5.54438861;0.961474037;1811;597;3.5348~7.0695;136000~196999;0
1395;*;*;9~16;4.710490463;1.116485014;2940;1468;3.5348~7.0695;136000~196999;0
1396;*;*;17~24;5;1.035190616;856;341;3.5348~7.0695;197000~257999;0
1397;*;*;33~40;5.85467128;1.003460208;836;289;*;197000~257999;0
1398;*;*;33~40;5.868421053;1.029605263;788;304;*;136000~196999;0
1399;*;*;17~24;6.081890812;1.021304927;3748;1502;3.5348~7.0695;258000~318999;0
1400;*;*;33~40;5.981081081;1.043243243;950;370;*;136000~196999;0
1401;*;*;33~40;5.711688312;1.007792208;1025;385;*;136000~196999;0
1402;*;*;17~24;5.919776119;1.02238806;1351;536;3.5348~7.0695;197000~257999;0
1403;*;*;33~40;7.047297297;1.060810811;425;148;*;197000~257999;0
1404;*;*;33~40;6.273195876;1.025773196;552;194;*;136000~196999;0
1405;*;*;9~16;4.735235567;1.122096881;2959;1507;3.5348~7.0695;136000~196999;0
1406;*;*;33~40;5.234200743;1.029739777;738;269;*;136000~196999;0
1407;*;*;17~24;3.512236287;1.007594937;1804;1185;0.0000~3.5347;136000~196999;0
1408;*;*;17~24;4.484882419;1.088465845;1896;893;0.0000~3.5347;197000~257999;0
1409;*;*;33~40;5.544117647;1.025210084;1111;476;*;197000~257999;0
1410;*;*;25~32;5.701357466;1.248868778;707;221;0.0000~3.5347;197000~257999;0
1411;*;*;33~40;6.107250755;1.040785498;1832;662;*;197000~257999;0
1412;*;*;41~48;5.969945355;0.975409836;943;366;*;197000~257999;0
1413;*;*;41~48;5.635658915;0.906976744;683;258;*;258000~318999;0
1414;*;*;25~32;6.406698565;1;601;209;3.5348~7.0695;197000~257999;0
1415;*;*;25~32;6.746575342;1;2634;1022;3.5348~7.0695;258000~318999;0
1416;*;*;9~16;4.339915374;1.033850494;1447;709;0.0000~3.5347;75000~135999;0
1417;*;*;25~32;5.632958801;1.04494382;749;267;0.0000~3.5347;75000~135999;0
1418;*;*;33~40;6.26984127;1.12244898;1478;441;*;136000~196999;0
1419;*;*;9~16;3.157894737;0.526315789;65;19;3.5348~7.0695;197000~257999;0
1420;*;*;9~16;5.158227848;0.989451477;721;474;0.0000~3.5347;75000~135999;0
1421;*;*;17~24;4.903345725;1.17472119;384;269;0.0000~3.5347;136000~196999;0
1422;*;*;33~40;6.300254453;1.201017812;1213;393;*;136000~196999;0
1423;*;*;9~16;4.676724138;0.935344828;356;232;0.0000~3.5347;75000~135999;0
1424;*;*;1~16;2.508298755;0.989626556;627;482;0.0000~3.5347;136000~196999;0
1425;*;*;1~16;3.405594406;1.104895105;631;286;0.0000~3.5347;136000~196999;0
1426;*;*;25~32;6.032040472;0.979763912;1753;593;3.5348~7.0695;136000~196999;0
1427;*;*;25~32;5.489795918;0.955782313;1666;588;3.5348~7.0695;136000~196999;0
1428;*;*;33~40;5.572916667;1.127083333;1378;480;*;136000~196999;0
1429;*;*;41~48;5.312149533;1.059813084;1261;535;*;136000~196999;0
1430;*;*;25~32;6.281779661;1.129237288;1591;472;3.5348~7.0695;136000~196999;0
1431;*;*;33~40;5.482332155;0.948763251;1614;566;*;136000~196999;0
1432;*;*;33~40;5.659949622;1.047858942;1237;397;*;136000~196999;0
1433;*;*;33~40;5.014285714;0.934285714;882;350;*;136000~196999;0
1434;*;*;41~48;5.778801843;1.161290323;498;217;*;136000~196999;0
1435;*;*;25~32;4.96969697;1.131313131;777;297;0.0000~3.5347;136000~196999;0
1436;*;*;25~32;5.408108108;1.008108108;956;370;3.5348~7.0695;136000~196999;0
1437;*;*;25~32;5.855491329;0.976878613;436;173;3.5348~7.0695;197000~257999;2
1438;*;*;25~32;5.779582367;0.993039443;1171;431;3.5348~7.0695;197000~257999;2
1439;*;*;25~32;5.8828125;1.029296875;1288;512;3.5348~7.0695;197000~257999;0
1440;*;*;33~40;4.869918699;1.086720867;756;369;*;136000~196999;0
1441;*;*;33~40;4.453172205;1.036253776;782;331;*;136000~196999;0
1442;*;*;25~32;6.122913505;0.972685888;1881;659;3.5348~7.0695;136000~196999;2
1443;*;*;25~32;5.953079179;0.988269795;867;341;3.5348~7.0695;136000~196999;2
1444;*;*;17~24;5.746867168;1.030075188;969;399;3.5348~7.0695;136000~196999;2
1445;*;*;25~32;6.408577878;0.966139955;1372;443;3.5348~7.0695;197000~257999;2
1446;*;*;33~40;6.930232558;1.168604651;535;172;*;136000~196999;2
1447;*;*;33~40;4.590909091;875;237;88;*;136000~196999;2
1448;*;*;33~40;4.984126984;1.05952381;638;252;*;136000~196999;0
1449;*;*;25~32;5.413105413;1.142450142;918;351;3.5348~7.0695;136000~196999;0
1450;*;*;17~24;7.323529412;1.050802139;1072;374;3.5348~7.0695;258000~318999;2
1451;*;*;25~32;5.712837838;0.976351351;807;296;3.5348~7.0695;197000~257999;2
1452;*;*;17~24;6.487804878;0.892682927;656;205;3.5348~7.0695;197000~257999;2
1453;*;*;25~32;4.57827476;0.926517572;877;313;3.5348~7.0695;136000~196999;2
1454;*;*;25~32;6.807407407;1.011111111;899;270;3.5348~7.0695;197000~257999;2
1455;*;*;1~8;5.056213018;1.094674556;1583;676;3.5348~7.0695;136000~196999;2
1456;*;*;17~24;5.531481481;0.805555556;1420;540;3.5348~7.0695;197000~257999;2
1457;*;*;25~32;7.241758242;0.967032967;817;273;3.5348~7.0695;197000~257999;2
1458;*;*;25~32;6.635696822;0.953545232;1232;409;3.5348~7.0695;197000~257999;2
1459;*;*;25~32;6.36744186;0.995348837;1316;430;3.5348~7.0695;197000~257999;2
1460;*;*;17~24;5.955696203;1.073839662;1271;474;3.5348~7.0695;197000~257999;2
1461;*;*;25~32;6.114180479;1.084714549;1470;543;3.5348~7.0695;136000~196999;2
1462;*;*;25~32;4.961651917;0.982300885;1980;678;3.5348~7.0695;136000~196999;2
1463;*;*;25~32;6.292117465;1.102009274;2033;647;3.5348~7.0695;136000~196999;2
1464;*;*;1~16;4.497902098;1.06993007;1627;715;0.0000~3.5347;136000~196999;2
1465;*;*;1~8;6.424471299;1.070996979;1883;662;3.5348~7.0695;197000~257999;2
1466;*;*;9~16;4.978303748;1.106508876;2209;1014;0.0000~3.5347;75000~135999;2
1467;*;*;1~16;7.210412148;1.039045553;1470;461;7.0696~10.6043;*;2
1468;*;*;17~24;6.469483568;0.992957746;1228;426;3.5348~7.0695;197000~257999;2
1469;*;*;9~16;7.670731707;1.041463415;2724;820;3.5348~7.0695;258000~501999;2
1470;*;*;9~16;7.516372796;1.022670025;1317;397;3.5348~7.0695;258000~501999;2
1471;*;*;33~40;6.817991632;1.041841004;1250;478;*;197000~257999;0
1472;*;*;33~40;5.629807692;1.048076923;1191;416;*;136000~196999;0
1473;*;*;41~48;4.800595238;1.005952381;865;336;*;136000~196999;0
1474;*;*;25~32;4.310645724;1.092495637;1174;573;0.0000~3.5347;136000~196999;0
1475;*;*;17~24;4.394241417;1.031007752;2629;903;0.0000~3.5347;136000~196999;0
1476;*;*;9~16;4.203463203;1.043290043;1705;693;0.0000~3.5347;75000~135999;0
1477;*;*;17~24;3.714697406;1.059942363;3621;1735;0.0000~3.5347;75000~135999;0
1478;*;*;33~40;5.068965517;0.938697318;705;261;*;136000~196999;0
1479;*;*;17~24;3.83557047;1.161073826;578;298;0.0000~3.5347;136000~196999;0
1480;*;*;33~40;5.461346633;0.957605985;1154;401;*;136000~196999;0
1481;*;*;25~32;4.78968254;1;724;252;3.5348~7.0695;136000~196999;0
1482;*;*;25~32;4.152487961;1.170144462;1500;623;0.0000~3.5347;136000~196999;0
1483;*;*;25~32;5.061959654;1.139769452;1875;694;0.0000~3.5347;136000~196999;0
1484;*;*;17~24;4.577235772;0.869918699;246;123;3.5348~7.0695;136000~196999;0
1485;*;*;1~8;7.536062378;1.050682261;1555;513;3.5348~7.0695;258000~501999;0
1486;*;*;25~32;7.144808743;1.005464481;935;366;3.5348~7.0695;258000~318999;0
1487;*;*;17~24;4.20414673;1.102073365;1142;627;0.0000~3.5347;136000~196999;0
1488;*;*;1~16;4.590782123;1.107541899;1601;716;0.0000~3.5347;197000~257999;0
1489;*;*;25~32;4.430147059;0.955882353;608;272;0.0000~3.5347;197000~257999;0
1490;*;*;25~32;6.167192429;0.987381703;804;317;3.5348~7.0695;197000~257999;0
1491;*;*;17~24;6.940944882;1.003937008;1660;508;3.5348~7.0695;197000~257999;0
1492;*;*;17~24;5.643659711;1.060995185;1465;623;3.5348~7.0695;197000~257999;0
1493;*;*;17~24;7.496993988;0.871743487;1339;499;3.5348~7.0695;319000~379999;0
1494;*;*;17~24;5.373737374;1.03030303;1317;594;3.5348~7.0695;258000~318999;0
1495;*;*;25~32;7.359090909;1.018181818;706;220;3.5348~7.0695;258000~318999;0
1496;*;*;17~24;7.113013699;1.020547945;937;292;3.5348~7.0695;258000~318999;0
1497;*;*;9~16;9.263598326;1.071129707;848;239;3.5348~7.0695;258000~501999;2
1498;*;*;25~32;7.94011976;1.002994012;1062;334;7.0696~10.6043;*;0
1499;*;*;33~40;5.039634146;1.018292683;814;328;*;136000~196999;0
1500;*;*;17~24;6.454954955;0.983108108;2444;888;3.5348~7.0695;197000~257999;0
1501;*;*;17~24;5.767123288;0.969863014;993;365;3.5348~7.0695;197000~257999;0
1502;*;*;25~32;6.511278195;1.037593985;341;133;3.5348~7.0695;197000~257999;0
1503;*;*;17~24;4.74335472;1.111824015;2804;1091;0.0000~3.5347;136000~196999;0
1504;*;*;17~24;7.518317503;1.052917232;2214;737;3.5348~7.0695;258000~318999;0
1505;*;*;17~24;7.661788618;1.014634146;1773;615;3.5348~7.0695;319000~379999;0
1506;*;*;1~8;4.851305335;1.308740068;1503;881;3.5348~7.0695;258000~501999;0
1507;*;*;9~16;5.047218629;1.03686934;2957;1546;3.5348~7.0695;136000~196999;0
1508;*;*;9~16;5.270729685;1.06053068;4741;2412;3.5348~7.0695;197000~257999;0
1509;*;*;25~32;7.982704403;1.006289308;1872;636;7.0696~10.6043;*;0
1510;*;*;17~24;8.442748092;1.038167939;1124;393;3.5348~7.0695;319000~379999;0
1511;*;*;17~24;8.27973749;1.041017227;3645;1219;7.0696~10.6043;*;0
1512;*;*;25~32;6.11011236;0.978651685;2310;890;3.5348~7.0695;258000~318999;0
1513;*;*;9~16;4.187111801;1.104037267;2133;1288;3.5348~7.0695;197000~257999;0
1514;*;*;25~32;3.776705277;1.084298584;2669;1554;0.0000~3.5347;197000~257999;0
1515;*;*;17~24;3.419067215;1.090534979;2575;1458;0.0000~3.5347;75000~135999;0
1516;*;*;41~48;6.487394958;1.025210084;614;238;*;197000~257999;0
1517;*;*;25~32;5.025122121;1.06140963;3264;1433;3.5348~7.0695;197000~257999;0
1518;*;*;25~32;5.660818713;1.080409357;1629;684;3.5348~7.0695;197000~257999;0
1519;*;*;25~32;5.464367816;1.07816092;1068;435;3.5348~7.0695;197000~257999;0
1520;*;*;25~32;6.324817518;0.967153285;796;274;3.5348~7.0695;258000~318999;0
1521;*;*;25~32;5.86779661;1;810;295;3.5348~7.0695;258000~318999;0
1522;*;*;33~40;6.102362205;1.090551181;638;254;*;258000~318999;0
1523;*;*;25~32;6.213872832;0.98265896;486;173;3.5348~7.0695;258000~318999;0
1524;*;*;17~24;6.939130435;1.054347826;3486;1380;7.0696~10.6043;*;0
1525;*;*;25~32;5.089552239;1.113432836;1428;670;3.5348~7.0695;258000~318999;0
1526;*;*;33~40;6.171779141;1.024539877;1223;489;*;258000~318999;0
1527;*;*;25~32;5.555107527;1.034946237;1691;744;3.5348~7.0695;258000~318999;0
1528;*;*;33~40;6.291176471;1.008823529;809;340;*;258000~318999;0
1529;*;*;33~40;6.154471545;1.008130081;319;123;*;258000~318999;0
1530;*;*;33~40;6.696078431;0.984593838;1879;714;*;319000~379999;0
1531;*;*;25~32;7.130434783;1.02173913;847;322;3.5348~7.0695;380000~501999;0
1532;*;*;1~32;4.725085911;1.16838488;1699;873;0.0000~3.5347;258000~501999;0
1533;*;*;25~32;5.657505285;1.023255814;986;473;3.5348~7.0695;319000~379999;0
1534;*;*;33~40;5.925795053;0.950530035;689;283;*;258000~318999;0
1535;*;*;33~40;7.002890173;0.930635838;998;346;*;319000~379999;0
1536;*;*;25~32;5.285546416;1.012925969;1818;851;3.5348~7.0695;319000~379999;0
1537;*;*;17~24;5.677050883;1.08411215;2310;963;3.5348~7.0695;258000~318999;0
1538;*;*;25~32;8.16066838;1.102827763;2450;778;7.0696~10.6043;*;0
1539;*;*;25~32;5.834829443;0.987432675;1230;557;3.5348~7.0695;258000~318999;0
1540;*;*;25~32;6.692477876;1.055309735;1035;452;3.5348~7.0695;380000~501999;0
1541;*;*;25~32;7.935611038;1.024967148;2181;761;7.0696~10.6043;*;0
1542;*;*;17~24;6.827586207;1.003448276;861;290;3.5348~7.0695;258000~318999;1
1543;*;*;17~24;6.759557344;1.07444668;2843;994;3.5348~7.0695;258000~318999;1
1544;*;*;17~24;7.304843305;0.988603989;1043;351;3.5348~7.0695;258000~318999;1
1545;*;*;1~32;3.709821429;1.03125;404;224;0.0000~3.5347;258000~501999;1
1546;*;*;17~24;6.748502994;1.017964072;518;167;3.5348~7.0695;197000~257999;1
1547;*;*;17~24;7.036900369;1.029520295;2653;813;3.5348~7.0695;258000~318999;1
1548;*;*;17~24;6.787798408;0.981432361;1238;377;3.5348~7.0695;258000~318999;1
1549;*;*;17~24;4.769491525;1.108474576;501;295;0.0000~3.5347;136000~196999;1
1550;*;*;9~16;8.273631841;1.042288557;1272;402;3.5348~7.0695;258000~501999;1
1551;*;*;9~16;6.729303548;0.965834428;2464;761;3.5348~7.0695;258000~501999;1
1552;*;*;17~24;7.358344114;1.065976714;2111;773;3.5348~7.0695;258000~318999;1
1553;*;*;17~24;7.891764706;0.992941176;1457;425;7.0696~10.6043;*;1
1554;*;*;1~16;7.282798834;0.962099125;1027;343;7.0696~10.6043;*;1
1555;*;*;17~24;7.803763441;1.040322581;1127;372;3.5348~7.0695;319000~379999;1
1556;*;*;1~16;8.481045752;1.016993464;2404;765;7.0696~10.6043;*;1
1557;*;*;17~24;8.606299213;1.097112861;1222;381;7.0696~10.6043;*;1
1558;*;*;1~16;7.290032154;1.065594855;4089;1555;7.0696~10.6043;*;1
1559;*;*;9~16;7.730538922;0.966067864;1451;501;3.5348~7.0695;258000~501999;1
1560;*;*;1~8;5.681271811;1.095773556;5613;2579;3.5348~7.0695;258000~501999;1
1561;*;*;1~16;8.946759259;1.071759259;1548;432;7.0696~10.6043;*;1
1562;*;*;1~8;5.26013772;1.100994644;2889;1307;3.5348~7.0695;258000~501999;1
1563;*;*;1~16;8.740310078;1.042635659;876;258;7.0696~10.6043;*;1
1564;*;*;1~32;10.51162791;1.186046512;140;43;10.6044~16.0000;*;1
1565;*;*;1~32;4.632653061;0.714285714;114;49;0.0000~3.5347;258000~501999;1
1566;*;*;1~32;22.22222222;2.222222222;25;9;10.6044~16.0000;*;1
1567;*;*;1~8;6.601410935;1.024691358;1633;567;3.5348~7.0695;258000~501999;1
1568;*;*;1~16;7.64625132;1.063357973;3221;947;7.0696~10.6043;*;1
1569;*;*;1~16;6.870503597;0.932853717;1376;417;7.0696~10.6043;*;1
1570;*;*;33~40;7.144486692;1.007604563;729;263;*;441000~501999;0
1571;*;*;25~32;7.200367647;1.009191176;1330;544;3.5348~7.0695;380000~501999;0
1572;*;*;17~24;5.106481481;1.060185185;926;432;3.5348~7.0695;197000~257999;1
1573;*;*;17~24;4.639405204;1.007434944;579;269;0.0000~3.5347;197000~257999;1
1574;*;*;17~24;8.377464789;1.03943662;1997;710;7.0696~10.6043;*;0
1575;*;*;9~16;6.386469673;1.060653188;3283;1286;3.5348~7.0695;258000~501999;1
1576;*;*;17~24;6.2;1.106666667;146;75;3.5348~7.0695;136000~196999;1
1577;*;*;1~16;6.919642857;1.012276786;2286;896;7.0696~10.6043;*;0
1578;*;*;17~24;7.539614561;0.957173448;1396;467;7.0696~10.6043;*;0
1579;*;*;1~16;7.199524941;1.040380048;1087;421;7.0696~10.6043;*;0
1580;*;*;1~16;8.106100796;0.978779841;1209;377;7.0696~10.6043;*;0
1581;*;*;25~32;7.989361702;1.045212766;1145;376;7.0696~10.6043;*;0
1582;*;*;1~32;9.01611279;1.081570997;3011;993;10.6044~16.0000;*;1
1583;*;*;1~32;8.43442623;1.032786885;416;122;10.6044~16.0000;*;2
1584;*;*;25~32;7.93107105;1.036055143;2744;943;7.0696~10.6043;*;2
1585;*;*;1~16;8.459251101;1.04185022;2777;908;7.0696~10.6043;*;1
1586;*;*;1~32;8.18622449;0.966836735;1199;392;10.6044~16.0000;*;2
1587;*;*;1~16;7.421717172;0.95959596;1177;396;7.0696~10.6043;*;1
1588;*;*;17~24;7.812339332;1.06940874;3280;1167;7.0696~10.6043;*;1
1589;*;*;1~16;7.914002205;0.990077178;2823;907;7.0696~10.6043;*;1
1590;*;*;17~24;7.43231441;1.036390102;4083;1374;7.0696~10.6043;*;0
1591;*;*;17~24;8.388135593;1.061016949;1850;590;7.0696~10.6043;*;0
1592;*;*;33~40;6.080882353;1.058823529;368;136;*;258000~318999;0
1593;*;*;25~32;7.838797814;1.019125683;2099;732;7.0696~10.6043;*;0
1594;*;*;33~40;7.860304288;1.044260028;1962;723;*;441000~501999;0
1595;*;*;33~40;6.666666667;1.053030303;352;132;*;380000~440999;0
1596;*;*;17~24;5.460898502;1.086522463;1398;601;3.5348~7.0695;258000~318999;0
1597;*;*;25~32;4.821138211;1.048780488;1067;492;3.5348~7.0695;258000~318999;0
1598;*;*;33~40;6.608910891;1.01320132;1602;606;*;319000~379999;0
1599;*;*;33~40;7.672176309;0.997245179;1001;363;*;380000~440999;0
1600;*;*;25~32;4.717836257;1.071637427;1260;684;3.5348~7.0695;197000~257999;0
1601;*;*;1~32;4.402366864;1.266272189;295;169;0.0000~3.5347;258000~501999;0
1602;*;*;17~24;7.947598253;0.96069869;728;229;7.0696~10.6043;*;0
1603;*;*;33~40;6.215302491;0.975088968;2865;1124;*;380000~440999;0
1604;*;*;9~16;4.079545455;1.204545455;590;264;3.5348~7.0695;258000~501999;0
1605;*;*;17~24;7.003401361;1.571428571;410;294;0.0000~3.5347;75000~135999;0
1606;*;*;25~32;4.707667732;0.694888179;825;626;0.0000~3.5347;75000~135999;0
1607;*;*;17~24;4.766718507;1.056765163;1750;1286;0.0000~3.5347;75000~135999;0
1608;*;*;17~24;5.158730159;1.07384403;2092;1449;3.5348~7.0695;136000~196999;0
1609;*;*;17~24;5.366492147;1.073298429;263;191;0.0000~3.5347;136000~196999;0
1610;*;*;9~16;5.260649087;1.028397566;1512;986;3.5348~7.0695;197000~257999;0
1611;*;*;17~24;5.298076923;1.076923077;317;208;3.5348~7.0695;197000~257999;0
1612;*;*;25~32;4.529190207;1.062146893;680;531;0.0000~3.5347;14000~74999;0
1613;*;*;33~40;7.15860735;1.021276596;1511;517;*;319000~379999;0
1614;*;*;25~32;7.122077922;0.987012987;2212;770;7.0696~10.6043;*;0
1615;*;*;33~40;7.435448578;1.094091904;1351;457;*;258000~318999;0
1616;*;*;17~24;7.99391172;1.04414003;1870;657;7.0696~10.6043;*;0
1617;*;*;1~32;9.361702128;1.127659574;1722;141;10.6044~16.0000;*;0
1618;*;*;25~32;8.128514056;1.030120482;1486;498;7.0696~10.6043;*;0
1619;*;*;25~32;7.249201278;1.012779553;918;313;3.5348~7.0695;319000~379999;0
1620;*;*;17~24;7.20505618;1.040730337;1887;712;7.0696~10.6043;*;0
1621;*;*;1~32;8.115079365;0.94047619;830;252;10.6044~16.0000;*;0
1622;*;*;17~24;5.434706398;1.035933392;2415;1141;3.5348~7.0695;258000~318999;0
1623;*;*;25~32;7.208037825;1.005516154;3371;1269;7.0696~10.6043;*;0
1624;*;*;17~24;5.713136729;0.919571046;874;373;3.5348~7.0695;319000~379999;0
1625;*;*;1~16;7.070769231;1.084615385;1480;650;7.0696~10.6043;*;0
1626;*;*;33~40;6.954451346;1.020703934;1298;483;*;380000~440999;0
1627;*;*;33~40;4.479338843;0.983471074;231;121;*;319000~379999;0
1628;*;*;33~40;7.210696921;1.030794165;1684;617;*;380000~440999;0
1629;*;*;25~32;6.895348837;0.934108527;721;258;7.0696~10.6043;*;0
1630;*;*;25~32;7.179841897;1.003952569;1393;506;7.0696~10.6043;*;0
1631;*;*;33~40;7.554166667;1.045833333;1348;480;*;380000~440999;0
1632;*;*;33~40;6.890710383;0.967213115;472;183;*;380000~440999;0
1633;*;*;1~32;6.333333333;0.866666667;31;15;0.0000~3.5347;258000~501999;0
1634;*;*;33~40;7.506769826;1.083172147;1315;517;*;319000~379999;0
1635;*;*;33~40;6.870967742;1.032258065;398;155;*;319000~379999;0
1636;*;*;1~32;8.540925267;1.039145907;2428;843;10.6044~16.0000;*;0
1637;*;*;33~40;7525;1025;740;280;*;441000~501999;0
1638;*;*;33~40;8.321678322;1.066433566;1511;572;*;441000~501999;0
1639;*;*;17~24;6.600817439;1.001362398;1634;734;7.0696~10.6043;*;0
1640;*;*;1~8;7.386811024;1.071850394;3325;1016;3.5348~7.0695;197000~257999;2
1641;*;*;1~8;7.841584158;1.168316832;615;202;3.5348~7.0695;136000~196999;2
1642;*;*;1~8;7.220008478;1.079270877;7653;2359;3.5348~7.0695;197000~257999;2
1643;*;*;17~24;4.821276596;1.038297872;716;235;0.0000~3.5347;136000~196999;2
1644;*;*;1~16;8.465671642;1.113432836;959;335;7.0696~10.6043;*;2
1645;*;*;1~32;9.104216388;1.077963405;3898;1257;10.6044~16.0000;*;2
1646;*;*;1~32;8.802531646;1.053164557;1216;395;10.6044~16.0000;*;2
1647;*;*;1~16;7.586151369;1.061191626;2089;621;7.0696~10.6043;*;2
1648;*;*;1~16;4.482808023;1.012893983;1606;698;0.0000~3.5347;197000~257999;2
1649;*;*;25~32;6.155688623;1.007984032;1557;501;3.5348~7.0695;136000~196999;2
1650;*;*;25~32;5.67842031;1.115655853;1850;709;3.5348~7.0695;136000~196999;2
1651;*;*;17~24;7.315545244;0.953596288;1318;431;3.5348~7.0695;258000~318999;2
1652;*;*;1~8;6.560728745;0.939271255;1552;494;3.5348~7.0695;258000~501999;2
1653;*;*;17~24;8.332344214;1;1038;337;7.0696~10.6043;*;0
1654;*;*;1~16;7.898203593;1.032934132;1055;334;7.0696~10.6043;*;0
1655;*;*;1~16;7.876106195;0.991150442;764;226;7.0696~10.6043;*;2
1656;*;*;1~16;7.897727273;1.106060606;852;264;7.0696~10.6043;*;2
1657;*;*;9~16;6.355184744;1.05363528;2093;839;3.5348~7.0695;197000~257999;2
1658;*;*;17~24;7.343930636;1.026011561;986;346;7.0696~10.6043;*;2
1659;*;*;1~16;7.419354839;0.912442396;703;217;7.0696~10.6043;*;2
1660;*;*;25~32;7.216666667;0.966666667;533;180;3.5348~7.0695;258000~318999;2
1661;*;*;1~16;7.992990654;0.997663551;1341;428;7.0696~10.6043;*;2
1662;*;*;9~16;7.628647215;1.037135279;1089;377;3.5348~7.0695;258000~501999;2
1663;*;*;9~16;8.853061224;1.069387755;877;245;3.5348~7.0695;258000~501999;2
1664;*;*;25~32;6.707762557;0.98630137;578;219;3.5348~7.0695;197000~257999;2
1665;*;*;9~16;6.778195489;1.003759398;946;266;3.5348~7.0695;197000~257999;0
1666;*;*;9~16;6.419230769;1.023076923;1834;520;3.5348~7.0695;197000~257999;0
1667;*;*;9~16;6.635802469;1.009259259;1094;324;3.5348~7.0695;197000~257999;0
1668;*;*;9~16;6.922063666;1.055982437;2581;911;3.5348~7.0695;258000~501999;0
1669;*;*;49~56;5.252918288;1.035019455;490;257;*;136000~196999;0
1670;*;*;49~56;5.845117845;1.205387205;638;297;*;136000~196999;0
1671;*;*;49~56;5.616016427;1.147843943;1076;487;*;136000~196999;0
1672;*;*;25~32;6.219712526;1.026694045;1236;487;3.5348~7.0695;197000~257999;0
1673;*;*;25~32;6.342776204;1.02266289;928;353;3.5348~7.0695;197000~257999;0
1674;*;*;41~48;4.529569892;1.088709677;835;372;0.0000~3.5347;75000~135999;0
1675;*;*;41~48;5.663194444;0.979166667;752;288;*;136000~196999;0
1676;*;*;41~48;5.233333333;1.122916667;1179;480;0.0000~3.5347;75000~135999;0
1677;*;*;25~32;4.087947883;0.96742671;779;307;0.0000~3.5347;136000~196999;0
1678;*;*;1~8;5.729942693;1.154011461;3596;1396;3.5348~7.0695;136000~196999;0
1679;*;*;25~32;5.599520384;0.990407674;980;417;0.0000~3.5347;136000~196999;0
1680;*;*;9~16;4.907480315;1.063976378;2805;1016;3.5348~7.0695;136000~196999;0
1681;*;*;25~32;5.850948509;1.06504065;981;369;3.5348~7.0695;136000~196999;0
1682;*;*;33~40;5.020527859;0.929618768;956;341;*;136000~196999;0
1683;*;*;25~32;5.900473934;1.012638231;1708;633;3.5348~7.0695;136000~196999;0
1684;*;*;17~24;5.340673575;1.132124352;1895;772;0.0000~3.5347;136000~196999;0
1685;*;*;25~32;6.656742557;1.089316988;1654;571;3.5348~7.0695;136000~196999;0
1686;*;*;25~32;5.839541547;0.94269341;947;349;3.5348~7.0695;197000~257999;0
1687;*;*;9~16;6.787586207;1.016551724;2312;725;3.5348~7.0695;197000~257999;0
1688;*;*;17~24;7.289029536;1.010548523;1375;474;3.5348~7.0695;197000~257999;0
1689;*;*;1~8;5.37150838;1.097765363;2053;716;3.5348~7.0695;136000~196999;0
1690;*;*;9~16;6.758558559;1.018018018;1949;555;3.5348~7.0695;258000~501999;0
1691;*;*;9~16;6.788273616;1.026058632;1154;307;3.5348~7.0695;197000~257999;0
1692;*;*;9~16;7445;1.0275;1531;400;3.5348~7.0695;197000~257999;0
1693;*;*;9~16;5.874371859;0.98241206;1003;398;3.5348~7.0695;136000~196999;0
1694;*;*;1~8;7.450549451;1.142857143;318;91;3.5348~7.0695;197000~257999;0
1695;*;*;9~16;6.831460674;0.93258427;572;178;3.5348~7.0695;197000~257999;0
1696;*;*;9~16;6.832618026;1.038626609;969;233;3.5348~7.0695;197000~257999;0
1697;*;*;1~8;7.184633028;1.041284404;3326;872;3.5348~7.0695;258000~501999;0
1698;*;*;25~32;6.094285714;0.991428571;850;350;3.5348~7.0695;197000~257999;0
1699;*;*;33~40;5.981060606;0.920454545;734;264;*;197000~257999;0
1700;*;*;9~16;6.526518392;0.973053892;7266;2338;3.5348~7.0695;258000~501999;0
1701;*;*;25~32;5.61281337;1.075208914;1777;718;3.5348~7.0695;136000~196999;0
1702;*;*;33~40;6.314159292;1.168141593;1211;452;*;136000~196999;0
1703;*;*;17~24;5.906896552;1.089655172;1512;580;3.5348~7.0695;197000~257999;0
1704;*;*;33~40;5.326470588;1.108823529;911;340;*;136000~196999;0
1705;*;*;17~24;5.563876652;1.046989721;3637;1362;3.5348~7.0695;136000~196999;0
1706;*;*;33~40;5.256267409;0.983286908;895;359;*;136000~196999;0
1707;*;*;33~40;5.355223881;1.041791045;810;335;*;136000~196999;0
1708;*;*;33~40;5.65625;1.049479167;945;384;*;136000~196999;0
1709;*;*;33~40;5.962343096;1.025104603;573;239;*;136000~196999;0
1710;*;*;25~32;6.020351526;1.051803885;3259;1081;3.5348~7.0695;136000~196999;0
1711;*;*;25~32;4.806818182;1.017676768;1821;792;3.5348~7.0695;136000~196999;0
1712;*;*;25~32;4.789795918;0.946938776;1135;490;3.5348~7.0695;136000~196999;0
1713;*;*;25~32;6.157258065;0.991935484;1495;496;3.5348~7.0695;136000~196999;0
1714;*;*;33~40;5.565537555;1.04712813;2493;679;0.0000~3.5347;75000~135999;0
1715;*;*;25~32;6.023255814;1.034883721;1687;516;3.5348~7.0695;136000~196999;0
1716;*;*;17~24;5.447928331;1.083986562;2315;893;3.5348~7.0695;136000~196999;0
1717;*;*;25~32;5.442583732;0.949760766;1233;418;3.5348~7.0695;136000~196999;0
1718;*;*;41~48;4.061007958;0.864721485;1271;377;0.0000~3.5347;75000~135999;0
1719;*;*;1~8;5.533980583;1.05631068;1024;515;3.5348~7.0695;136000~196999;0
1720;*;*;1~8;4.508455468;1.216459977;1591;887;3.5348~7.0695;14000~135999;0
1721;*;*;33~40;4;0.545454545;23;11;*;197000~257999;0
1722;*;*;33~40;4.730769231;1.096153846;316;52;0.0000~3.5347;75000~135999;0
1723;*;*;25~32;4.987068966;1.189655172;956;232;0.0000~3.5347;75000~135999;0
1724;*;*;33~40;5.037037037;1.259259259;302;81;0.0000~3.5347;14000~74999;0
1725;*;*;33~40;6.323529412;1.323529412;100;34;0.0000~3.5347;75000~135999;0
1726;*;*;25~32;4.843283582;1.354477612;716;268;0.0000~3.5347;75000~135999;0
1727;*;*;33~40;4.491428571;1.148571429;1046;350;0.0000~3.5347;14000~74999;0
1728;*;*;33~40;2.4;0.6;42;25;0.0000~3.5347;14000~74999;0
1729;*;*;33~48;4.716627635;0.960187354;1354;427;3.5348~7.0695;14000~135999;0
1730;*;*;33~48;5.475218659;1.058309038;2237;686;3.5348~7.0695;14000~135999;0
1731;*;*;17~24;4.839506173;1.345679012;287;81;3.5348~7.0695;14000~135999;0
1732;*;*;25~32;4.706855792;1.191489362;1139;423;0.0000~3.5347;75000~135999;0
1733;*;*;41~48;4.624203822;1.023354565;1545;471;0.0000~3.5347;75000~135999;0
1734;*;*;25~32;4.511700468;1.068642746;2104;641;0.0000~3.5347;75000~135999;0
1735;*;*;33~48;5.316666667;0.973333333;991;300;3.5348~7.0695;14000~135999;0
1736;*;*;33~40;5.531100478;0.909090909;643;209;*;136000~196999;0
1737;*;*;17~24;4.421459227;1.145922747;2548;1165;0.0000~3.5347;136000~196999;0
1738;*;*;25~32;5.403846154;0.956043956;1144;364;3.5348~7.0695;136000~196999;0
1739;*;*;33~48;4.979899497;0.944723618;1179;398;3.5348~7.0695;14000~135999;0
1740;*;*;17~24;4.059891107;1.052631579;1438;551;0.0000~3.5347;75000~135999;0
1741;*;*;33~48;4.868525896;0.940239044;819;251;3.5348~7.0695;14000~135999;0
1742;*;*;33~40;4.18129771;1.013358779;1563;524;0.0000~3.5347;75000~135999;0
1743;*;*;25~32;4.286681716;1.182844244;1357;443;0.0000~3.5347;75000~135999;0
1744;*;*;33~40;4.494915254;1.172881356;1023;295;0.0000~3.5347;75000~135999;0
1745;*;*;25~32;4.468978102;1.085766423;1801;548;0.0000~3.5347;75000~135999;0
1746;*;*;33~40;4.476489028;1.05015674;1272;319;0.0000~3.5347;75000~135999;0
1747;*;*;25~32;3.392857143;1.132142857;1073;280;0.0000~3.5347;75000~135999;0
1748;*;*;25~32;4.194174757;0.97815534;934;412;0.0000~3.5347;75000~135999;0
1749;*;*;33~40;7.040816327;1.214285714;784;294;*;136000~196999;0
1750;*;*;33~40;4.870090634;1.069486405;887;331;*;136000~196999;0
1751;*;*;17~24;4.123772102;1.117878193;1135;509;0.0000~3.5347;75000~135999;0
1752;*;*;9~16;4.158333333;1.100641026;3408;1560;0.0000~3.5347;75000~135999;0
1753;*;*;33~40;4.670951157;1.133676093;1220;389;0.0000~3.5347;75000~135999;0
1754;*;*;33~40;5.625766871;1.067484663;1390;489;*;136000~196999;0
1755;*;*;41~48;5.400568182;0.838068182;833;352;*;197000~257999;0
1756;*;*;33~40;5.821428571;1.086734694;434;196;*;136000~196999;0
1757;*;*;41~48;5.148734177;1.063291139;848;316;*;136000~196999;0
1758;*;*;41~48;4.715384615;1.073076923;590;260;*;136000~196999;0
1759;*;*;41~48;5.502923977;1.055555556;797;342;*;136000~196999;0
1760;*;*;41~48;4.976127321;1.031830239;807;377;*;136000~196999;0
1761;*;*;41~48;5.074850299;1.032934132;719;334;*;136000~196999;0
1762;*;*;41~48;5.724919094;1.074433657;828;309;*;136000~196999;0
1763;*;*;33~48;4.177777778;0.888888889;702;270;3.5348~7.0695;14000~135999;0
1764;*;*;41~48;4.249329759;0.882037534;981;373;0.0000~3.5347;75000~135999;0
1765;*;*;41~48;4.791925466;1.052795031;777;322;*;136000~196999;0
1766;*;*;41~48;5.38585209;1.019292605;806;311;0.0000~3.5347;75000~135999;0
1767;*;*;41~48;5.434650456;1.118541033;933;329;0.0000~3.5347;75000~135999;0
1768;*;*;33~40;5.158441558;1.109090909;1041;385;0.0000~3.5347;75000~135999;0
1769;*;*;33~40;5.560165975;1.236514523;766;241;0.0000~3.5347;75000~135999;0
1770;*;*;41~48;4.969837587;1;1318;431;0.0000~3.5347;75000~135999;0
1771;*;*;33~48;4.900990099;0.95709571;971;303;3.5348~7.0695;14000~135999;0
1772;*;*;33~40;4.201612903;1.165322581;773;248;0.0000~3.5347;75000~135999;0
1773;*;*;41~48;5.379069767;1.006976744;947;430;*;136000~196999;0
1774;*;*;41~48;4.406896552;1.020689655;936;435;*;136000~196999;0
1775;*;*;25~32;3.919708029;1.107055961;786;411;0.0000~3.5347;136000~196999;0
1776;*;*;41~48;4.968468468;1.015765766;989;444;*;136000~196999;0
1777;*;*;41~48;4.672566372;1.090707965;1406;452;0.0000~3.5347;75000~135999;0
1778;*;*;33~40;4.454976303;1.087677725;1358;422;0.0000~3.5347;75000~135999;0
1779;*;*;41~48;4.67032967;1.007326007;844;273;0.0000~3.5347;75000~135999;0
1780;*;*;33~40;3.727272727;0.867132867;729;286;0.0000~3.5347;75000~135999;0
1781;*;*;41~48;5.633540373;1.167701863;479;161;0.0000~3.5347;75000~135999;0
1782;*;*;25~32;3.18490566;0.939622642;583;265;0.0000~3.5347;75000~135999;0
1783;*;*;25~32;4.556213018;1.014792899;1007;338;0.0000~3.5347;14000~74999;0
1784;*;*;41~48;5.608225108;1.266233766;1638;462;0.0000~3.5347;75000~135999;0
1785;*;*;49~56;4.969230769;1.174358974;599;195;*;14000~135999;0
1786;*;*;17~24;4.221518987;1.158227848;1048;316;0.0000~3.5347;75000~135999;0
1787;*;*;25~32;4.544419134;1.111617312;1182;439;0.0000~3.5347;75000~135999;0
1788;*;*;41~48;3.324324324;0.963963964;371;111;0.0000~3.5347;75000~135999;0
1789;*;*;17~24;5.493449782;1.109170306;885;229;0.0000~3.5347;75000~135999;0
1790;*;*;33~40;4.451882845;1.112970711;912;239;0.0000~3.5347;14000~74999;0
1791;*;*;41~48;4.205607477;1.009345794;1798;749;0.0000~3.5347;14000~74999;0
1792;*;*;17~24;5.187869822;1.051775148;1224;676;3.5348~7.0695;258000~318999;0
1793;*;*;41~48;4.743131868;1.070054945;1353;728;*;258000~318999;0
1794;*;*;49~56;4.052631579;0.868421053;89;38;*;258000~318999;0
1795;*;*;25~32;5.876168224;1.123831776;1327;428;0.0000~3.5347;75000~135999;0
1796;*;*;33~40;5.06835443;1.053164557;1166;395;0.0000~3.5347;75000~135999;0
1797;*;*;41~48;4.377314815;1.039351852;1047;432;0.0000~3.5347;75000~135999;0
1798;*;*;41~48;4.827956989;1.045698925;1107;372;0.0000~3.5347;75000~135999;0
1799;*;*;33~40;4.074712644;1.091954023;644;174;0.0000~3.5347;75000~135999;0
1800;*;*;33~40;4.440909091;1.165909091;1437;440;0.0000~3.5347;75000~135999;0
1801;*;*;33~40;3.902542373;0.847457627;585;236;0.0000~3.5347;75000~135999;0
1802;*;*;49~56;5;0.953488372;126;43;*;14000~135999;0
1803;*;*;1~8;4.004213483;1.120786517;1285;712;3.5348~7.0695;136000~196999;0
1804;*;*;33~40;5.274376417;1.068027211;1356;441;0.0000~3.5347;75000~135999;0
1805;*;*;25~32;4.882352941;0.959276018;1220;442;0.0000~3.5347;75000~135999;0
1806;*;*;25~32;4.090753425;1.116438356;1672;584;0.0000~3.5347;75000~135999;0
1807;*;*;41~48;4.847494553;1.058823529;1304;459;0.0000~3.5347;75000~135999;0
1808;*;*;41~48;3.268292683;0.914634146;198;82;*;136000~196999;0
1809;*;*;25~32;5.074889868;0.878854626;1377;454;3.5348~7.0695;136000~196999;0
1810;*;*;25~32;5.252702703;1.052702703;2512;740;0.0000~3.5347;75000~135999;0
1811;*;*;25~32;4.878279119;1.025183631;2606;953;0.0000~3.5347;75000~135999;0
1812;*;*;33~40;4.809009009;1.165765766;1341;555;0.0000~3.5347;75000~135999;0
1813;*;*;33~40;4.332844575;1.020527859;1417;682;*;136000~196999;0
1814;*;*;41~48;4.827651515;0.96780303;1060;528;*;136000~196999;0
1815;*;*;41~48;5.076326003;1.078913325;1992;773;*;136000~196999;0
1816;*;*;33~40;7.260869565;1.075362319;872;345;*;258000~318999;0
1817;*;*;33~40;5.948019802;1.00990099;917;404;*;197000~257999;0
1818;*;*;33~40;6.353430353;1.016632017;1103;481;*;197000~257999;0
1819;*;*;41~48;6.949090909;1.029090909;697;275;*;258000~318999;0
1820;*;*;25~32;6.421824104;0.98534202;1524;614;3.5348~7.0695;319000~379999;0
1821;*;*;33~40;6.94047619;1.047619048;235;84;*;258000~318999;0
1822;*;*;25~32;7.515151515;1.012987013;602;231;3.5348~7.0695;380000~501999;0
1823;*;*;33~40;7.366013072;1.166666667;715;306;*;258000~318999;0
1824;*;*;33~40;5.802281369;0.97338403;696;263;*;258000~318999;0
1825;*;*;33~40;4.698412698;1.158730159;216;63;0.0000~3.5347;14000~74999;0
1826;*;*;25~32;4.970588235;1.156862745;537;204;0.0000~3.5347;136000~196999;0
1827;*;*;33~40;4.480286738;0.845878136;631;279;*;197000~257999;0
1828;*;*;1~16;3.651252408;1.156069364;983;519;0.0000~3.5347;136000~196999;0
1829;*;*;17~24;5.623115578;1.105527638;565;199;0.0000~3.5347;136000~196999;0
1830;*;*;41~48;5.861495845;1.127423823;900;361;*;197000~257999;0
1831;*;*;33~40;5.666666667;0.950877193;710;285;*;197000~257999;0
1832;*;*;25~32;4.114942529;1;681;348;0.0000~3.5347;197000~257999;0
1833;*;*;33~40;4.805008945;1.017889088;1159;559;*;197000~257999;0
1834;*;*;33~40;4.865874363;1.0475382;1305;589;*;197000~257999;0
1835;*;*;33~40;4.5995671;1.058441558;912;462;*;197000~257999;0
1836;*;*;41~48;4.946987952;1.048192771;873;415;*;197000~257999;0
1837;*;*;33~40;3.636963696;1.01650165;688;303;*;136000~196999;0
1838;*;*;25~32;4.054919908;1.077803204;880;437;0.0000~3.5347;136000~196999;0
1839;*;*;33~40;6.196581197;1.004273504;568;234;*;258000~318999;0
1840;*;*;33~40;6.854497354;1.121693122;905;378;*;258000~318999;0
1841;*;*;41~48;5.889830508;0.97740113;748;354;*;258000~318999;0
1842;*;*;33~40;6.150442478;0.970501475;796;339;*;258000~318999;0
1843;*;*;49~56;5.433537832;1.022494888;1131;489;*;197000~257999;0
1844;*;*;33~40;7.601823708;1.05775076;805;329;*;319000~379999;0
1845;*;*;49~56;6.293885602;1.017751479;1148;507;*;319000~379999;0
1846;*;*;49~56;5.52016129;1.004032258;490;248;*;258000~318999;0
1847;*;*;41~48;6.140816327;0.983673469;1053;490;*;319000~379999;0
1848;*;*;41~48;6.52027027;1.064189189;692;296;*;258000~318999;0
1849;*;*;41~48;7.283216783;1.041958042;685;286;*;319000~379999;0
1850;*;*;9~16;6.282110092;1.100917431;1259;436;3.5348~7.0695;14000~135999;0
1851;*;*;17~24;5.589958159;1.154811715;1298;478;0.0000~3.5347;75000~135999;0
1852;*;*;9~16;6.594989562;1.286012526;1343;479;0.0000~3.5347;14000~74999;0
1853;*;*;17~24;5.349304482;1.115919629;1947;647;0.0000~3.5347;14000~74999;0
1854;*;*;9~16;4.90625;1.115625;1645;640;0.0000~3.5347;14000~74999;0
1855;*;*;25~32;4.598774885;1.070444104;1530;653;0.0000~3.5347;75000~135999;0
1856;*;*;17~24;5.284327323;1.091539528;1993;721;0.0000~3.5347;14000~74999;0
1857;*;*;17~24;5.200389105;1.046692607;1282;514;0.0000~3.5347;75000~135999;0
1858;*;*;9~16;5.122641509;1.073584906;1532;530;0.0000~3.5347;14000~74999;0
1859;*;*;17~24;5.457489879;1.170040486;1208;494;0.0000~3.5347;75000~135999;0
1860;*;*;17~24;5.893992933;1.144876325;841;283;0.0000~3.5347;75000~135999;0
1861;*;*;17~24;5.870614035;1.164473684;1244;456;0.0000~3.5347;75000~135999;0
1862;*;*;17~24;5.6;1.073504274;3546;585;0.0000~3.5347;75000~135999;0
1863;*;*;17~24;5.987261146;1.146496815;743;314;0.0000~3.5347;136000~196999;1
1864;*;*;17~24;5.829457364;1.38372093;660;258;0.0000~3.5347;75000~135999;1
1865;*;*;17~24;5.851703407;1.274549098;1382;499;0.0000~3.5347;14000~74999;0
1866;*;*;17~24;5.690196078;1.51372549;467;255;0.0000~3.5347;197000~257999;2
1867;*;*;1~16;23.88888889;5.944444444;36;18;0.0000~3.5347;136000~196999;2
1868;*;*;17~24;3.933085502;1.308550186;851;269;0.0000~3.5347;75000~135999;2
1869;*;*;17~24;5.796033994;1.64305949;952;353;0.0000~3.5347;75000~135999;2
1870;*;*;25~32;4.517676768;1.353535354;1134;396;0.0000~3.5347;75000~135999;2
1871;*;*;17~24;9.775784753;2.31838565;755;223;0.0000~3.5347;136000~196999;2
1872;*;*;25~32;38.84090909;9.272727273;97;44;0.0000~3.5347;197000~257999;2
1873;*;*;25~32;8.25;1.855555556;406;180;0.0000~3.5347;75000~135999;2
1874;*;*;17~24;7.925925926;1.712962963;388;108;0.0000~3.5347;75000~135999;2
1875;*;*;25~32;7.143274854;1.298245614;868;342;3.5348~7.0695;14000~135999;2
1876;*;*;17~24;7.60106383;1.553191489;585;188;0.0000~3.5347;75000~135999;2
1877;*;*;25~32;5.874015748;1.547244094;717;254;0.0000~3.5347;75000~135999;2
1878;*;*;17~24;5.654244306;1.308488613;1215;483;0.0000~3.5347;75000~135999;2
1879;*;*;17~24;13.10416667;2.25;235;96;3.5348~7.0695;136000~196999;2
1880;*;*;25~32;6.114155251;1.497716895;503;219;0.0000~3.5347;75000~135999;2
1881;*;*;17~24;10.63945578;2.027210884;339;147;3.5348~7.0695;14000~135999;2
1882;*;*;17~24;6.572972973;1.562162162;421;185;0.0000~3.5347;75000~135999;2
1883;*;*;17~24;8.886039886;1.823361823;786;351;0.0000~3.5347;75000~135999;2
1884;*;*;17~24;6.794223827;1.494584838;673;277;0.0000~3.5347;136000~196999;2
1885;*;*;25~32;5.881773399;1.339901478;494;203;0.0000~3.5347;75000~135999;2
1886;*;*;25~32;5.584070796;1.296460177;534;226;0.0000~3.5347;75000~135999;2
1887;*;*;25~32;6.721804511;1.518796992;1010;399;0.0000~3.5347;75000~135999;2
1888;*;*;25~32;6.371040724;1.411764706;522;221;0.0000~3.5347;75000~135999;2
1889;*;*;17~24;20.90078329;3.608355091;999;383;3.5348~7.0695;258000~318999;2
1890;*;*;17~24;7.247058824;1.435294118;1045;425;0.0000~3.5347;75000~135999;2
1891;*;*;17~24;6.144444444;1.15;466;180;0.0000~3.5347;75000~135999;2
1892;*;*;25~32;6.373493976;1.397590361;191;83;0.0000~3.5347;75000~135999;2
1893;*;*;17~24;4.868686869;1.242424242;485;198;0.0000~3.5347;75000~135999;2
1894;*;*;25~32;6.323741007;1.284172662;689;278;0.0000~3.5347;75000~135999;2
1895;*;*;17~24;6.478787879;1.493939394;829;330;0.0000~3.5347;75000~135999;2
1896;*;*;17~24;7.907284768;1.629139073;414;151;0.0000~3.5347;75000~135999;2
1897;*;*;25~32;6.769230769;1.335664336;283;143;0.0000~3.5347;75000~135999;2
1898;*;*;17~24;5.4749499;1.220440882;1005;499;0.0000~3.5347;75000~135999;2
1899;*;*;17~24;5.939501779;1.501779359;589;281;0.0000~3.5347;75000~135999;2
1900;*;*;17~24;5.366883117;1.36038961;737;308;0.0000~3.5347;75000~135999;2
1901;*;*;17~24;11.18326693;2.107569721;675;251;0.0000~3.5347;75000~135999;2
1902;*;*;9~16;9.308383234;1.71257485;885;334;0.0000~3.5347;75000~135999;2
1903;*;*;9~16;11.67987805;1.905487805;984;328;3.5348~7.0695;136000~196999;2
1904;*;*;9~16;9.979166667;1.861111111;395;144;3.5348~7.0695;14000~135999;2
1905;*;*;17~24;9.418685121;1.771626298;828;289;3.5348~7.0695;14000~135999;2
1906;*;*;9~16;11.0245614;2.168421053;725;285;3.5348~7.0695;14000~135999;2
1907;*;*;9~16;10.37547893;1.842911877;712;261;3.5348~7.0695;14000~135999;2
1908;*;*;9~16;9.053571429;1.75;918;336;3.5348~7.0695;14000~135999;2
1909;*;*;17~24;8.096666667;1.53;883;300;0.0000~3.5347;75000~135999;2
1910;*;*;17~24;16.88356164;3.691780822;381;146;0.0000~3.5347;75000~135999;2
1911;*;*;17~24;15.81395349;3.11627907;350;129;3.5348~7.0695;14000~135999;2
1912;*;*;9~16;56.26923077;10.15384615;54;26;3.5348~7.0695;197000~257999;2
1913;*;*;17~24;61.8125;11;112;48;3.5348~7.0695;380000~501999;2
1914;*;*;33~40;141.9090909;25.63636364;30;11;*;441000~501999;2
1915;*;*;1~8;6.365102639;1.049853372;1978;682;3.5348~7.0695;136000~196999;2
1916;*;*;9~16;6.474264706;1.145220588;1456;544;3.5348~7.0695;136000~196999;2
1917;*;*;9~16;8.442105263;1.852631579;540;190;3.5348~7.0695;14000~135999;2
1918;*;*;9~16;5.609261939;1.125904486;1960;691;0.0000~3.5347;75000~135999;2
1919;*;*;9~16;5.27607362;1.058282209;850;326;0.0000~3.5347;75000~135999;2
1920;*;*;9~16;5.782493369;1.122015915;1070;377;0.0000~3.5347;75000~135999;2
1921;*;*;9~16;5.161290323;1.153225806;609;248;0.0000~3.5347;75000~135999;2
1922;*;*;17~24;5.365671642;1.208955224;675;268;0.0000~3.5347;75000~135999;2
1923;*;*;9~16;5.748953975;1.217573222;709;239;0.0000~3.5347;75000~135999;2
1924;*;*;1~8;5.811145511;1.482972136;884;323;0.0000~3.5347;14000~135999;2
1925;*;*;9~16;5.0625;2.5625;55;16;3.5348~7.0695;14000~135999;2
1926;*;*;9~16;37;8.20754717;113;53;0.0000~3.5347;75000~135999;2
1927;*;*;9~16;7.918057663;1.078907436;1949;659;3.5348~7.0695;197000~257999;2
1928;*;*;9~16;7.504504505;0.993993994;1040;333;3.5348~7.0695;197000~257999;2
1929;*;*;17~24;6.80669145;1.018587361;813;269;3.5348~7.0695;136000~196999;2
1930;*;*;9~16;8.146896128;1.068838353;5001;1627;3.5348~7.0695;197000~257999;2
1931;*;*;9~16;7.594235033;1.2172949;1357;451;3.5348~7.0695;197000~257999;2
1932;*;*;1~8;6.173828125;1.021484375;2957;1024;3.5348~7.0695;197000~257999;2
1933;*;*;1~8;5.96985447;1.116424116;2651;962;3.5348~7.0695;136000~196999;2
1934;*;*;1~8;6.94084507;1.084507042;3096;1065;3.5348~7.0695;197000~257999;2
1935;*;*;1~8;6.795297372;1.029045643;2005;723;3.5348~7.0695;136000~196999;2
1936;*;*;9~16;7.30212766;1.09787234;1286;470;3.5348~7.0695;136000~196999;2
1937;*;*;1~16;5.557640751;1.08310992;916;373;0.0000~3.5347;136000~196999;2
1938;*;*;1~16;5.344444444;1.01;2242;900;0.0000~3.5347;136000~196999;2
1939;*;*;9~16;6.27706422;1.033027523;1689;545;3.5348~7.0695;197000~257999;2
1940;*;*;9~16;6.155263158;1.147368421;1062;380;3.5348~7.0695;136000~196999;2
1941;*;*;9~16;6.679279279;1.084684685;1601;555;3.5348~7.0695;258000~501999;2
1942;*;*;9~16;6.304843305;1.094017094;1097;351;3.5348~7.0695;136000~196999;2
1943;*;*;9~16;6.330083565;1.04178273;2033;718;3.5348~7.0695;197000~257999;2
1944;*;*;9~16;6.280464217;1.119922631;1459;517;3.5348~7.0695;197000~257999;2
1945;*;*;9~16;6.536656891;1.041055718;788;341;3.5348~7.0695;136000~196999;2
1946;*;*;9~16;6.515513126;1.025059666;2645;838;3.5348~7.0695;197000~257999;2
1947;*;*;9~16;6.40952381;1.119047619;1302;420;3.5348~7.0695;136000~196999;2
1948;*;*;9~16;6.411392405;1.189873418;410;158;3.5348~7.0695;136000~196999;2
1949;*;*;1~16;5.341463415;1.045296167;674;287;0.0000~3.5347;136000~196999;2
1950;*;*;17~24;5.020435967;1.055858311;1714;734;0.0000~3.5347;75000~135999;2
1951;*;*;17~24;5.72428884;1.076586433;1158;457;0.0000~3.5347;136000~196999;2
1952;*;*;33~40;5.679886686;1.090651558;882;353;0.0000~3.5347;75000~135999;2
1953;*;*;25~32;4.808172531;0.995459705;2008;881;0.0000~3.5347;75000~135999;2
1954;*;*;25~32;4.879049676;1.041036717;1099;463;0.0000~3.5347;75000~135999;2
1955;*;*;17~24;6.221631206;1.074468085;1576;564;0.0000~3.5347;136000~196999;2
1956;*;*;17~24;3.657142857;0.921428571;314;140;0.0000~3.5347;75000~135999;2
1957;*;*;25~32;5.301020408;1.047619048;1606;588;0.0000~3.5347;75000~135999;2
1958;*;*;41~48;4.926640927;1.003861004;799;259;0.0000~3.5347;75000~135999;2
1959;*;*;17~24;6.314735336;1.097281831;1865;699;3.5348~7.0695;136000~196999;2
1960;*;*;33~40;5.26;1.0075;1060;400;*;136000~196999;2
1961;*;*;17~24;6.183510638;1.143617021;967;376;0.0000~3.5347;136000~196999;2
1962;*;*;17~24;6.113960114;1.128205128;862;351;0.0000~3.5347;136000~196999;2
1963;*;*;9~16;6.053370787;1.106741573;857;356;3.5348~7.0695;136000~196999;2
1964;*;*;17~24;5.206896552;1.272727273;789;319;0.0000~3.5347;75000~135999;2
1965;*;*;17~24;4.983870968;1.100806452;615;248;0.0000~3.5347;75000~135999;2
1966;*;*;17~24;5.173652695;1.248502994;731;334;0.0000~3.5347;75000~135999;2
1967;*;*;17~24;5.626118068;1.110912343;1432;559;0.0000~3.5347;75000~135999;2
1968;*;*;9~16;6.119891008;1.11852861;2093;734;3.5348~7.0695;136000~196999;2
1969;*;*;9~16;6.538571429;1.194285714;1944;700;3.5348~7.0695;136000~196999;2
1970;*;*;9~16;6.845819761;1.24864278;2597;921;3.5348~7.0695;14000~135999;2
1971;*;*;9~16;6.845864662;1.187969925;769;266;0.0000~3.5347;75000~135999;2
1972;*;*;9~16;7.19138756;1.291866029;1102;418;3.5348~7.0695;136000~196999;2
1973;*;*;9~16;6.693363844;1.43020595;1226;437;0.0000~3.5347;75000~135999;2
1974;*;*;17~24;5.739957717;1.260042283;1301;473;0.0000~3.5347;75000~135999;2
1975;*;*;1~8;5.43902439;1.12804878;427;164;0.0000~3.5347;14000~135999;2
1976;*;*;9~16;5.917808219;1.191780822;208;73;3.5348~7.0695;14000~135999;2
1977;*;*;9~16;8.747474747;1.845117845;796;297;0.0000~3.5347;75000~135999;2
1978;*;*;9~16;34.84375;7.96875;86;32;3.5348~7.0695;14000~135999;2
1979;*;*;33~40;132.5333333;34.06666667;36;15;*;136000~196999;2
1980;*;*;1~8;5.484751204;0.969502408;1703;623;3.5348~7.0695;136000~196999;2
1981;*;*;9~16;5.659482759;0.995689655;731;232;3.5348~7.0695;197000~257999;2
1982;*;*;9~16;5.696065129;1.070556309;3952;1474;0.0000~3.5347;75000~135999;2
1983;*;*;17~24;6.233870968;1.155913978;1126;372;3.5348~7.0695;136000~196999;2
1984;*;*;17~24;5.408759124;1.000912409;2697;1096;0.0000~3.5347;136000~196999;2
1985;*;*;1~16;5.456121343;1.120260022;2243;923;0.0000~3.5347;136000~196999;2
1986;*;*;49~56;5.311111111;1.088888889;662;180;*;14000~135999;2
1987;*;*;41~48;4.030674847;1.27607362;1155;326;0.0000~3.5347;14000~74999;2
1988;*;*;33~40;4.157534247;1.061643836;483;146;0.0000~3.5347;14000~74999;2
1989;*;*;49~56;2.8;0.7;193;40;*;14000~135999;2
1990;*;*;41~48;4.057017544;1.013157895;797;228;0.0000~3.5347;14000~74999;2
1991;*;*;41~48;3.727536232;1.043478261;972;345;0.0000~3.5347;14000~74999;2
1992;*;*;41~48;5.818930041;1.102880658;902;243;0.0000~3.5347;14000~74999;2
1993;*;*;49~56;4.622754491;1.161676647;606;167;*;14000~135999;2
1994;*;*;41~48;5.144356955;1.031496063;1286;381;0.0000~3.5347;14000~74999;2
1995;*;*;41~48;4.520512821;0.997435897;1623;390;0.0000~3.5347;14000~74999;2
1996;*;*;49~56;5.316602317;1.231660232;1280;259;*;14000~135999;2
1997;*;*;41~48;4.7;1.047826087;821;230;0.0000~3.5347;14000~74999;2
1998;*;*;33~40;4.205882353;1.08496732;1386;306;0.0000~3.5347;14000~74999;2
1999;*;*;17~24;4.187358916;1.171557562;1091;443;0.0000~3.5347;75000~135999;2
2000;*;*;9~16;4.103932584;1.165730337;924;356;0.0000~3.5347;75000~135999;2
2001;*;*;33~40;4.459915612;1.067510549;2050;474;0.0000~3.5347;14000~74999;2
2002;*;*;25~32;3.627906977;0.979328165;1515;387;0.0000~3.5347;14000~74999;2
2003;*;*;33~40;2.951557093;1.024221453;1228;289;0.0000~3.5347;14000~74999;2
2004;*;*;49~56;2.05952381;1.035714286;401;84;*;14000~135999;2
2005;*;*;25~32;3.645435244;1.1507431;1343;471;0.0000~3.5347;14000~74999;2
2006;*;*;41~48;3.711409396;1.042505593;1391;447;0.0000~3.5347;14000~74999;2
2007;*;*;33~40;3.736406619;1.104018913;3530;846;0.0000~3.5347;14000~74999;2
2008;*;*;49~56;5;1.049180328;406;122;*;14000~135999;2
2009;*;*;25~32;5.070726916;1.037328094;1642;509;0.0000~3.5347;14000~74999;2
2010;*;*;17~24;5.361344538;1.016806723;927;238;0.0000~3.5347;14000~74999;2
2011;*;*;17~24;5.386075949;1.132911392;1347;316;0.0000~3.5347;14000~74999;2
2012;*;*;25~32;4.615384615;0.769230769;46;13;3.5348~7.0695;14000~135999;2
2013;*;*;41~48;4.733333333;1.08;233;75;0.0000~3.5347;14000~74999;2
2014;*;*;17~24;4.671195652;1.0625;1369;368;0.0000~3.5347;14000~74999;2
2015;*;*;25~32;4.923322684;0.92971246;1007;313;0.0000~3.5347;14000~74999;2
2016;*;*;25~32;5.606557377;1.207650273;789;183;0.0000~3.5347;14000~74999;2
2017;*;*;17~24;4.181818182;1.053291536;1171;319;0.0000~3.5347;14000~74999;2
2018;*;*;9~16;5088;1112;1383;375;0.0000~3.5347;14000~74999;2
2019;*;*;17~24;5.076246334;1.064516129;1210;341;0.0000~3.5347;14000~74999;2
2020;*;*;25~32;5.645390071;1.078014184;962;282;0.0000~3.5347;14000~74999;2
2021;*;*;49~56;4.757575758;0.863636364;178;66;*;14000~135999;2
2022;*;*;17~24;3.07826087;1.052173913;530;115;0.0000~3.5347;14000~74999;2
2023;*;*;41~48;5.63898917;1.162454874;927;277;0.0000~3.5347;14000~74999;2
2024;*;*;33~40;5.187989556;1.028720627;1233;383;0.0000~3.5347;14000~74999;2
2025;*;*;17~24;4.797385621;1.02124183;5034;1224;0.0000~3.5347;14000~74999;2
2026;*;*;25~32;4.462915601;1.127877238;1530;391;0.0000~3.5347;14000~74999;2
2027;*;*;17~24;5.344827586;1.142241379;1035;232;0.0000~3.5347;14000~74999;2
2028;*;*;33~40;3.981182796;1.169354839;1543;372;0.0000~3.5347;14000~74999;2
2029;*;*;33~40;4.494623656;0.974910394;1056;279;0.0000~3.5347;14000~74999;2
2030;*;*;25~32;5.448559671;1.155006859;2863;729;0.0000~3.5347;14000~74999;2
2031;*;*;17~24;3.685584563;0.975028377;4179;881;0.0000~3.5347;14000~74999;2
2032;*;*;41~48;5.04494382;1.056179775;854;267;0.0000~3.5347;14000~74999;2
2033;*;*;33~40;4.554252199;1.064516129;1449;341;0.0000~3.5347;14000~74999;2
2034;*;*;33~40;4.27238806;1.005597015;1685;536;0.0000~3.5347;14000~74999;2
2035;*;*;41~48;4.735632184;1.042145594;946;261;0.0000~3.5347;14000~74999;2
2036;*;*;1~8;6.094936709;0.958860759;965;316;3.5348~7.0695;14000~135999;2
2037;*;*;17~24;5.31047619;1.16952381;1365;525;0.0000~3.5347;75000~135999;2
2038;*;*;17~24;4.531598513;1.111524164;1563;538;0.0000~3.5347;14000~74999;2
2039;*;*;9~16;5.785185185;1.009876543;1347;405;3.5348~7.0695;14000~135999;2
2040;*;*;25~32;6.184782609;0.906521739;1219;460;3.5348~7.0695;14000~135999;2
2041;*;*;25~32;6.413157895;0.918421053;1005;380;7.0696~10.6043;*;2
2042;*;*;17~24;5.177777778;0.950617284;911;405;0.0000~3.5347;75000~135999;2
2043;*;*;25~32;7.830985915;1.112676056;249;71;3.5348~7.0695;14000~135999;2
2044;*;*;25~32;5.657718121;0.939597315;453;149;0.0000~3.5347;136000~196999;2
2045;*;*;1~16;4.466424682;1.174228675;1587;551;0.0000~3.5347;197000~257999;2
2046;*;*;9~16;4.514150943;1.158018868;1116;424;0.0000~3.5347;14000~74999;2
2047;*;*;9~16;7.38362069;1.060344828;766;232;3.5348~7.0695;14000~135999;2
2048;*;*;25~32;2.669021191;1.014127144;1660;991;0.0000~3.5347;75000~135999;2
2049;*;*;9~16;4.114213198;1.086294416;678;394;0.0000~3.5347;14000~74999;2
2050;*;*;17~24;7.092857143;1.044642857;1586;560;3.5348~7.0695;136000~196999;2
2051;*;*;1~8;5.79245283;1.091981132;1350;424;0.0000~3.5347;14000~135999;2
2052;*;*;9~16;5.573200993;1.131513648;1190;403;0.0000~3.5347;14000~74999;2
2053;*;*;25~32;3.647342995;0.990338164;681;207;0.0000~3.5347;14000~74999;2
2054;*;*;33~40;6.042194093;1.135021097;836;237;0.0000~3.5347;75000~135999;2
2055;*;*;25~32;4.487364621;1.126353791;836;277;0.0000~3.5347;14000~74999;2
2056;*;*;17~24;5.582222222;0.997777778;1464;450;3.5348~7.0695;14000~135999;2
2057;*;*;33~40;5.954022989;1.040229885;620;174;0.0000~3.5347;75000~135999;2
2058;*;*;1~8;4.664251208;1.019323671;1344;414;0.0000~3.5347;14000~135999;2
2059;*;*;33~40;5.175732218;1.071129707;638;239;0.0000~3.5347;14000~74999;2
2060;*;*;17~24;6.090909091;1.107655502;1257;418;0.0000~3.5347;75000~135999;2
2061;*;*;25~32;3.952606635;1.085308057;616;211;0.0000~3.5347;14000~74999;2
2062;*;*;33~48;6.246246246;1.096096096;1026;333;3.5348~7.0695;14000~135999;2
2063;*;*;25~32;5.404181185;1.031358885;1058;287;0.0000~3.5347;75000~135999;2
2064;*;*;25~32;5.322115385;1.038461538;1326;416;0.0000~3.5347;14000~74999;2
2065;*;*;25~32;5.81042654;1.137440758;706;211;0.0000~3.5347;14000~74999;2
2066;*;*;25~32;5.277258567;0.971962617;1008;321;0.0000~3.5347;75000~135999;2
2067;*;*;33~40;5.56019656;1.039312039;1184;407;0.0000~3.5347;14000~74999;2
2068;*;*;41~48;5.634408602;1;302;93;0.0000~3.5347;75000~135999;2
2069;*;*;25~32;5.28;1.053333333;984;300;0.0000~3.5347;14000~74999;2
2070;*;*;25~32;5.479704797;0.992619926;867;271;0.0000~3.5347;75000~135999;2
2071;*;*;33~48;6.543956044;1.043956044;537;182;3.5348~7.0695;14000~135999;2
2072;*;*;1~8;4.443645084;1.134292566;1397;417;0.0000~3.5347;14000~135999;2
2073;*;*;9~16;5.190851735;1.217665615;1738;634;0.0000~3.5347;14000~74999;2
2074;*;*;41~48;4.798122066;0.981220657;741;213;0.0000~3.5347;14000~74999;2
2075;*;*;33~40;4.376383764;1.10701107;774;271;0.0000~3.5347;14000~74999;2
2076;*;*;33~40;3.657458564;1.011049724;607;181;0.0000~3.5347;14000~74999;2
2077;*;*;41~48;5.083950617;0.958024691;834;405;0.0000~3.5347;14000~74999;2
2078;*;*;49~56;5.678403756;1.14084507;1284;426;*;14000~135999;2
2079;*;*;49~56;5.175637394;1.008498584;855;353;*;14000~135999;2
2080;*;*;41~48;5.261333333;1064;1107;375;0.0000~3.5347;14000~74999;2
2081;*;*;41~48;4.04797048;1.038745387;924;542;0.0000~3.5347;14000~74999;2
2082;*;*;49~56;4.751282051;1.120512821;764;390;*;14000~135999;2
2083;*;*;49~56;4.277511962;1.074162679;1156;418;*;14000~135999;2
2084;*;*;49~56;5.019607843;0.985994398;1049;357;*;14000~135999;2
2085;*;*;49~56;5.477832512;1.02955665;832;406;*;14000~135999;2
2086;*;*;49~56;4.958158996;1.087866109;635;239;*;14000~135999;2
2087;*;*;49~56;3.927083333;1.010416667;530;96;*;14000~135999;2
2088;*;*;41~48;4.764065336;1.076225045;1368;551;0.0000~3.5347;14000~74999;2
2089;*;*;49~56;5.178494624;1.070967742;1361;465;*;14000~135999;2
2090;*;*;41~48;4.384615385;0.993846154;949;325;0.0000~3.5347;14000~74999;2
2091;*;*;49~56;4.226618705;1.104316547;982;278;*;14000~135999;2
2092;*;*;41~48;4.662162162;1.153153153;1925;444;0.0000~3.5347;14000~74999;2
2093;*;*;49~56;3.926900585;0.941520468;1063;342;*;14000~135999;2
2094;*;*;17~24;4.143947655;1.093784079;3786;917;0.0000~3.5347;14000~74999;2
2095;*;*;33~40;4.206806283;1.002617801;1407;382;0.0000~3.5347;14000~74999;2
2096;*;*;41~48;4.306010929;1.139344262;1567;366;0.0000~3.5347;14000~74999;2
2097;*;*;33~40;3.978217822;1.027722772;2219;505;0.0000~3.5347;14000~74999;2
2098;*;*;41~48;5.966911765;1.080882353;781;272;0.0000~3.5347;14000~74999;2
2099;*;*;41~48;4.609004739;0.978672986;1492;422;0.0000~3.5347;14000~74999;2
2100;*;*;33~40;4.879417879;1.093555094;1676;481;0.0000~3.5347;14000~74999;2
2101;*;*;49~56;4.813063063;1.009009009;1194;444;*;14000~135999;2
2102;*;*;49~56;4.715302491;0.996441281;811;281;*;14000~135999;2
2103;*;*;49~56;5.76984127;0.932539683;729;252;*;14000~135999;2
2104;*;*;41~48;4.349282297;0.985645933;1680;418;0.0000~3.5347;14000~74999;2
2105;*;*;33~40;4.547861507;1.146639511;2031;491;0.0000~3.5347;14000~74999;2
2106;*;*;41~48;5.632241814;1.052896725;1042;397;0.0000~3.5347;14000~74999;2
2107;*;*;33~40;4.585754452;1.134020619;4749;1067;0.0000~3.5347;14000~74999;2
2108;*;*;33~40;5.014409222;1.011527378;1098;347;0.0000~3.5347;14000~74999;2
2109;*;*;49~56;5.101010101;0.98989899;852;297;*;14000~135999;2
2110;*;*;49~56;4.886792453;0.964360587;1290;477;*;14000~135999;2
2111;*;*;41~48;4.778538813;1.073059361;1621;438;0.0000~3.5347;14000~74999;2
2112;*;*;33~40;4.164383562;0.98630137;842;219;0.0000~3.5347;14000~74999;2
2113;*;*;25~32;4.247443763;1.071574642;1887;489;0.0000~3.5347;14000~74999;2
2114;*;*;25~32;4.408510638;1.057446809;2002;470;0.0000~3.5347;14000~74999;2
2115;*;*;17~24;5.081746032;0.345238095;3573;1260;0.0000~3.5347;14000~74999;2
2116;*;*;9~16;5.441441441;1.118243243;2190;888;0.0000~3.5347;14000~74999;2
2117;*;*;25~32;4.977491961;0.906752412;886;311;0.0000~3.5347;14000~74999;2
2118;*;*;25~32;5.017804154;0.836795252;869;337;3.5348~7.0695;14000~135999;2
2119;*;*;9~16;4.32195122;1.080836237;5561;1435;0.0000~3.5347;14000~74999;2
2120;*;*;33~40;5.759075908;1.059405941;901;303;0.0000~3.5347;14000~74999;2
2121;*;*;9~16;4.960328317;1.065663475;1819;731;0.0000~3.5347;75000~135999;2
2122;*;*;17~24;5.349405548;1.103038309;4476;1514;0.0000~3.5347;75000~135999;2
2123;*;*;25~32;5.134357006;1.011516315;1392;521;0.0000~3.5347;14000~74999;2
2124;*;*;33~48;5.630573248;0.964968153;888;314;3.5348~7.0695;14000~135999;2
2125;*;*;33~48;5.326760563;0.909859155;966;355;3.5348~7.0695;14000~135999;2
2126;*;*;9~16;4.112630732;1.113435237;2487;1243;0.0000~3.5347;75000~135999;2
2127;*;*;9~16;4.658823529;1.054901961;1197;510;0.0000~3.5347;14000~74999;2
2128;*;*;9~16;4.625482625;1.015444015;1338;518;0.0000~3.5347;75000~135999;2
2129;*;*;9~16;5.178571429;1.171768707;1340;588;0.0000~3.5347;75000~135999;2
2130;*;*;17~24;5.602179837;0.997275204;1259;367;3.5348~7.0695;14000~135999;2
2131;*;*;17~24;4.829351536;0.911262799;861;293;0.0000~3.5347;75000~135999;2
2132;*;*;9~16;3.950704225;1.021126761;662;284;0.0000~3.5347;14000~74999;2
2133;*;*;25~32;4.85;0.891666667;1186;360;0.0000~3.5347;14000~74999;2
2134;*;*;25~32;5.271084337;0.939759036;646;166;0.0000~3.5347;14000~74999;2
2135;*;*;17~24;4.728888889;0.982222222;1047;450;0.0000~3.5347;14000~74999;2
2136;*;*;17~24;5.061538462;0.957692308;781;260;3.5348~7.0695;14000~135999;2
2137;*;*;9~16;4.512448133;1.170124481;1194;482;0.0000~3.5347;75000~135999;2
2138;*;*;17~24;5.116009281;1.089327146;2362;862;0.0000~3.5347;14000~74999;2
2139;*;*;25~32;4.685328185;0.930501931;1375;518;0.0000~3.5347;75000~135999;2
2140;*;*;25~32;5.005102041;1.017857143;1005;392;0.0000~3.5347;14000~74999;2
2141;*;*;33~40;4.665289256;0.909090909;474;242;0.0000~3.5347;14000~74999;2
2142;*;*;33~40;5.782828283;0.994949495;508;198;0.0000~3.5347;75000~135999;2
2143;*;*;25~32;4.590702948;1.073696145;2254;882;0.0000~3.5347;14000~74999;2
2144;*;*;33~40;5.289029536;0.983122363;1227;474;0.0000~3.5347;14000~74999;2
2145;*;*;33~40;4.661764706;0.99754902;2142;816;0.0000~3.5347;14000~74999;2
2146;*;*;33~40;4904;1.0528;1441;625;0.0000~3.5347;14000~74999;2
2147;*;*;33~40;4.600508906;0.991094148;1994;786;0.0000~3.5347;14000~74999;2
2148;*;*;33~40;4.766891892;0.959459459;609;296;0.0000~3.5347;14000~74999;2
2149;*;*;25~32;3.899236641;1.076335878;2669;655;0.0000~3.5347;14000~74999;2
2150;*;*;41~48;5.479166667;1.066666667;666;240;0.0000~3.5347;14000~74999;2
2151;*;*;33~40;4.988584475;1.038812785;1143;438;0.0000~3.5347;14000~74999;2
2152;*;*;25~32;4.055415617;1.032745592;1000;397;0.0000~3.5347;14000~74999;2
2153;*;*;49~56;6.098765432;1.053497942;1114;486;*;14000~135999;2
2154;*;*;49~56;5.378698225;1.106508876;737;338;*;14000~135999;2
2155;*;*;41~48;5.36626506;1.113253012;1129;415;0.0000~3.5347;14000~74999;2
2156;*;*;41~48;4.932059448;1.06581741;1144;471;0.0000~3.5347;14000~74999;2
2157;*;*;49~56;6.215258856;1.010899183;839;367;*;14000~135999;2
2158;*;*;49~56;5.83;1.046666667;705;300;*;14000~135999;2
2159;*;*;41~48;5.453172205;0.993957704;741;331;0.0000~3.5347;75000~135999;2
2160;*;*;41~48;6.242666667;1.053333333;890;375;0.0000~3.5347;75000~135999;2
2161;*;*;33~48;5.865671642;1.086567164;796;335;3.5348~7.0695;14000~135999;2
2162;*;*;33~40;4.858156028;1.024822695;812;282;0.0000~3.5347;14000~74999;2
2163;*;*;41~48;4.868243243;0.925675676;646;296;0.0000~3.5347;14000~74999;2
2164;*;*;33~40;5.095022624;1.058823529;1117;442;0.0000~3.5347;14000~74999;2
2165;*;*;25~32;5.029824561;1.078947368;1705;570;0.0000~3.5347;14000~74999;2
2166;*;*;17~24;5.101176471;1.183529412;1190;425;0.0000~3.5347;14000~74999;2
2167;*;*;25~32;4.948356808;1.001564945;1660;639;0.0000~3.5347;75000~135999;2
2168;*;*;1~8;5.217785844;0.994555354;1718;551;3.5348~7.0695;14000~135999;2
2169;*;*;1~8;4.966580977;1.077120823;1014;389;0.0000~3.5347;14000~135999;2
2170;*;*;1~8;5.505763689;1.015850144;2179;694;3.5348~7.0695;14000~135999;2
2171;*;*;1~8;5.47264574;0.999103139;3406;1115;0.0000~3.5347;14000~135999;2
2172;*;*;1~8;5.680733945;1.255045872;1454;545;0.0000~3.5347;14000~135999;2
2173;*;*;1~8;4.472945892;0.981963928;1274;499;0.0000~3.5347;14000~135999;2
2174;*;*;9~16;4.035335689;1.109540636;620;283;0.0000~3.5347;75000~135999;2
2175;*;*;25~32;5.118644068;1.166101695;847;295;0.0000~3.5347;75000~135999;2
2176;*;*;9~16;5.838983051;1.271186441;845;354;0.0000~3.5347;75000~135999;2
2177;*;*;17~24;4.7625;1.020833333;608;240;0.0000~3.5347;75000~135999;2
2178;*;*;33~40;5.21835443;1.022151899;919;316;0.0000~3.5347;14000~74999;2
2179;*;*;17~24;6.175548589;1.040752351;1066;319;0.0000~3.5347;75000~135999;2
2180;*;*;17~24;6.348242812;1.07028754;1152;313;3.5348~7.0695;14000~135999;2
2181;*;*;17~24;6.182608696;1.056521739;702;230;3.5348~7.0695;14000~135999;2
2182;*;*;33~40;5.670588235;1.117647059;928;255;0.0000~3.5347;75000~135999;2
2183;*;*;17~24;5.778145695;1.152317881;1093;302;0.0000~3.5347;75000~135999;2
2184;*;*;17~24;5.611111111;1.155555556;1341;360;0.0000~3.5347;14000~74999;2
2185;*;*;25~32;5.588461538;0.965384615;896;260;0.0000~3.5347;75000~135999;2
2186;*;*;33~40;5.312849162;1.033519553;1168;358;0.0000~3.5347;14000~74999;2
2187;*;*;9~16;4.41331484;1.012482663;2298;721;0.0000~3.5347;14000~74999;2
2188;*;*;17~24;5.243315508;1.128342246;1559;374;0.0000~3.5347;14000~74999;2
2189;*;*;17~24;4.851449275;0.90942029;820;276;3.5348~7.0695;14000~135999;2
2190;*;*;25~32;3.939759036;0.951807229;736;249;0.0000~3.5347;14000~74999;2
2191;*;*;17~24;5.9569161;1.138321995;1295;441;0.0000~3.5347;75000~135999;2
2192;*;*;25~32;6.195979899;1.075376884;620;199;0.0000~3.5347;75000~135999;2
2193;*;*;41~48;5.934579439;1.130841121;598;214;0.0000~3.5347;75000~135999;2
2194;*;*;25~32;5.183673469;1.040816327;1050;245;0.0000~3.5347;14000~74999;2
2195;*;*;41~48;6.447115385;1.149038462;671;208;0.0000~3.5347;75000~135999;2
2196;*;*;25~32;6.391304348;1.060869565;1072;345;3.5348~7.0695;136000~196999;2
2197;*;*;25~32;5.383529412;1.115294118;1435;425;0.0000~3.5347;14000~74999;2
2198;*;*;1~16;6.564885496;0.946564885;1111;393;7.0696~10.6043;*;2
2199;*;*;1~8;6.125475285;0.993662864;2088;789;3.5348~7.0695;14000~135999;2
2200;*;*;9~16;7.199438202;0.941011236;1080;356;3.5348~7.0695;136000~196999;2
2201;*;*;9~16;6.165432099;1.054320988;1101;405;3.5348~7.0695;136000~196999;2
2202;*;*;9~16;6.67264574;1.134529148;675;223;3.5348~7.0695;14000~135999;2
2203;*;*;9~16;5.610955056;1.092696629;1691;712;0.0000~3.5347;75000~135999;2
2204;*;*;9~16;7.112820513;1.21025641;638;195;3.5348~7.0695;14000~135999;2
2205;*;*;9~16;6.475524476;0.958041958;887;286;3.5348~7.0695;14000~135999;2
2206;*;*;1~8;6.20030581;1.123853211;1730;654;3.5348~7.0695;14000~135999;2
2207;*;*;1~8;5.41218638;1.278375149;1804;837;0.0000~3.5347;14000~135999;2
2208;*;*;1~8;5.73030303;1.033333333;969;330;3.5348~7.0695;14000~135999;2
2209;*;*;9~16;5.363076923;0.953846154;1011;325;3.5348~7.0695;14000~135999;2
2210;*;*;9~16;6.032154341;1.041800643;1031;311;3.5348~7.0695;14000~135999;2
2211;*;*;9~16;4.817762399;1.054209919;2300;867;0.0000~3.5347;14000~74999;2
2212;*;*;17~24;5.442060086;1.107296137;1196;466;0.0000~3.5347;14000~74999;2
2213;*;*;1~16;7.981052632;1.025263158;1424;475;7.0696~10.6043;*;2
2214;*;*;1~16;7.449180328;0.996721311;840;305;7.0696~10.6043;*;2
2215;*;*;1~16;9.286821705;1.124031008;863;258;7.0696~10.6043;*;2
2216;*;*;17~24;8.642585551;1.133079848;700;263;3.5348~7.0695;136000~196999;2
2217;*;*;9~16;6.476584022;0.939393939;1128;363;3.5348~7.0695;136000~196999;2
2218;*;*;9~16;7.04964539;0.973995272;1408;423;3.5348~7.0695;14000~135999;2
2219;*;*;17~24;8.320441989;1.127071823;987;362;7.0696~10.6043;*;2
2220;*;*;9~16;7.567282322;0.992084433;1016;379;3.5348~7.0695;136000~196999;2
2221;*;*;17~24;7.95184136;1.065155807;996;353;3.5348~7.0695;136000~196999;2
2222;*;*;1~16;6.176136364;0.9375;365;176;7.0696~10.6043;*;2
2223;*;*;25~32;6.872727273;1.018181818;752;330;3.5348~7.0695;136000~196999;2
2224;*;*;25~32;6.61;1102;1149;500;3.5348~7.0695;136000~196999;2
2225;*;*;17~24;7.662087912;1.038461538;937;364;7.0696~10.6043;*;2
2226;*;*;1~16;7.994490358;1;1200;363;7.0696~10.6043;*;2
2227;*;*;1~16;7.364768683;0.96797153;1843;562;7.0696~10.6043;*;2
2228;*;*;1~8;6125;0.943548387;711;248;3.5348~7.0695;14000~135999;2
2229;*;*;9~16;6.945848375;0.945848375;848;277;3.5348~7.0695;14000~135999;2
2230;*;*;9~16;5.444444444;1.08994709;891;378;0.0000~3.5347;75000~135999;2
2231;*;*;1~8;5.398239824;1.182618262;2014;909;0.0000~3.5347;14000~135999;2
2232;*;*;9~16;4.768292683;1.012195122;292;164;0.0000~3.5347;75000~135999;2
2233;*;*;1~8;5.539936102;1.07827476;1604;626;3.5348~7.0695;14000~135999;2
2234;*;*;9~16;4.816326531;1.148423006;1765;539;0.0000~3.5347;14000~74999;2
2235;*;*;17~24;3.870886076;0.949367089;1543;395;0.0000~3.5347;14000~74999;2
2236;*;*;1~8;6.156937799;1.149282297;2733;1045;3.5348~7.0695;136000~196999;2
2237;*;*;17~24;5.909090909;0.934343434;1174;396;3.5348~7.0695;14000~135999;2
2238;*;*;1~8;6.466101695;0.966101695;1077;354;3.5348~7.0695;136000~196999;2
2239;*;*;9~16;4.5;1.046153846;860;520;0.0000~3.5347;75000~135999;2
2240;*;*;17~24;6.121731289;1.082055906;2325;1109;3.5348~7.0695;14000~135999;2
2241;*;*;9~16;6.545866365;1.04416761;2712;883;3.5348~7.0695;14000~135999;2
2242;*;*;9~16;4.559602649;1.097682119;1328;604;0.0000~3.5347;14000~74999;2
2243;*;*;25~32;4.989293362;0.989293362;1215;467;0.0000~3.5347;75000~135999;2
2244;*;*;17~24;6.046511628;1.011627907;709;258;3.5348~7.0695;14000~135999;2
2245;*;*;9~16;5.352472089;1.106858054;1232;627;0.0000~3.5347;14000~74999;2
2246;*;*;17~24;5.433915212;1.021197007;1852;802;0.0000~3.5347;75000~135999;2
2247;*;*;17~24;4.367662204;1.181256437;1929;971;0.0000~3.5347;14000~74999;2
2248;*;*;17~24;5.475560081;1.023421589;2010;982;0.0000~3.5347;75000~135999;2
2249;*;*;33~40;7.080213904;1.058823529;1324;561;*;136000~196999;2
2250;*;*;41~48;6.334415584;0.935064935;725;308;*;136000~196999;2
2251;*;*;33~40;7.171974522;1.035031847;777;314;*;136000~196999;2
2252;*;*;17~24;5.082543978;0.921515562;1586;739;3.5348~7.0695;14000~135999;2
2253;*;*;33~40;6.68;1024;528;250;0.0000~3.5347;75000~135999;2
2254;*;*;25~32;5.196296296;1.022222222;1242;540;3.5348~7.0695;14000~135999;2
2255;*;*;9~16;5.380070547;1.058201058;3407;1134;0.0000~3.5347;75000~135999;2
2256;*;*;9~16;5.960251046;1.058577406;1508;478;0.0000~3.5347;14000~74999;2
2257;*;*;17~24;4.569014085;1.092957746;1463;710;0.0000~3.5347;14000~74999;2
2258;*;*;33~40;5.073170732;0.983739837;1054;369;0.0000~3.5347;14000~74999;2
2259;*;*;33~40;5.011204482;1;933;357;0.0000~3.5347;14000~74999;2
2260;*;*;17~24;4.194049159;1.028460543;2764;773;0.0000~3.5347;14000~74999;2
2261;*;*;17~24;5.268729642;1.055374593;1820;614;0.0000~3.5347;14000~74999;2
2262;*;*;17~24;4.528423773;1.058139535;2098;774;0.0000~3.5347;14000~74999;2
2263;*;*;33~40;4.216666667;1.020833333;633;240;0.0000~3.5347;14000~74999;2
2264;*;*;33~40;5.536912752;1.05033557;660;298;0.0000~3.5347;75000~135999;2
2265;*;*;33~40;4.974842767;0.98427673;761;318;0.0000~3.5347;14000~74999;2
2266;*;*;33~40;5.013605442;0.989795918;709;294;0.0000~3.5347;14000~74999;2
2267;*;*;17~24;4.756535948;1.175653595;3415;1224;0.0000~3.5347;14000~74999;2
2268;*;*;33~40;5.06345733;0.969365427;954;457;0.0000~3.5347;14000~74999;2
2269;*;*;33~40;4.384418902;1.002554278;1806;783;0.0000~3.5347;14000~74999;2
2270;*;*;33~40;4.68627451;1.117647059;1131;408;0.0000~3.5347;14000~74999;2
2271;*;*;33~48;6.268421053;1.134210526;874;380;3.5348~7.0695;14000~135999;2
2272;*;*;33~40;5.733178654;1.067285383;1118;431;0.0000~3.5347;14000~74999;2
2273;*;*;41~48;7.14973262;1;471;187;*;136000~196999;2
2274;*;*;33~40;5.317280453;0.92917847;1155;353;0.0000~3.5347;14000~74999;2
2275;*;*;33~40;5.104408353;1.143851508;1243;431;0.0000~3.5347;14000~74999;2
2276;*;*;25~32;5.483296214;1.077951002;852;449;0.0000~3.5347;75000~135999;2
2277;*;*;33~48;5.751968504;1.027559055;494;254;3.5348~7.0695;14000~135999;2
2278;*;*;33~40;5.7;0.978723404;1141;470;0.0000~3.5347;75000~135999;2
2279;*;*;25~32;4.673866091;0.98488121;959;463;0.0000~3.5347;14000~74999;2
2280;*;*;25~32;4.404145078;1.095854922;909;386;0.0000~3.5347;14000~74999;2
2281;*;*;17~24;3.948186528;1.160621762;960;386;0.0000~3.5347;14000~74999;2
2282;*;*;33~40;5.472154964;1.065375303;966;413;0.0000~3.5347;14000~74999;2
2283;*;*;25~32;4.402409639;1.008433735;1976;830;0.0000~3.5347;14000~74999;2
2284;*;*;25~32;4.99754902;1.086601307;2768;1224;0.0000~3.5347;75000~135999;2
2285;*;*;25~32;5.338061466;1.009456265;1076;423;0.0000~3.5347;75000~135999;2
2286;*;*;25~32;5.067901235;0.962962963;1261;486;0.0000~3.5347;75000~135999;2
2287;*;*;25~32;4.826013514;1.045608108;1614;592;0.0000~3.5347;14000~74999;2
2288;*;*;25~32;4.574438202;1.056179775;1981;712;0.0000~3.5347;14000~74999;2
2289;*;*;25~32;5.672077922;1.074675325;1781;616;0.0000~3.5347;14000~74999;2
2290;*;*;25~32;5.332819723;1.024653313;1507;649;0.0000~3.5347;75000~135999;2
2291;*;*;33~40;5.295208655;0.962905719;1938;647;0.0000~3.5347;14000~74999;2
2292;*;*;17~24;4.938437253;1.062352013;2795;1267;0.0000~3.5347;75000~135999;2
2293;*;*;17~24;5.212795549;1.07093185;1827;719;0.0000~3.5347;75000~135999;2
2294;*;*;17~24;4.917157085;1.086917157;5466;2209;0.0000~3.5347;14000~74999;2
2295;*;*;25~32;5.84516129;1.083870968;1257;465;0.0000~3.5347;75000~135999;2
2296;*;*;25~32;5.104938272;1.021604938;1894;648;0.0000~3.5347;14000~74999;2
2297;*;*;17~24;3.477902622;1.070411985;4638;1335;0.0000~3.5347;14000~74999;2
2298;*;*;25~32;5.690909091;0.985454545;661;275;0.0000~3.5347;75000~135999;2
2299;*;*;17~24;4.770818995;1.022711631;3056;1453;0.0000~3.5347;75000~135999;2
2300;*;*;25~32;6.074468085;1.070921986;663;282;3.5348~7.0695;14000~135999;2
2301;*;*;25~32;5.405172414;0.46875;2133;928;3.5348~7.0695;14000~135999;2
2302;*;*;17~24;6.114537445;1.088105727;1817;681;3.5348~7.0695;14000~135999;2
2303;*;*;17~24;6.133479212;0.958424508;1234;457;3.5348~7.0695;14000~135999;2
2304;*;*;17~24;6.941684665;0.963282937;1360;463;3.5348~7.0695;14000~135999;2
2305;*;*;17~24;6.347058824;0.994117647;1378;510;3.5348~7.0695;14000~135999;2
2306;*;*;9~16;6.573816156;0.988857939;1034;359;3.5348~7.0695;14000~135999;2
2307;*;*;17~24;6.139767055;1.044925125;1888;601;3.5348~7.0695;14000~135999;2
2308;*;*;9~16;6.333333333;0.988662132;1411;441;3.5348~7.0695;14000~135999;2
2309;*;*;9~16;5.940279543;1.053367217;2235;787;3.5348~7.0695;14000~135999;2
2310;*;*;1~8;6.982358403;1.061281337;2878;1077;3.5348~7.0695;136000~196999;2
2311;*;*;1~8;6.998985801;1.137931034;5226;1972;3.5348~7.0695;136000~196999;2
2312;*;*;1~8;5.863329584;1.192913386;4432;1778;3.5348~7.0695;136000~196999;2
2313;*;*;9~16;5.467924528;1.045283019;649;265;0.0000~3.5347;75000~135999;2
2314;*;*;17~24;7.166666667;1.009615385;992;312;3.5348~7.0695;136000~196999;2
2315;*;*;17~24;6.983333333;1.095833333;786;240;3.5348~7.0695;136000~196999;2
2316;*;*;17~24;7.005277045;1.139841689;1081;379;3.5348~7.0695;136000~196999;2
2317;*;*;9~16;6.147668394;0.943005181;1280;386;3.5348~7.0695;136000~196999;2
2318;*;*;17~24;4.659630607;0.997361478;1885;758;0.0000~3.5347;14000~74999;2
2319;*;*;25~32;4.915289256;1.115702479;1482;484;0.0000~3.5347;14000~74999;2
2320;*;*;25~32;5.331300813;1.073170732;1570;492;0.0000~3.5347;14000~74999;2
2321;*;*;1~8;3.002762431;0.933701657;623;362;0.0000~3.5347;14000~135999;2
2322;*;*;9~16;6.254587156;1.146788991;1228;436;0.0000~3.5347;75000~135999;2
2323;*;*;1~8;6.210344828;0.75;1959;580;3.5348~7.0695;136000~196999;2
2324;*;*;9~16;6.791075051;0.995943205;1584;493;3.5348~7.0695;14000~135999;2
2325;*;*;9~16;3.787985866;1.003533569;1320;566;0.0000~3.5347;75000~135999;2
2326;*;*;17~24;4564;1.1;1034;500;0.0000~3.5347;14000~74999;2
2327;*;*;17~24;4.655367232;1.039548023;557;354;0.0000~3.5347;14000~74999;2
2328;*;*;25~32;5.343042071;0.987055016;780;309;0.0000~3.5347;14000~74999;2
2329;*;*;17~24;4.616847826;0.967391304;994;368;0.0000~3.5347;75000~135999;2
2330;*;*;9~16;4.216693419;0.983948636;1054;623;0.0000~3.5347;75000~135999;2
2331;*;*;9~16;3.845528455;0.971544715;550;246;0.0000~3.5347;14000~74999;2
2332;*;*;1~8;5.732044199;0.975138122;1040;362;3.5348~7.0695;14000~135999;2
2333;*;*;1~8;6.083870968;1.219354839;475;155;3.5348~7.0695;14000~135999;2
2334;*;*;25~32;4.901785714;1.941964286;726;224;0.0000~3.5347;14000~74999;2
2335;*;*;25~32;5.67781155;1.063829787;898;329;0.0000~3.5347;75000~135999;2
2336;*;*;1~8;5.967647059;0.988235294;1003;340;3.5348~7.0695;14000~135999;2
2337;*;*;1~8;6.964285714;1.084415584;1024;308;3.5348~7.0695;14000~135999;2
2338;*;*;9~16;7.241887906;1.014749263;1110;339;3.5348~7.0695;14000~135999;2
2339;*;*;1~8;7.540935673;1.099415205;1133;342;3.5348~7.0695;14000~135999;2
2340;*;*;1~8;6.341708543;1.085427136;622;199;3.5348~7.0695;14000~135999;2
2341;*;*;9~16;5.951724138;0.949425287;1356;435;3.5348~7.0695;14000~135999;2
2342;*;*;17~24;4.940104167;1.127604167;1207;384;0.0000~3.5347;14000~74999;2
2343;*;*;9~16;6.540594059;1.013861386;1687;505;3.5348~7.0695;14000~135999;2
2344;*;*;9~16;5.838074398;0.993435449;1536;457;3.5348~7.0695;14000~135999;2
2345;*;*;9~16;4.118918919;0.989189189;994;370;0.0000~3.5347;75000~135999;2
2346;*;*;9~16;5.77245509;0.99001996;1634;501;3.5348~7.0695;14000~135999;2
2347;*;*;1~8;5.732931727;1.040160643;1748;498;3.5348~7.0695;14000~135999;2
2348;*;*;25~32;6.162679426;1.09569378;1306;418;0.0000~3.5347;14000~74999;2
2349;*;*;9~16;7.831223629;1.071729958;1632;474;3.5348~7.0695;136000~196999;2
2350;*;*;9~16;5.52866242;0.996815287;993;314;3.5348~7.0695;14000~135999;2
2351;*;*;9~16;5.311643836;1.489726027;1010;292;3.5348~7.0695;14000~135999;2
2352;*;*;9~16;5.952830189;1.063679245;1207;424;0.0000~3.5347;75000~135999;2
2353;*;*;17~24;5.889688249;1.189448441;1720;417;0.0000~3.5347;14000~74999;2
2354;*;*;1~8;5.432432432;0.98960499;1490;481;3.5348~7.0695;14000~135999;2
2355;*;*;17~24;6.146341463;0.887804878;583;205;3.5348~7.0695;136000~196999;2
2356;*;*;9~16;6.90778098;1.017291066;1258;347;3.5348~7.0695;136000~196999;2
2357;*;*;9~16;7.896272285;1.063209076;2085;617;3.5348~7.0695;136000~196999;2
2358;*;*;17~24;7.042780749;1.010695187;517;187;3.5348~7.0695;136000~196999;2
2359;*;*;17~24;6.730831974;1.001631321;1795;613;3.5348~7.0695;136000~196999;2
2360;*;*;41~48;6.027027027;0.968468468;617;222;0.0000~3.5347;75000~135999;2
2361;*;*;17~24;6.202197802;1.052747253;1372;455;3.5348~7.0695;136000~196999;2
2362;*;*;9~16;7.926356589;1.11498708;2473;774;3.5348~7.0695;136000~196999;2
2363;*;*;17~24;5.950184502;1.011070111;1760;542;3.5348~7.0695;14000~135999;2
2364;*;*;17~24;6.757894737;1.015789474;621;190;3.5348~7.0695;14000~135999;2
2365;*;*;17~24;5.136792453;0.981132075;531;212;3.5348~7.0695;14000~135999;2
2366;*;*;9~16;5.640449438;1.033707865;1248;445;3.5348~7.0695;14000~135999;2
2367;*;*;25~32;4.932160804;0.984924623;1208;398;0.0000~3.5347;14000~74999;2
2368;*;*;33~40;4.677325581;1.087209302;1173;344;0.0000~3.5347;14000~74999;2
2369;*;*;9~16;4.360526316;0.944736842;958;380;0.0000~3.5347;75000~135999;2
2370;*;*;33~40;5.21958457;1.050445104;899;337;0.0000~3.5347;14000~74999;2
2371;*;*;33~40;3.793650794;1.034920635;1135;315;0.0000~3.5347;14000~74999;2
2372;*;*;25~32;4.81556196;1.07204611;1371;347;0.0000~3.5347;14000~74999;2
2373;*;*;25~32;5.780487805;1.004878049;1248;410;0.0000~3.5347;14000~74999;2
2374;*;*;1~8;5.717532468;1.003246753;974;308;3.5348~7.0695;14000~135999;2
2375;*;*;41~48;4.586666667;0.955555556;812;225;0.0000~3.5347;14000~74999;2
2376;*;*;17~24;3.820197044;1.041871921;1519;406;0.0000~3.5347;14000~74999;2
2377;*;*;17~24;5.084033613;1.050420168;1665;357;0.0000~3.5347;14000~74999;2
2378;*;*;25~32;3.78957529;0.980694981;2052;518;0.0000~3.5347;14000~74999;2
2379;*;*;1~8;5.440366972;1.073394495;1135;218;0.0000~3.5347;14000~135999;2
2380;*;*;17~24;5.840764331;1.022292994;1120;314;0.0000~3.5347;14000~74999;2
2381;*;*;17~24;6.182656827;1.086715867;1578;542;0.0000~3.5347;136000~196999;2
2382;*;*;17~24;6.171232877;1.136986301;945;292;0.0000~3.5347;75000~135999;2
2383;*;*;25~32;5.887788779;1.02970297;904;303;3.5348~7.0695;14000~135999;2
2384;*;*;33~40;5.07486631;1.016042781;578;187;0.0000~3.5347;75000~135999;2
2385;*;*;33~40;5.124137931;1.020689655;977;290;0.0000~3.5347;75000~135999;2
2386;*;*;17~24;4.99408284;1.094674556;1564;507;0.0000~3.5347;75000~135999;2
2387;*;*;9~16;6.392592593;1.118518519;315;135;3.5348~7.0695;136000~196999;2
2388;*;*;9~16;5.815789474;1.099722992;2140;722;0.0000~3.5347;75000~135999;2
2389;*;*;9~16;5.705304519;1.082514735;1467;509;0.0000~3.5347;75000~135999;2
2390;*;*;9~16;6.946386946;1.153846154;1184;429;3.5348~7.0695;14000~135999;2
2391;*;*;9~16;6.391156463;1.397959184;755;294;0.0000~3.5347;75000~135999;2
2392;*;*;33~48;26.45217391;6.060869565;335;115;3.5348~7.0695;14000~135999;2
2393;*;*;9~16;6.751497006;1.413173653;1006;334;3.5348~7.0695;14000~135999;2
2394;*;*;17~24;7.677083333;1.65625;773;288;0.0000~3.5347;75000~135999;2
2395;*;*;17~24;50.83783784;10.27027027;64;37;3.5348~7.0695;14000~135999;2
2396;*;*;33~40;26.04109589;5.397260274;171;73;*;136000~196999;2
2397;*;*;9~16;29.07476636;6.08411215;276;107;3.5348~7.0695;136000~196999;2
2398;*;*;17~24;20.2;4.05;187;80;3.5348~7.0695;14000~135999;2
2399;*;*;17~24;6.035294118;1.191176471;975;340;0.0000~3.5347;75000~135999;2
2400;*;*;9~16;5.494140625;1.130859375;1385;512;0.0000~3.5347;75000~135999;2
2401;*;*;9~16;5.906110283;1.210134128;1905;671;0.0000~3.5347;75000~135999;2
2402;*;*;25~32;5.789156627;1.021084337;1148;332;0.0000~3.5347;75000~135999;2
2403;*;*;25~32;4.337962963;0.962962963;1834;432;0.0000~3.5347;14000~74999;2
2404;*;*;33~40;4.513677812;1.136778116;1544;329;0.0000~3.5347;14000~74999;2
2405;*;*;9~16;4.403292181;1.053497942;1070;243;0.0000~3.5347;14000~74999;2
2406;*;*;25~32;3.405737705;0.942622951;947;244;0.0000~3.5347;14000~74999;2
2407;*;*;17~24;4.979865772;0.993288591;1296;298;0.0000~3.5347;14000~74999;2
2408;*;*;1~8;4.106457243;1.061082024;2505;573;0.0000~3.5347;14000~135999;2
2409;*;*;33~40;5.052631579;1.076023392;579;171;0.0000~3.5347;14000~74999;2
2410;*;*;41~48;5.151515152;0.888888889;247;99;0.0000~3.5347;14000~74999;2
2411;*;*;9~16;5.479674797;1.048780488;719;246;3.5348~7.0695;14000~135999;2
2412;*;*;17~24;5.358024691;1.790123457;693;243;3.5348~7.0695;14000~135999;2
2413;*;*;17~24;6.223577236;1.138211382;775;246;3.5348~7.0695;14000~135999;2
2414;*;*;9~16;4.436893204;0.990291262;1266;309;0.0000~3.5347;14000~74999;2
2415;*;*;25~32;4.784232365;0.979253112;761;241;0.0000~3.5347;14000~74999;2
2416;*;*;33~40;5.052863436;1.077092511;1430;454;0.0000~3.5347;14000~74999;2
2417;*;*;25~32;4.403278689;1.081967213;1331;305;0.0000~3.5347;14000~74999;2
2418;*;*;17~24;6.131004367;0.986899563;754;229;3.5348~7.0695;14000~135999;2
2419;*;*;41~48;5.570063694;1.089171975;1171;314;0.0000~3.5347;14000~74999;2
2420;*;*;33~40;4.101167315;1.692607004;879;257;0.0000~3.5347;14000~74999;2
2421;*;*;17~24;5.357142857;1.052631579;753;266;3.5348~7.0695;14000~135999;2
2422;*;*;25~32;6.306930693;1.064356436;572;202;3.5348~7.0695;14000~135999;2
2423;*;*;17~24;5.456422018;1.027522936;1638;436;0.0000~3.5347;14000~74999;2
2424;*;*;17~24;4.570552147;0.975460123;1474;326;0.0000~3.5347;14000~74999;2
2425;*;*;9~16;4.08707483;1.078911565;3535;735;0.0000~3.5347;14000~74999;2
2426;*;*;33~40;5.433962264;1.00754717;1018;265;0.0000~3.5347;14000~74999;2
2427;*;*;17~24;5.542105263;1.078947368;867;380;0.0000~3.5347;75000~135999;2
2428;*;*;33~40;4.939516129;1.108870968;1065;248;0.0000~3.5347;14000~74999;2
2429;*;*;33~40;3.62345679;1.049382716;730;162;0.0000~3.5347;14000~74999;2
2430;*;*;25~32;4.887323944;1.042253521;1056;284;0.0000~3.5347;14000~74999;2
2431;*;*;25~32;4115;855;798;200;0.0000~3.5347;75000~135999;2
2432;*;*;41~48;6.072463768;1.15942029;1056;276;0.0000~3.5347;75000~135999;2
2433;*;*;33~40;5.175895765;0.957654723;1102;307;0.0000~3.5347;14000~74999;2
2434;*;*;9~16;4.350364964;0.98540146;1652;411;0.0000~3.5347;14000~74999;2
2435;*;*;17~24;6.167259786;1.078291815;911;281;3.5348~7.0695;14000~135999;2
2436;*;*;25~32;4.714285714;0.974025974;919;308;0.0000~3.5347;14000~74999;2
2437;*;*;25~32;4.841328413;1.033210332;788;271;0.0000~3.5347;14000~74999;2
2438;*;*;17~24;5.819338422;0.992366412;1330;393;3.5348~7.0695;14000~135999;2
2439;*;*;9~16;4.934027778;1.076388889;1443;576;0.0000~3.5347;75000~135999;2
2440;*;*;41~48;5.300458716;1.006880734;1347;436;0.0000~3.5347;14000~74999;2
2441;*;*;33~40;4.94344473;1.035989717;1205;389;0.0000~3.5347;14000~74999;2
2442;*;*;41~48;4.641821946;1.078674948;1359;483;0.0000~3.5347;14000~74999;2
2443;*;*;17~24;4.997214485;1.211699164;1127;359;0.0000~3.5347;14000~74999;2
2444;*;*;33~40;3.967741935;0.903225806;737;186;0.0000~3.5347;14000~74999;2
2445;*;*;33~40;5.93814433;1.206185567;363;97;0.0000~3.5347;75000~135999;2
2446;*;*;33~40;3.972972973;1.033264033;1886;481;0.0000~3.5347;14000~74999;2
2447;*;*;25~32;4.272952854;0.923076923;1467;403;0.0000~3.5347;14000~74999;2
2448;*;*;33~40;6.597444089;1.095846645;1041;313;0.0000~3.5347;75000~135999;2
2449;*;*;9~16;7.266129032;1.115591398;1106;372;3.5348~7.0695;14000~135999;2
2450;*;*;41~48;4.687344913;0.967741935;971;403;0.0000~3.5347;75000~135999;2
2451;*;*;33~40;4.990196078;1.044117647;663;204;0.0000~3.5347;14000~74999;2
2452;*;*;9~16;5.012987013;1.050649351;2157;770;0.0000~3.5347;14000~74999;2
2453;*;*;25~32;4.706161137;0.988151659;1042;422;0.0000~3.5347;14000~74999;2
2454;*;*;17~24;5.301158301;0.955598456;1670;518;0.0000~3.5347;75000~135999;2
2455;*;*;25~32;5.5625;1;1038;272;0.0000~3.5347;75000~135999;2
2456;*;*;25~32;5.811594203;1.057971014;868;276;0.0000~3.5347;75000~135999;2
2457;*;*;25~32;5.925531915;1.131205674;966;282;0.0000~3.5347;75000~135999;2
2458;*;*;33~40;5.561797753;1.078651685;674;178;0.0000~3.5347;75000~135999;2
2459;*;*;17~24;6.024221453;1.14532872;1466;289;0.0000~3.5347;75000~135999;2
2460;*;*;25~32;6.667953668;1.115830116;802;259;0.0000~3.5347;75000~135999;2
2461;*;*;25~32;6.078571429;1075;914;280;0.0000~3.5347;75000~135999;2
2462;*;*;25~32;4.648578811;0.919896641;1278;387;0.0000~3.5347;14000~74999;2
2463;*;*;33~40;5.092936803;1.066914498;818;269;0.0000~3.5347;14000~74999;2
2464;*;*;25~32;5.685714286;1.126530612;999;245;0.0000~3.5347;75000~135999;2
2465;*;*;25~32;5.491150442;1.123893805;767;226;0.0000~3.5347;75000~135999;2
2466;*;*;17~24;6.036866359;1.110599078;702;217;0.0000~3.5347;75000~135999;2
2467;*;*;25~32;5.891156463;1.129251701;979;294;0.0000~3.5347;14000~74999;2
2468;*;*;33~40;6.405405405;1.067567568;716;222;0.0000~3.5347;75000~135999;2
2469;*;*;17~24;6.060728745;1.246963563;1425;247;0.0000~3.5347;14000~74999;2
2470;*;*;17~24;5.389972145;1.011142061;1319;359;0.0000~3.5347;14000~74999;2
2471;*;*;17~24;5.700507614;1.172588832;1291;394;0.0000~3.5347;75000~135999;2
2472;*;*;17~24;5.200426439;0.985074627;1416;469;0.0000~3.5347;75000~135999;2
2473;*;*;33~40;4.501915709;0.961685824;683;261;0.0000~3.5347;14000~74999;2
2474;*;*;17~24;5.038674033;0.977900552;1146;362;0.0000~3.5347;14000~74999;2
2475;*;*;17~24;5.127272727;1.077272727;772;220;0.0000~3.5347;14000~74999;2
2476;*;*;17~24;4.280898876;1.162921348;2030;356;0.0000~3.5347;75000~135999;2
2477;*;*;17~24;4.095890411;1.095890411;715;146;0.0000~3.5347;14000~74999;2
2478;*;*;9~16;3.983651226;0.970027248;1708;367;0.0000~3.5347;14000~74999;2
2479;*;*;9~16;3.594392523;1.044859813;2809;535;0.0000~3.5347;14000~74999;2
2480;*;*;9~16;4.204402516;1.295597484;1376;318;0.0000~3.5347;75000~135999;2
2481;*;*;25~32;5.848484848;1.171717172;218;99;0.0000~3.5347;75000~135999;2
2482;*;*;33~40;4.943548387;1;310;124;0.0000~3.5347;14000~74999;2
2483;*;*;17~24;5.557603687;1.262672811;622;217;0.0000~3.5347;14000~74999;2
2484;*;*;17~24;5.426190476;1.066666667;1200;420;0.0000~3.5347;14000~74999;2
2485;*;*;9~16;5.115618661;1.081135903;1335;493;0.0000~3.5347;75000~135999;2
2486;*;*;33~48;6.005763689;0.976945245;868;347;3.5348~7.0695;14000~135999;2
2487;*;*;17~24;5.584558824;1.088235294;846;272;0.0000~3.5347;75000~135999;2
2488;*;*;9~16;4.93715342;1.195933457;1484;541;0.0000~3.5347;14000~74999;2
2489;*;*;25~32;4.669879518;1.045783133;1306;415;0.0000~3.5347;14000~74999;2
2490;*;*;17~24;6.044871795;1.33974359;514;156;0.0000~3.5347;75000~135999;2
2491;*;*;25~32;5.278026906;0.99103139;744;223;0.0000~3.5347;14000~74999;2
2492;*;*;25~32;5.543859649;1.157894737;613;171;0.0000~3.5347;75000~135999;2
2493;*;*;25~32;4.593167702;1.049689441;1408;322;0.0000~3.5347;14000~74999;2
2494;*;*;25~32;4.088785047;1;931;214;0.0000~3.5347;14000~74999;2
2495;*;*;9~16;4.371014493;1.005797101;1679;345;0.0000~3.5347;14000~74999;2
2496;*;*;17~24;5;1.168539326;1180;267;0.0000~3.5347;14000~74999;2
2497;*;*;17~24;4.136363636;1;996;198;0.0000~3.5347;75000~135999;2
2498;*;*;17~24;4.950207469;1.091286307;1274;241;0.0000~3.5347;14000~74999;2
2499;*;*;9~16;4.00617284;1.004115226;2104;486;0.0000~3.5347;14000~74999;2
2500;*;*;25~32;3.695842451;1.083150985;1745;457;0.0000~3.5347;14000~74999;2
2501;*;*;25~32;3.782442748;1.038167939;941;262;0.0000~3.5347;14000~74999;2
2502;*;*;9~16;3.835390947;1.004115226;1043;243;0.0000~3.5347;14000~74999;2
2503;*;*;17~24;4.784386617;1.152416357;954;269;0.0000~3.5347;14000~74999;2
2504;*;*;33~40;3.697802198;0.950549451;539;182;0.0000~3.5347;14000~74999;2
2505;*;*;25~32;5.427083333;1.017361111;883;288;0.0000~3.5347;75000~135999;2
2506;*;*;17~24;4.105405405;1.016216216;1681;370;0.0000~3.5347;14000~74999;2
2507;*;*;17~24;4.795148248;1.075471698;1446;371;0.0000~3.5347;14000~74999;2
2508;*;*;41~48;5.46749226;1.06501548;1084;323;0.0000~3.5347;14000~74999;2
2509;*;*;17~24;5.183908046;1.120689655;771;174;0.0000~3.5347;14000~74999;2
2510;*;*;33~48;11;2.2;26;5;3.5348~7.0695;14000~135999;2
2511;*;*;33~40;24.5;3.5;28;2;*;136000~196999;2
2512;*;*;17~24;4.426870748;0.979591837;1616;588;0.0000~3.5347;14000~74999;2
2513;*;*;25~32;5.370801034;1.07751938;1885;774;0.0000~3.5347;14000~74999;2
2514;*;*;17~24;5656;1008;337;125;0.0000~3.5347;75000~135999;2
2515;*;*;33~40;5.165636588;1.00618047;2111;809;0.0000~3.5347;14000~74999;2
2516;*;*;9~16;5.764227642;1.116531165;1104;369;0.0000~3.5347;14000~74999;2
2517;*;*;25~32;6.344827586;1.088669951;562;203;0.0000~3.5347;14000~74999;2
2518;*;*;17~24;5604;1.12;668;250;0.0000~3.5347;75000~135999;2
2519;*;*;17~24;5.582491582;1.033670034;836;297;0.0000~3.5347;75000~135999;2
2520;*;*;9~16;5.303664921;1.036649215;1031;382;0.0000~3.5347;14000~74999;2
2521;*;*;9~16;6.710526316;1.921052632;85;38;0.0000~3.5347;14000~74999;2
2522;*;*;17~24;6.6;1.2;510;175;0.0000~3.5347;14000~74999;2
2523;*;*;33~48;6.253731343;1.149253731;190;67;3.5348~7.0695;14000~135999;2
2524;*;*;25~32;5.979674797;1.052845528;673;246;0.0000~3.5347;75000~135999;2
2525;*;*;25~32;5.834123223;1.137440758;658;211;0.0000~3.5347;14000~74999;2
2526;*;*;33~40;5.304950495;1.055445545;1287;505;0.0000~3.5347;14000~74999;2
2527;*;*;17~24;5.496632997;1.107744108;1647;594;0.0000~3.5347;14000~74999;2
2528;*;*;1~8;3.889570552;1.030674847;1237;326;0.0000~3.5347;14000~135999;2
2529;*;*;17~24;4.335740072;0.967509025;555;277;0.0000~3.5347;14000~74999;2
2530;*;*;33~40;5.837528604;1.102974828;1181;437;0.0000~3.5347;14000~74999;2
2531;*;*;33~40;5.561320755;0.974056604;1060;424;0.0000~3.5347;14000~74999;2
2532;*;*;17~24;5.133333333;1.077777778;261;90;0.0000~3.5347;14000~74999;2
2533;*;*;17~24;5.498901099;1.057142857;1443;455;0.0000~3.5347;14000~74999;2
2534;*;*;33~40;6.369565217;1.062111801;958;322;0.0000~3.5347;75000~135999;2
2535;*;*;41~48;6.700507614;1.091370558;512;197;0.0000~3.5347;75000~135999;2
2536;*;*;33~40;5.115151515;0.975757576;535;165;0.0000~3.5347;14000~74999;2
2537;*;*;17~24;4.711111111;1.046464646;1856;495;0.0000~3.5347;14000~74999;2
2538;*;*;49~56;2.709016393;1.295081967;392;244;*;14000~135999;0
2539;*;*;49~56;4.23117338;1.082311734;1150;571;*;14000~135999;0
2540;*;*;49~56;4.450704225;0.975352113;591;284;*;14000~135999;0
2541;*;*;49~56;4.376021798;1.141689373;891;367;*;14000~135999;0
2542;*;*;49~56;4.880877743;1.078369906;758;319;*;14000~135999;0
2543;*;*;49~56;4.995348837;0.979069767;975;430;*;14000~135999;0
2544;*;*;49~56;6.473087819;1.141643059;837;353;*;14000~135999;0
2545;*;*;33~40;4.911314985;1.009174312;731;327;0.0000~3.5347;14000~74999;0
2546;*;*;33~40;5.273076923;1.226923077;640;260;0.0000~3.5347;14000~74999;0
2547;*;*;33~40;5.448071217;1.044510386;883;337;0.0000~3.5347;14000~74999;0
2548;*;*;33~40;5.010752688;1.114695341;788;279;0.0000~3.5347;14000~74999;0
2549;*;*;41~48;4.7406639;0.993775934;1169;482;0.0000~3.5347;14000~74999;0
2550;*;*;41~48;5.673417722;1.129113924;932;395;0.0000~3.5347;75000~135999;0
2551;*;*;33~40;4.933179724;1.00921659;1053;434;0.0000~3.5347;75000~135999;0
2552;*;*;25~32;5.278551532;1.019498607;990;359;0.0000~3.5347;75000~135999;0
2553;*;*;33~40;4.687096774;0.94516129;867;310;0.0000~3.5347;14000~74999;0
2554;*;*;33~40;4.559322034;0.940677966;656;236;0.0000~3.5347;14000~74999;0
2555;*;*;33~40;5.022082019;1.148264984;950;317;0.0000~3.5347;14000~74999;0
2556;*;*;9~16;6.150141643;0.960339943;951;353;3.5348~7.0695;14000~135999;0
2557;*;*;25~32;4.673684211;0.95;992;380;0.0000~3.5347;75000~135999;0
2558;*;*;25~32;5.102915952;1.087478559;1367;583;0.0000~3.5347;14000~74999;0
2559;*;*;49~56;4.096385542;0.891566265;235;83;*;14000~135999;0
2560;*;*;25~32;4.486928105;1.019607843;872;306;0.0000~3.5347;14000~74999;0
2561;*;*;41~48;4.516717325;1.018237082;765;329;0.0000~3.5347;14000~74999;0
2562;*;*;49~56;4.804878049;1.064301552;908;451;*;14000~135999;0
2563;*;*;49~56;3.914942529;1.149425287;952;435;*;14000~135999;0
2564;*;*;33~40;5.333333333;0.996563574;873;291;0.0000~3.5347;75000~135999;0
2565;*;*;41~48;6.094555874;1.025787966;911;349;0.0000~3.5347;75000~135999;0
2566;*;*;33~48;5.659025788;0.991404011;791;349;3.5348~7.0695;14000~135999;0
2567;*;*;41~48;5.622920518;1.103512015;1206;541;0.0000~3.5347;75000~135999;0
2568;*;*;33~40;5.53909465;1.004115226;1263;486;0.0000~3.5347;75000~135999;0
2569;*;*;33~40;5.615740741;0.979166667;982;432;0.0000~3.5347;75000~135999;0
2570;*;*;25~32;5.334500876;1.059544658;1407;571;0.0000~3.5347;75000~135999;0
2571;*;*;17~24;5.58203125;0.998046875;1388;512;0.0000~3.5347;75000~135999;0
2572;*;*;33~40;5.739130435;1.016304348;829;368;0.0000~3.5347;75000~135999;0
2573;*;*;17~24;5.48;1.211428571;425;175;0.0000~3.5347;75000~135999;0
2574;*;*;33~40;5.607329843;1.09947644;1056;382;0.0000~3.5347;75000~135999;0
2575;*;*;25~32;5.123809524;1.1;1259;420;0.0000~3.5347;75000~135999;0
2576;*;*;25~32;5.793911007;1.06088993;1130;427;0.0000~3.5347;75000~135999;0
2577;*;*;25~32;5.829479769;1.037572254;855;346;3.5348~7.0695;14000~135999;0
2578;*;*;33~40;6.252615845;0.650224215;1891;669;0.0000~3.5347;75000~135999;0
2579;*;*;25~32;6.019950125;1.067331671;1005;401;0.0000~3.5347;136000~196999;0
2580;*;*;17~24;5.85520362;0.984162896;1198;442;3.5348~7.0695;14000~135999;1
2581;*;*;17~24;2.56374502;0.964143426;805;502;0.0000~3.5347;136000~196999;0
2582;*;*;25~32;3.488126649;1.021108179;794;379;0.0000~3.5347;75000~135999;0
2583;*;*;41~48;3.279620853;0.976303318;398;211;0.0000~3.5347;75000~135999;0
2584;*;*;41~48;5.3003003;0.978978979;796;333;0.0000~3.5347;75000~135999;0
2585;*;*;25~32;4.023529412;1.103529412;990;425;0.0000~3.5347;75000~135999;0
2586;*;*;49~56;4.92513369;1;420;187;*;14000~135999;0
2587;*;*;25~32;2.569230769;1.030769231;780;130;0.0000~3.5347;136000~196999;0
2588;*;*;33~40;5.068027211;1.14739229;1165;441;0.0000~3.5347;14000~74999;0
2589;*;*;33~40;5.105982906;0.988034188;1581;585;0.0000~3.5347;75000~135999;0
2590;*;*;25~32;4.244111349;1.059957173;1052;467;0.0000~3.5347;14000~74999;0
2591;*;*;25~32;5.100760456;1.05513308;1353;526;0.0000~3.5347;75000~135999;0
2592;*;*;17~24;5.202580645;1.029677419;1948;775;0.0000~3.5347;75000~135999;0
2593;*;*;49~56;6.465116279;1.215116279;544;172;*;14000~135999;0
2594;*;*;1~16;4.764840183;0.96803653;1603;438;0.0000~3.5347;136000~196999;0
2595;*;*;25~32;6.386666667;1.149333333;983;375;0.0000~3.5347;136000~196999;1
2596;*;*;9~16;4.015923567;1.144904459;1381;628;0.0000~3.5347;75000~135999;0
2597;*;*;17~24;5.763285024;1.3647343;1058;414;0.0000~3.5347;75000~135999;1
2598;*;*;25~32;5.974522293;1.515923567;425;157;0.0000~3.5347;14000~74999;1
2599;*;*;17~24;5.426997245;1.187327824;1166;363;0.0000~3.5347;14000~74999;1
2600;*;*;17~24;5.495412844;1.174311927;1033;327;0.0000~3.5347;14000~74999;1
2601;*;*;17~24;5.984848485;1.409090909;686;264;0.0000~3.5347;14000~74999;1
2602;*;*;17~24;7.045045045;1.554054054;517;222;0.0000~3.5347;75000~135999;2
2603;*;*;25~32;5.25;1.219387755;509;196;0.0000~3.5347;14000~74999;0
2604;*;*;17~24;5.64532872;1.382352941;1384;578;0.0000~3.5347;75000~135999;0
2605;*;*;25~32;5.151515152;1.085858586;421;198;0.0000~3.5347;136000~196999;0
2606;*;*;25~32;4.413513514;1.027027027;890;370;0.0000~3.5347;75000~135999;0
2607;*;*;17~24;5.026578073;1.059800664;943;301;3.5348~7.0695;14000~135999;1
2608;*;*;25~32;5.372180451;1.635338346;672;266;0.0000~3.5347;75000~135999;1
2609;*;*;25~32;4.681528662;1.070063694;811;314;0.0000~3.5347;75000~135999;1
2610;*;*;41~48;5.116071429;1.107142857;844;336;0.0000~3.5347;75000~135999;1
2611;*;*;25~32;5.781818182;1.177272727;519;220;0.0000~3.5347;75000~135999;1
2612;*;*;17~24;4.287179487;0.987179487;1060;390;0.0000~3.5347;75000~135999;0
2613;*;*;17~24;5.704152249;1.14532872;1554;578;0.0000~3.5347;75000~135999;0
2614;*;*;17~24;5.484693878;1.091836735;529;196;0.0000~3.5347;75000~135999;0
2615;*;*;17~24;5.070175439;1.067251462;866;342;0.0000~3.5347;75000~135999;0
2616;*;*;17~24;4.766949153;1.025423729;1248;472;0.0000~3.5347;75000~135999;0
2617;*;*;25~32;5.188720174;1.028199566;1298;461;0.0000~3.5347;14000~74999;0
2618;*;*;17~24;4.652661064;0.921568627;948;357;0.0000~3.5347;75000~135999;0
2619;*;*;17~24;4.626865672;1.029850746;941;335;0.0000~3.5347;14000~74999;0
2620;*;*;9~16;5.404761905;1.062770563;1153;462;0.0000~3.5347;75000~135999;0
2621;*;*;9~16;8.022099448;1.198895028;516;181;3.5348~7.0695;136000~196999;0
2622;*;*;17~24;4.699367089;1.091772152;823;316;0.0000~3.5347;75000~135999;0
2623;*;*;17~24;5.434108527;1.062015504;1019;387;0.0000~3.5347;75000~135999;0
2624;*;*;25~32;5.87458194;1.060200669;1658;598;3.5348~7.0695;14000~135999;1
2625;*;*;33~48;5.32231405;1.066115702;334;121;3.5348~7.0695;14000~135999;0
2626;*;*;17~24;6.47284345;1.079872204;873;313;3.5348~7.0695;14000~135999;0
2627;*;*;17~24;5.131212724;0.992047714;1375;503;0.0000~3.5347;75000~135999;0
2628;*;*;17~24;5.321100917;1.073394495;320;109;3.5348~7.0695;14000~135999;0
2629;*;*;17~24;5.858024691;1.086419753;2907;972;3.5348~7.0695;14000~135999;0
2630;*;*;25~32;4.544776119;1.235074627;620;268;0.0000~3.5347;14000~74999;0
2631;*;*;33~40;5.051612903;1.135483871;1194;465;0.0000~3.5347;75000~135999;0
2632;*;*;33~40;5.318435754;0.994413408;480;179;0.0000~3.5347;75000~135999;0
2633;*;*;25~32;5.758122744;1.115523466;706;277;0.0000~3.5347;75000~135999;0
2634;*;*;41~48;5.4781491;1.025706941;910;389;0.0000~3.5347;75000~135999;0
2635;*;*;33~40;4.52739726;0.969178082;642;292;0.0000~3.5347;75000~135999;0
2636;*;*;33~40;5.594339623;1.122641509;539;212;0.0000~3.5347;75000~135999;0
2637;*;*;25~32;5.242009132;0.940639269;521;219;3.5348~7.0695;14000~135999;0
2638;*;*;17~24;4.358638743;1.060209424;826;382;0.0000~3.5347;14000~74999;0
2639;*;*;17~24;5.11130137;1.044520548;1544;584;0.0000~3.5347;75000~135999;0
2640;*;*;25~32;5.320113314;0.963172805;937;353;0.0000~3.5347;75000~135999;1
2641;*;*;17~24;6.204166667;1.152083333;1370;480;0.0000~3.5347;75000~135999;1
2642;*;*;25~32;5.980645161;1.177419355;883;310;0.0000~3.5347;75000~135999;1
2643;*;*;25~32;8.027888446;2.087649402;746;251;0.0000~3.5347;75000~135999;2
2644;*;*;25~32;5.349295775;1.005633803;891;355;0.0000~3.5347;75000~135999;1
2645;*;*;25~32;5.096085409;1.067615658;1314;562;0.0000~3.5347;75000~135999;1
2646;*;*;33~40;5.711864407;0.991525424;573;236;0.0000~3.5347;14000~74999;1
2647;*;*;33~40;5.978021978;4.78021978;240;91;0.0000~3.5347;75000~135999;1
2648;*;*;25~32;5.152406417;1.050802139;996;374;0.0000~3.5347;14000~74999;1
2649;*;*;41~48;4.722222222;1.097222222;1300;504;0.0000~3.5347;14000~74999;1
2650;*;*;33~40;5.536159601;1.06234414;1041;401;0.0000~3.5347;14000~74999;1
2651;*;*;49~56;4.513207547;0.890566038;965;265;*;14000~135999;1
2652;*;*;33~40;6.367088608;1.348101266;443;158;0.0000~3.5347;14000~74999;1
2653;*;*;49~56;6.008130081;1.067750678;907;369;*;14000~135999;0
2654;*;*;49~56;6.193103448;1.04137931;1152;435;*;14000~135999;0
2655;*;*;49~56;6.740740741;1.111111111;806;270;*;14000~135999;0
2656;*;*;25~32;7.647058824;2.240641711;434;187;0.0000~3.5347;75000~135999;0
2657;*;*;17~24;8.09202454;1.63803681;393;163;0.0000~3.5347;75000~135999;0
2658;*;*;9~16;6.404907975;1.641104294;816;326;0.0000~3.5347;14000~74999;1
2659;*;*;25~32;6.413242009;1.381278539;1093;438;0.0000~3.5347;14000~74999;1
2660;*;*;25~32;5.158774373;1.259052925;917;359;0.0000~3.5347;14000~74999;1
2661;*;*;17~24;5.039735099;1.399558499;1184;453;0.0000~3.5347;75000~135999;1
2662;*;*;33~40;6.141975309;1.216049383;1221;486;0.0000~3.5347;75000~135999;1
2663;*;*;33~40;5.104477612;1.186567164;900;402;0.0000~3.5347;75000~135999;1
2664;*;*;17~24;5.818443804;1.429394813;899;347;0.0000~3.5347;75000~135999;1
2665;*;*;33~40;5.744588745;1.134199134;784;231;0.0000~3.5347;14000~74999;2
2666;*;*;17~24;4.383399209;1.118577075;1006;253;0.0000~3.5347;14000~74999;2
2667;*;*;17~24;4.413793103;0.939655172;890;232;0.0000~3.5347;14000~74999;2
2668;*;*;33~40;4.140939597;1.251677852;777;298;0.0000~3.5347;14000~74999;2
2669;*;*;25~32;4.865853659;1.275609756;1069;410;0.0000~3.5347;14000~74999;2
2670;*;*;33~40;4.992957746;1.316901408;390;142;0.0000~3.5347;14000~74999;2
2671;*;*;25~32;7.409836066;1.68852459;258;61;0.0000~3.5347;75000~135999;2
2672;*;*;17~24;4.649769585;1.064516129;745;217;0.0000~3.5347;14000~74999;2
2673;*;*;17~24;4.873913043;1.060869565;766;230;0.0000~3.5347;14000~74999;2
2674;*;*;25~32;5.607142857;1.089285714;152;56;0.0000~3.5347;75000~135999;2
2675;*;*;25~32;5.881443299;1.134020619;684;194;0.0000~3.5347;75000~135999;2
2676;*;*;17~24;5.461038961;0.948051948;473;154;0.0000~3.5347;75000~135999;2
2677;*;*;25~32;4.68115942;1.107246377;1307;345;0.0000~3.5347;14000~74999;2
2678;*;*;17~24;4.120253165;1.034810127;1244;316;0.0000~3.5347;14000~74999;2
2679;*;*;25~32;4.562831858;1.122123894;2082;565;0.0000~3.5347;14000~74999;2
2680;*;*;17~24;4.422712934;0.905362776;1104;317;0.0000~3.5347;14000~74999;2
2681;*;*;17~24;3.760309278;0.961340206;1148;388;0.0000~3.5347;14000~74999;2
2682;*;*;25~32;3.971128609;1.036745407;1121;381;0.0000~3.5347;14000~74999;2
2683;*;*;17~24;6.681102362;1.05511811;911;254;3.5348~7.0695;14000~135999;2
2684;*;*;17~24;5.422832981;1.1205074;1447;473;0.0000~3.5347;75000~135999;2
2685;*;*;41~48;5.648837209;1.055813953;1188;430;0.0000~3.5347;14000~74999;2
2686;*;*;33~40;4.977987421;1.06918239;933;318;0.0000~3.5347;14000~74999;2
2687;*;*;33~40;6.294444444;1.013888889;952;360;*;136000~196999;2
2688;*;*;17~24;5.140142518;1.140142518;1164;421;3.5348~7.0695;14000~135999;2
2689;*;*;33~40;4.374509804;1.068627451;1568;510;0.0000~3.5347;14000~74999;2
2690;*;*;17~24;4.032418953;0.912718204;1416;401;0.0000~3.5347;14000~74999;2
2691;*;*;9~16;5.575667656;1.148367953;1376;337;0.0000~3.5347;14000~74999;2
2692;*;*;33~48;6.640449438;1.561797753;327;89;3.5348~7.0695;14000~135999;2
2693;*;*;9~16;6.140540541;1.059459459;481;185;3.5348~7.0695;136000~196999;2
2694;*;*;17~24;6.283236994;0.988439306;649;173;0.0000~3.5347;75000~135999;2
2695;*;*;17~24;5.301818182;1.069090909;866;275;0.0000~3.5347;14000~74999;2
2696;*;*;9~16;4.888888889;1.034482759;867;261;0.0000~3.5347;75000~135999;2
2697;*;*;25~32;4.782089552;0.96119403;1130;335;3.5348~7.0695;14000~135999;2
2698;*;*;33~40;5.058823529;1.053475936;1175;374;0.0000~3.5347;14000~74999;2
2699;*;*;33~40;5.2406639;1.087136929;950;241;0.0000~3.5347;14000~74999;2
2700;*;*;25~32;4.384615385;1.130177515;623;169;0.0000~3.5347;14000~74999;2
2701;*;*;33~40;5.46;1076;825;250;0.0000~3.5347;14000~74999;2
2702;*;*;17~24;4.223577236;1.040650407;728;246;0.0000~3.5347;14000~74999;2
2703;*;*;25~32;4.190972222;1.045138889;804;288;0.0000~3.5347;14000~74999;2
2704;*;*;25~32;5.26056338;1.017605634;959;284;0.0000~3.5347;14000~74999;2
2705;*;*;17~24;6.483870968;1.10483871;862;248;3.5348~7.0695;14000~135999;2
2706;*;*;1~8;5.221153846;1.016025641;1005;312;3.5348~7.0695;14000~135999;2
2707;*;*;17~24;5.103773585;0.981132075;457;106;0.0000~3.5347;75000~135999;2
2708;*;*;17~24;5.225531915;1;569;235;0.0000~3.5347;75000~135999;2
2709;*;*;17~24;4.559766764;0.991253644;1161;343;0.0000~3.5347;14000~74999;2
2710;*;*;41~48;8.280701754;1.421052632;206;57;0.0000~3.5347;75000~135999;2
2711;*;*;9~16;6.444444444;1.833333333;123;54;0.0000~3.5347;75000~135999;2
2712;*;*;17~24;6.854545455;1.254545455;198;55;0.0000~3.5347;75000~135999;2
2713;*;*;1~8;5.629370629;1;458;143;3.5348~7.0695;14000~135999;2
2714;*;*;33~40;5.620437956;1.153284672;1013;274;0.0000~3.5347;14000~74999;2
2715;*;*;9~16;5.412935323;1.009950249;533;201;3.5348~7.0695;14000~135999;2
2716;*;*;17~24;3.485981308;0.995327103;1595;428;0.0000~3.5347;14000~74999;2
2717;*;*;9~16;3.996941896;1.097859327;961;327;0.0000~3.5347;14000~74999;2
2718;*;*;9~16;4.436647173;1.157894737;1184;513;0.0000~3.5347;75000~135999;2
2719;*;*;17~24;5.271966527;1.029288703;805;239;0.0000~3.5347;75000~135999;2
2720;*;*;17~24;5.15015015;1.012012012;1166;333;0.0000~3.5347;75000~135999;2
2721;*;*;9~16;4.59939759;0.978915663;1453;332;0.0000~3.5347;14000~74999;2
2722;*;*;17~24;4.612403101;1.065891473;1113;258;0.0000~3.5347;14000~74999;2
2723;*;*;1~16;5.15625;1125;822;64;0.0000~3.5347;136000~196999;2
2724;*;*;17~24;4.1625;0.8875;580;160;0.0000~3.5347;14000~74999;2
2725;*;*;17~24;4.007092199;1.14893617;692;141;0.0000~3.5347;14000~74999;2
2726;*;*;25~32;4.043010753;1.043010753;733;186;0.0000~3.5347;14000~74999;2
2727;*;*;17~24;4.541114058;1.068965517;1370;377;0.0000~3.5347;14000~74999;2
2728;*;*;17~24;4.995024876;1.099502488;697;201;0.0000~3.5347;14000~74999;2
2729;*;*;33~48;5.6492891;1.009478673;1066;211;3.5348~7.0695;14000~135999;2
2730;*;*;25~32;3.735042735;1.068376068;1193;351;0.0000~3.5347;14000~74999;2
2731;*;*;25~32;4.211586902;1.047858942;1335;397;0.0000~3.5347;14000~74999;2
2732;*;*;9~16;3.929530201;1.100671141;1024;298;0.0000~3.5347;14000~74999;2
2733;*;*;17~24;2.745920746;1.020979021;1377;429;0.0000~3.5347;14000~74999;2
2734;*;*;33~40;5.471264368;1.063218391;1627;522;0.0000~3.5347;75000~135999;2
2735;*;*;17~24;3.092568449;1.088657106;2283;767;0.0000~3.5347;14000~74999;2
2736;*;*;49~56;4.711678832;1.010948905;864;274;*;14000~135999;2
2737;*;*;41~48;5.353944563;1.044776119;1583;469;0.0000~3.5347;14000~74999;2
2738;*;*;33~48;6.204188482;1.057591623;615;191;3.5348~7.0695;14000~135999;2
2739;*;*;25~32;6.045180723;0.906626506;1135;332;3.5348~7.0695;14000~135999;2
2740;*;*;25~32;6.4;1.155102041;848;245;0.0000~3.5347;75000~135999;2
2741;*;*;1~8;4.947761194;1.130597015;1767;536;0.0000~3.5347;14000~135999;2
2742;*;*;1~8;5.923990499;0.983372922;1416;421;3.5348~7.0695;14000~135999;2
2743;*;*;1~8;7.606271777;1.069686411;1000;287;3.5348~7.0695;136000~196999;2
2744;*;*;9~16;3.740576497;1.124168514;762;451;0.0000~3.5347;14000~74999;2
2745;*;*;33~48;5.538461538;1;621;208;3.5348~7.0695;14000~135999;2
2746;*;*;25~32;6.447222222;1.019444444;1173;360;3.5348~7.0695;14000~135999;2
2747;*;*;17~24;6.90990991;1.058558559;871;222;3.5348~7.0695;14000~135999;2
2748;*;*;9~16;5.101083032;1.007220217;803;277;3.5348~7.0695;14000~135999;2
2749;*;*;9~16;6.908108108;1.172972973;653;185;3.5348~7.0695;136000~196999;2
2750;*;*;25~32;6.317567568;1.195945946;649;148;0.0000~3.5347;75000~135999;2
2751;*;*;17~24;5.505617978;1.092696629;1691;356;0.0000~3.5347;14000~74999;2
2752;*;*;17~24;4.350746269;0.843283582;531;134;0.0000~3.5347;75000~135999;2
2753;*;*;25~32;3.857142857;0.951827243;2185;602;0.0000~3.5347;14000~74999;2
2754;*;*;17~24;4.248322148;0.922818792;1083;298;0.0000~3.5347;14000~74999;2
2755;*;*;9~16;5.488745981;1.07073955;2097;622;0.0000~3.5347;75000~135999;2
2756;*;*;17~24;3.92965368;0.988095238;3565;924;0.0000~3.5347;75000~135999;2
2757;*;*;33~40;4.545263158;1.035789474;1694;475;0.0000~3.5347;75000~135999;2
2758;*;*;25~32;3.875318066;1.119592875;1302;393;0.0000~3.5347;75000~135999;2
2759;*;*;9~16;4.943201377;1.049913941;2644;581;0.0000~3.5347;14000~74999;2
2760;*;*;1~8;4.720538721;0.978114478;2807;594;0.0000~3.5347;14000~135999;2
2761;*;*;17~24;5.087719298;1.649122807;135;57;0.0000~3.5347;75000~135999;2
2762;*;*;9~16;7.424242424;1.727272727;81;33;0.0000~3.5347;14000~74999;2
2763;*;*;9~16;10.4;2.45;51;20;3.5348~7.0695;14000~135999;2
2764;*;*;25~32;7.17721519;1.772151899;329;158;0.0000~3.5347;14000~74999;2
2765;*;*;17~24;7.666666667;1.592592593;98;54;0.0000~3.5347;14000~74999;2
2766;*;*;17~24;6.766101695;1.745762712;659;295;0.0000~3.5347;14000~74999;2
2767;*;*;9~16;7.124542125;1.963369963;515;273;0.0000~3.5347;14000~74999;2
2768;*;*;1~8;8.857142857;2.047619048;41;21;0.0000~3.5347;14000~135999;2
2769;*;*;1~8;10;1.916666667;63;24;0.0000~3.5347;14000~135999;2
2770;*;*;9~16;6.287671233;1.301369863;160;73;0.0000~3.5347;14000~74999;2
2771;*;*;17~24;7.806451613;1.6;329;155;0.0000~3.5347;14000~74999;2
2772;*;*;25~32;5.649122807;1.421052632;112;57;0.0000~3.5347;14000~74999;2
2773;*;*;9~16;5.823529412;1.470588235;37;17;0.0000~3.5347;14000~74999;2
2774;*;*;1~8;6;1125;30;16;3.5348~7.0695;14000~135999;2
2775;*;*;17~24;5.726618705;1.748201439;227;139;0.0000~3.5347;14000~74999;2
2776;*;*;17~24;9.31496063;2.858267717;374;127;0.0000~3.5347;14000~74999;2
2777;*;*;17~24;4.431952663;1.408284024;476;169;0.0000~3.5347;14000~74999;2
2778;*;*;17~24;8.714285714;2.461538462;338;182;0.0000~3.5347;14000~74999;2
2779;*;*;17~24;1.62962963;1.222222222;64;27;0.0000~3.5347;14000~74999;2
2780;*;*;17~24;4.226973684;1.348684211;1431;608;0.0000~3.5347;14000~74999;2
2781;*;*;9~16;4.826666667;1.26;949;300;0.0000~3.5347;14000~74999;2
2782;*;*;17~24;4.3375;1.20625;775;320;0.0000~3.5347;14000~74999;2
2783;*;*;9~16;5.330532213;1.112044818;1501;714;0.0000~3.5347;75000~135999;2
2784;*;*;17~24;5.788235294;0.952941176;1225;425;3.5348~7.0695;136000~196999;2
2785;*;*;17~24;6.721804511;1.298245614;1134;399;0.0000~3.5347;136000~196999;2
2786;*;*;17~24;5.437037037;1.048148148;721;270;0.0000~3.5347;75000~135999;2
2787;*;*;25~32;5.994263862;1.001912046;1385;523;3.5348~7.0695;136000~196999;2
2788;*;*;17~24;6.35;1.071153846;1413;520;3.5348~7.0695;136000~196999;2
2789;*;*;17~24;4.905376344;1.11827957;1425;465;0.0000~3.5347;14000~74999;2
2790;*;*;33~40;4.286956522;1.076521739;1172;575;0.0000~3.5347;75000~135999;2
2791;*;*;25~32;4.279220779;1.07012987;1477;770;0.0000~3.5347;75000~135999;2
2792;*;*;33~40;4.578282828;1.035353535;902;396;0.0000~3.5347;75000~135999;2
2793;*;*;17~24;5.471698113;1.058176101;1541;636;0.0000~3.5347;75000~135999;2
2794;*;*;17~24;4.5;1.181818182;51;22;0.0000~3.5347;136000~196999;2
2795;*;*;33~40;6.908355795;1.428571429;861;371;0.0000~3.5347;75000~135999;2
2796;*;*;33~40;4.906103286;1.122065728;896;426;0.0000~3.5347;14000~74999;2
2797;*;*;17~24;6.018229167;1.268229167;1019;384;0.0000~3.5347;75000~135999;2
2798;*;*;25~32;5.852739726;1.503424658;632;292;0.0000~3.5347;14000~74999;2
2799;*;*;17~24;3.774390244;1.457317073;490;164;0.0000~3.5347;14000~74999;2
2800;*;*;9~16;6.441314554;1.812206573;436;213;0.0000~3.5347;14000~74999;2
2801;*;*;41~48;5.080536913;1.024608501;1124;447;0.0000~3.5347;14000~74999;2
2802;*;*;41~48;4.874251497;1.053892216;754;334;0.0000~3.5347;14000~74999;2
2803;*;*;33~40;5.197183099;1.052816901;1491;568;0.0000~3.5347;14000~74999;2
2804;*;*;9~16;6.048109966;1.037800687;1748;582;3.5348~7.0695;14000~135999;2
2805;*;*;1~8;4.869863014;1.111872146;1182;438;0.0000~3.5347;14000~135999;2
2806;*;*;25~32;5.720268007;1.056951424;1527;597;3.5348~7.0695;14000~135999;2
2807;*;*;33~40;5.364116095;0.976253298;956;379;0.0000~3.5347;14000~74999;2
2808;*;*;33~40;4.995412844;1.036697248;520;218;0.0000~3.5347;14000~74999;2
2809;*;*;33~40;5.465240642;1.195187166;1021;374;0.0000~3.5347;14000~74999;2
2810;*;*;33~40;4.629539952;1.062953995;1015;413;0.0000~3.5347;14000~74999;2
2811;*;*;41~48;4.338422392;1.063613232;905;393;0.0000~3.5347;14000~74999;2
2812;*;*;41~48;4.847184987;1.166219839;1005;373;0.0000~3.5347;14000~74999;2
2813;*;*;41~48;4.723463687;1.122905028;913;358;0.0000~3.5347;14000~74999;2
2814;*;*;41~48;4.754176611;1.00477327;1006;419;0.0000~3.5347;14000~74999;2
2815;*;*;33~40;5.171428571;1.061538462;1368;455;0.0000~3.5347;14000~74999;2
2816;*;*;17~24;4.901353965;1.071566731;1297;517;0.0000~3.5347;14000~74999;2
2817;*;*;41~48;4.695560254;1.090909091;1106;473;0.0000~3.5347;14000~74999;2
2818;*;*;33~40;4.824657534;1.21369863;911;365;0.0000~3.5347;14000~74999;2
2819;*;*;25~32;5.103559871;1.003236246;844;309;0.0000~3.5347;14000~74999;2
2820;*;*;25~32;3.842880524;1.147299509;1413;611;0.0000~3.5347;14000~74999;2
2821;*;*;33~40;4.473413379;1.063464837;1566;583;0.0000~3.5347;14000~74999;2
2822;*;*;17~24;4.311345646;1.098944591;1622;758;0.0000~3.5347;14000~74999;2
2823;*;*;9~16;7.037225042;1.028764805;2089;591;3.5348~7.0695;14000~135999;2
2824;*;*;17~24;5.320109439;1.138166895;1872;731;0.0000~3.5347;75000~135999;2
2825;*;*;9~16;6.259528131;0.947368421;1754;551;3.5348~7.0695;14000~135999;2
2826;*;*;49~56;9625;27.1875;37;16;*;197000~257999;2
2827;*;*;25~32;6.864864865;0.945945946;118;37;3.5348~7.0695;197000~257999;2
2828;*;*;17~24;5.974763407;1.006309148;846;317;3.5348~7.0695;14000~135999;2
2829;*;*;9~16;6.247572816;1.009708738;3242;1030;3.5348~7.0695;14000~135999;2
2830;*;*;9~16;4.553934341;1.141219385;4781;1919;0.0000~3.5347;14000~74999;2
2831;*;*;25~32;4.343675418;1.095465394;1134;419;0.0000~3.5347;14000~74999;2
2832;*;*;33~40;3.798076923;1.076923077;426;208;0.0000~3.5347;14000~74999;2
2833;*;*;25~32;2.247524752;0.742574257;169;101;0.0000~3.5347;14000~74999;2
2834;*;*;33~48;5.949197861;1.048128342;890;374;3.5348~7.0695;14000~135999;2
2835;*;*;33~48;5.943925234;1.031152648;789;321;3.5348~7.0695;14000~135999;2
2836;*;*;33~48;5.936675462;0.997361478;928;379;3.5348~7.0695;14000~135999;2
2837;*;*;33~48;5.829568789;1.059548255;1203;487;3.5348~7.0695;14000~135999;2
2838;*;*;49~56;4.576666667;0.946666667;648;300;*;14000~135999;2
2839;*;*;33~48;6.257425743;1.03960396;937;303;3.5348~7.0695;14000~135999;2
2840;*;*;33~40;6.01618123;1.045307443;854;309;0.0000~3.5347;75000~135999;2
2841;*;*;33~40;4.782352941;1.005882353;440;170;0.0000~3.5347;14000~74999;2
2842;*;*;33~40;5.571428571;1.054054054;680;259;0.0000~3.5347;14000~74999;2
2843;*;*;33~40;5.735384615;1.018461538;1052;325;0.0000~3.5347;75000~135999;2
2844;*;*;33~48;5.408759124;0.97080292;640;274;3.5348~7.0695;14000~135999;2
2845;*;*;25~32;5.549346017;1.040428062;2404;841;0.0000~3.5347;75000~135999;2
2846;*;*;25~32;5.383915023;1.106221548;1542;659;0.0000~3.5347;75000~135999;2
2847;*;*;17~24;5.077010193;1.012457531;2136;883;3.5348~7.0695;14000~135999;2
2848;*;*;25~32;5.791569087;0.93676815;1271;427;3.5348~7.0695;14000~135999;2
2849;*;*;17~24;5.39731286;1.101727447;2842;1042;0.0000~3.5347;75000~135999;2
2850;*;*;33~48;5.815340909;0.985795455;888;352;3.5348~7.0695;14000~135999;2
2851;*;*;33~48;5.951742627;1.040214477;906;373;3.5348~7.0695;14000~135999;2
2852;*;*;41~48;5.95320197;1.071428571;973;406;0.0000~3.5347;75000~135999;2
2853;*;*;25~32;6.460296097;1.118438762;2365;743;3.5348~7.0695;14000~135999;2
2854;*;*;25~32;5.404166667;0.995833333;1419;480;3.5348~7.0695;14000~135999;2
2855;*;*;33~48;5.728440367;1.062385321;1733;545;3.5348~7.0695;14000~135999;2
2856;*;*;17~24;5.8125;1.056686047;1889;688;3.5348~7.0695;14000~135999;2
2857;*;*;9~16;5.93368984;1.006417112;2815;935;3.5348~7.0695;14000~135999;2
2858;*;*;25~32;6.800884956;1;1223;452;3.5348~7.0695;136000~196999;2
2859;*;*;1~16;7.901763224;1.050377834;1318;397;7.0696~10.6043;*;2
2860;*;*;1~8;4.979679144;1.038502674;2320;935;0.0000~3.5347;14000~135999;2
2861;*;*;9~16;6.658385093;1.089026915;1539;483;3.5348~7.0695;136000~196999;2
2862;*;*;9~16;4.701179554;1.014416776;1398;763;0.0000~3.5347;75000~135999;2
2863;*;*;9~16;5.98053528;1.053527981;1352;411;3.5348~7.0695;14000~135999;2
2864;*;*;25~32;5.715672677;1.047156727;2590;721;0.0000~3.5347;14000~74999;2
2865;*;*;17~24;5.339920949;1.007905138;762;253;0.0000~3.5347;75000~135999;2
2866;*;*;17~24;5.6078125;1.0953125;1746;640;0.0000~3.5347;75000~135999;2
2867;*;*;33~40;5.729216152;1.059382423;1558;421;0.0000~3.5347;14000~74999;2
2868;*;*;33~40;4.789772727;1.052556818;2352;704;0.0000~3.5347;14000~74999;2
2869;*;*;17~24;4.808695652;1.095652174;790;230;0.0000~3.5347;14000~74999;2
2870;*;*;33~40;4.790830946;1.028653295;1059;349;0.0000~3.5347;14000~74999;2
2871;*;*;33~40;4.976119403;1.080597015;971;335;0.0000~3.5347;14000~74999;2
2872;*;*;33~40;5;1.108474576;946;295;0.0000~3.5347;14000~74999;2
2873;*;*;41~48;4.600628931;1.066037736;1066;318;0.0000~3.5347;14000~74999;2
2874;*;*;33~40;4.756676558;1.109792285;1026;337;0.0000~3.5347;14000~74999;2
2875;*;*;33~40;4.80952381;0.98185941;1547;441;0.0000~3.5347;14000~74999;2
2876;*;*;25~32;4.582491582;1.222222222;1483;297;0.0000~3.5347;14000~74999;2
2877;*;*;33~40;4.216901408;1.078873239;1182;355;0.0000~3.5347;14000~74999;2
2878;*;*;41~48;3.963210702;1.197324415;1038;299;0.0000~3.5347;14000~74999;2
2879;*;*;41~48;4.41252302;1.108655617;1781;543;0.0000~3.5347;14000~74999;2
2880;*;*;33~40;4.050847458;1.031476998;1041;413;0.0000~3.5347;14000~74999;2
2881;*;*;25~32;4.332236842;1.230263158;1025;304;0.0000~3.5347;14000~74999;2
2882;*;*;25~32;4.66442953;1.211409396;1116;298;0.0000~3.5347;14000~74999;2
2883;*;*;17~24;4.314285714;1.088095238;1592;420;0.0000~3.5347;14000~74999;2
2884;*;*;17~24;4.407317073;1.134146341;1460;410;0.0000~3.5347;14000~74999;2
2885;*;*;33~40;4.473684211;1.083333333;795;228;0.0000~3.5347;14000~74999;2
2886;*;*;25~32;4.289377289;1.095238095;1193;273;0.0000~3.5347;14000~74999;2
2887;*;*;33~40;5.12183908;1.245977011;1516;435;0.0000~3.5347;14000~74999;2
2888;*;*;33~40;4.217008798;1.020527859;1054;341;0.0000~3.5347;14000~74999;2
2889;*;*;49~56;5.373563218;1.097701149;1325;522;*;14000~135999;2
2890;*;*;25~32;4.244755245;1.237762238;476;143;0.0000~3.5347;14000~74999;2
2891;*;*;25~32;3.830409357;0.997076023;2375;684;0.0000~3.5347;14000~74999;2
2892;*;*;41~48;3.7875;975;216;80;0.0000~3.5347;14000~74999;2
2893;*;*;33~40;4.781609195;1.137931034;814;174;0.0000~3.5347;14000~74999;2
2894;*;*;33~40;4.135135135;0.990990991;743;222;0.0000~3.5347;14000~74999;2
2895;*;*;33~40;4.55801105;0.988950276;670;181;0.0000~3.5347;14000~74999;2
2896;*;*;49~56;4.381443299;1.226804124;380;97;*;14000~135999;2
2897;*;*;41~48;5.046511628;1.279069767;274;86;0.0000~3.5347;14000~74999;2
2898;*;*;49~56;4.384615385;1;158;26;*;14000~135999;2
2899;*;*;33~40;2.926829268;0.853658537;477;41;0.0000~3.5347;14000~74999;2
2900;*;*;41~48;4.900826446;1.123966942;364;121;0.0000~3.5347;14000~74999;2
2901;*;*;49~56;2.903225806;1.129032258;36;31;*;14000~135999;2
2902;*;*;41~48;5.492063492;1.46031746;129;63;0.0000~3.5347;14000~74999;2
2903;*;*;49~56;3.897959184;1.06122449;106;49;*;14000~135999;2
2904;*;*;41~48;4.525179856;1.028776978;568;139;0.0000~3.5347;75000~135999;2
2905;*;*;33~40;5.175609756;0.96097561;843;410;0.0000~3.5347;75000~135999;2
2906;*;*;49~56;6.519230769;1.115384615;540;260;*;136000~196999;2
2907;*;*;49~56;5.42599278;1.324909747;554;277;*;14000~135999;2
2908;*;*;41~48;5.393333333;1.033333333;667;300;0.0000~3.5347;75000~135999;2
2909;*;*;25~32;5.914809961;1.001310616;1593;763;0.0000~3.5347;75000~135999;2
2910;*;*;33~40;4.725060827;1.00729927;1051;411;0.0000~3.5347;14000~74999;2
2911;*;*;25~32;6.147214854;1.061007958;2307;754;3.5348~7.0695;14000~135999;2
2912;*;*;9~16;4.699687174;1.093847758;2261;959;0.0000~3.5347;75000~135999;2
2913;*;*;17~24;6.322503008;1.075812274;2155;831;3.5348~7.0695;14000~135999;2
2914;*;*;9~16;5.899267399;1.021978022;2966;1092;3.5348~7.0695;14000~135999;2
2915;*;*;9~16;5.79245283;1.103773585;409;212;3.5348~7.0695;14000~135999;2
2916;*;*;41~48;5.674208145;1.092760181;1035;442;0.0000~3.5347;14000~74999;2
2917;*;*;33~48;5.010309278;0.93556701;977;388;3.5348~7.0695;14000~135999;2
2918;*;*;33~40;5.009803922;1.019607843;771;306;0.0000~3.5347;14000~74999;2
2919;*;*;41~48;5.511784512;1.138047138;714;297;0.0000~3.5347;75000~135999;2
2920;*;*;41~48;4.89435337;1.129326047;1521;549;0.0000~3.5347;14000~74999;2
2921;*;*;41~48;5.049586777;1.090909091;947;363;0.0000~3.5347;14000~74999;2
2922;*;*;41~48;5.177777778;1.079365079;847;315;0.0000~3.5347;14000~74999;2
2923;*;*;41~48;4.287394958;0.998319328;1342;595;0.0000~3.5347;75000~135999;2
2924;*;*;33~40;4.650273224;1.038251366;1191;366;0.0000~3.5347;14000~74999;2
2925;*;*;33~40;4.927613941;1.040214477;1203;373;0.0000~3.5347;14000~74999;2
2926;*;*;33~40;5.024574669;1.183364839;1490;529;0.0000~3.5347;14000~74999;2
2927;*;*;17~24;4.462068966;1.112643678;1277;435;0.0000~3.5347;14000~74999;2
2928;*;*;33~40;4.773255814;1.052325581;579;172;0.0000~3.5347;14000~74999;2
2929;*;*;33~40;4.569892473;1.220430108;764;186;0.0000~3.5347;14000~74999;2
2930;*;*;33~40;4.54822335;1.101522843;805;197;0.0000~3.5347;14000~74999;2
2931;*;*;33~40;4.098591549;0.975352113;992;284;0.0000~3.5347;14000~74999;2
2932;*;*;33~40;4.271966527;1.171548117;1258;239;0.0000~3.5347;14000~74999;2
2933;*;*;33~40;4.747720365;1.209726444;1223;329;0.0000~3.5347;14000~74999;2
2934;*;*;25~32;5.480176211;1.171806167;933;227;0.0000~3.5347;14000~74999;2
2935;*;*;9~16;5.311827957;1.211469534;1059;279;0.0000~3.5347;14000~74999;2
2936;*;*;17~24;4.430232558;1.029069767;1210;344;0.0000~3.5347;14000~74999;2
2937;*;*;25~32;4.405882353;1.055882353;1168;340;0.0000~3.5347;14000~74999;2
2938;*;*;17~24;5428;1024;1823;500;0.0000~3.5347;75000~135999;2
2939;*;*;25~32;4.7593361;1.053941909;1753;482;0.0000~3.5347;14000~74999;2
2940;*;*;25~32;4.343220339;1.097457627;874;236;0.0000~3.5347;14000~74999;2
2941;*;*;33~40;4.760416667;1.035416667;1738;480;0.0000~3.5347;14000~74999;2
2942;*;*;33~40;4.377777778;1.057142857;1156;315;0.0000~3.5347;14000~74999;2
2943;*;*;25~32;4.544871795;0.980769231;1219;312;0.0000~3.5347;14000~74999;2
2944;*;*;25~32;6.432532348;1.123844732;2007;541;0.0000~3.5347;75000~135999;2
2945;*;*;17~24;4;1.056451613;511;124;0.0000~3.5347;14000~74999;2
2946;*;*;25~32;4.864457831;1.069277108;1380;332;0.0000~3.5347;14000~74999;2
2947;*;*;33~40;4.076923077;0.941025641;1311;390;0.0000~3.5347;14000~74999;2
2948;*;*;25~32;4.289215686;0.975490196;567;204;0.0000~3.5347;14000~74999;2
2949;*;*;25~32;4.984693878;1.217687075;1969;588;0.0000~3.5347;14000~74999;2
2950;*;*;25~32;4.520979021;1.108391608;1109;286;0.0000~3.5347;14000~74999;2
2951;*;*;33~40;4.453947368;1.069078947;922;304;0.0000~3.5347;14000~74999;2
2952;*;*;41~48;6.223021583;1.23381295;782;278;0.0000~3.5347;14000~74999;2
2953;*;*;41~48;4.555147059;0.922794118;776;272;0.0000~3.5347;14000~74999;2
2954;*;*;33~40;4.53030303;1.128787879;366;132;0.0000~3.5347;14000~74999;2
2955;*;*;33~40;5.219858156;1.081560284;670;282;0.0000~3.5347;75000~135999;2
2956;*;*;33~40;4.959322034;0.996610169;692;295;0.0000~3.5347;14000~74999;2
2957;*;*;33~40;5.63961039;1.047077922;1679;616;0.0000~3.5347;14000~74999;2
2958;*;*;33~40;5.24;1.069090909;695;275;0.0000~3.5347;14000~74999;2
2959;*;*;25~32;5.234527687;1.094462541;817;307;0.0000~3.5347;14000~74999;2
2960;*;*;25~32;5.134228188;1.003355705;2212;894;0.0000~3.5347;75000~135999;2
2961;*;*;17~24;4.788018433;1.095238095;4584;1953;0.0000~3.5347;14000~74999;2
2962;*;*;1~16;3.925438596;1.078947368;1933;912;0.0000~3.5347;136000~196999;2
2963;*;*;17~24;4.979231975;1.052115987;7009;2552;0.0000~3.5347;75000~135999;2
2964;*;*;17~24;5.643026005;1.033096927;1204;423;3.5348~7.0695;14000~135999;2
2965;*;*;17~24;4.686006826;0.98407281;1294;879;0.0000~3.5347;75000~135999;2
2966;*;*;9~16;5.802486188;1.085635359;1667;724;3.5348~7.0695;14000~135999;2
2967;*;*;1~8;5.93767313;1.031163435;4250;1444;3.5348~7.0695;14000~135999;2
2968;*;*;1~8;5.283908046;1.231034483;1916;870;3.5348~7.0695;14000~135999;2
2969;*;*;17~24;7.537037037;0.948148148;1580;540;7.0696~10.6043;*;2
2970;*;*;17~24;6.607407407;0.955555556;331;135;7.0696~10.6043;*;2
2971;*;*;1~16;7.973584906;0.966037736;842;265;7.0696~10.6043;*;2
2972;*;*;9~16;6.504237288;1.008474576;768;236;3.5348~7.0695;14000~135999;2
2973;*;*;9~16;6.193277311;0.987394958;768;238;3.5348~7.0695;14000~135999;2
2974;*;*;1~8;7.361419069;0.99556541;3121;902;3.5348~7.0695;136000~196999;2
2975;*;*;1~8;5.528095238;1.01952381;5696;2100;3.5348~7.0695;14000~135999;2
2976;*;*;9~16;6.734790875;1.091254753;3084;1052;3.5348~7.0695;136000~196999;2
2977;*;*;9~16;5.21003963;0.985468956;2355;757;3.5348~7.0695;14000~135999;2
2978;*;*;9~16;5.023372287;1.057874235;4870;1797;0.0000~3.5347;75000~135999;2
2979;*;*;9~16;5.018112488;1.014299333;3278;1049;3.5348~7.0695;14000~135999;2
2980;*;*;33~40;5.886831276;1.049382716;1375;486;0.0000~3.5347;14000~74999;2
2981;*;*;25~32;4.46311971;0.99879081;2072;827;0.0000~3.5347;75000~135999;2
2982;*;*;17~24;4.495588235;1.026470588;1627;680;0.0000~3.5347;75000~135999;2
2983;*;*;33~40;5.443627451;1.068627451;1131;408;0.0000~3.5347;14000~74999;2
2984;*;*;33~40;5.203208556;1.171122995;613;187;0.0000~3.5347;14000~74999;2
2985;*;*;41~48;5.258215962;1.197183099;677;213;0.0000~3.5347;14000~74999;2
2986;*;*;33~40;4.787439614;1.06763285;620;207;0.0000~3.5347;14000~74999;2
2987;*;*;25~32;5.054365733;1.034596376;1897;607;0.0000~3.5347;14000~74999;2
2988;*;*;33~40;5.304909561;1.064599483;1193;387;0.0000~3.5347;14000~74999;2
2989;*;*;33~40;4.810495627;1.137026239;1145;343;0.0000~3.5347;14000~74999;2
2990;*;*;33~40;5.588652482;1.436170213;870;282;0.0000~3.5347;14000~74999;2
2991;*;*;33~40;5.550617284;1.071604938;1461;405;0.0000~3.5347;14000~74999;2
2992;*;*;33~40;4.897435897;1.007326007;767;273;0.0000~3.5347;14000~74999;2
2993;*;*;1~8;5.698989899;1.048484848;1353;495;3.5348~7.0695;14000~135999;2
2994;*;*;17~24;4625;1375;34;8;0.0000~3.5347;14000~74999;2
2995;*;*;9~16;5.072098053;1.049026676;3525;1387;0.0000~3.5347;75000~135999;2
2996;*;*;9~16;5.569587629;0.956185567;1267;388;3.5348~7.0695;14000~135999;2
2997;*;*;9~16;5.202676864;1.049713193;1294;523;0.0000~3.5347;75000~135999;2
2998;*;*;9~16;5.217468806;1.048128342;1821;561;0.0000~3.5347;75000~135999;2
2999;*;*;9~16;5.677859391;1.04616999;6241;1906;3.5348~7.0695;14000~135999;2
3000;*;*;9~16;4.791907514;0.843930636;447;173;3.5348~7.0695;14000~135999;2
3001;*;*;9~16;5.646564885;1.045038168;4611;1310;3.5348~7.0695;14000~135999;2
3002;*;*;17~24;5.247844828;1.03987069;2717;928;0.0000~3.5347;14000~74999;2
3003;*;*;17~24;4.938718663;1.056406685;4101;1436;0.0000~3.5347;14000~74999;2
3004;*;*;1~8;5.655263158;1.050657895;4893;1520;3.5348~7.0695;14000~135999;2
3005;*;*;25~32;5.21319797;1.074450085;1830;591;0.0000~3.5347;75000~135999;2
3006;*;*;1~8;6.395918367;1.023469388;3269;980;3.5348~7.0695;14000~135999;2
3007;*;*;1~8;3.80952381;0.761904762;66;21;0.0000~3.5347;14000~135999;2
3008;*;*;9~16;5.364192808;1.111706197;4163;1307;0.0000~3.5347;75000~135999;2
3009;*;*;33~40;3.971830986;0.830985915;213;71;0.0000~3.5347;75000~135999;2
3010;*;*;25~32;5.103448276;1.172413793;242;87;0.0000~3.5347;136000~196999;2
3011;*;*;17~24;5.926470588;1.235294118;323;136;0.0000~3.5347;75000~135999;2
3012;*;*;17~24;5.96;1.385454545;1338;550;0.0000~3.5347;75000~135999;2
3013;*;*;25~32;6.837378641;1.466019417;1089;412;0.0000~3.5347;75000~135999;2
3014;*;*;1~8;11.86548913;2.173913043;2006;736;3.5348~7.0695;136000~196999;2
3015;*;*;1~16;7.001727116;1.359240069;1581;579;0.0000~3.5347;136000~196999;2
3016;*;*;1~8;6.047619048;1.321428571;229;84;3.5348~7.0695;14000~135999;2
3017;*;*;17~24;5.029545455;1.040909091;1250;440;0.0000~3.5347;14000~74999;2
3018;*;*;41~48;5.497175141;1.033898305;500;177;0.0000~3.5347;14000~74999;2
3019;*;*;25~32;5.235294118;1.011764706;483;170;3.5348~7.0695;14000~135999;2
3020;*;*;17~24;6.202593193;1.128038898;1993;617;0.0000~3.5347;14000~74999;2
3021;*;*;33~40;6.444444444;1.111111111;39;18;0.0000~3.5347;14000~74999;2
3022;*;*;33~40;5.652960526;1.144736842;1783;608;0.0000~3.5347;14000~74999;2
3023;*;*;33~40;5.386804657;1.050452781;1998;773;0.0000~3.5347;14000~74999;2
3024;*;*;25~32;5.039383562;0.744863014;1565;584;0.0000~3.5347;14000~74999;2
3025;*;*;17~24;5.968660969;0.982905983;1973;702;3.5348~7.0695;14000~135999;2
3026;*;*;33~40;5.495103373;1.048966268;2293;919;0.0000~3.5347;75000~135999;2
3027;*;*;33~40;4.897959184;1.051020408;808;294;0.0000~3.5347;14000~74999;2
3028;*;*;41~48;5.695020747;1.126556017;1423;482;0.0000~3.5347;14000~74999;2
3029;*;*;41~48;5.534296029;1.055354994;2140;831;0.0000~3.5347;14000~74999;2
3030;*;*;25~32;5.5;1.068527919;1301;394;0.0000~3.5347;14000~74999;2
3031;*;*;17~24;6.096698113;1.132075472;1442;424;0.0000~3.5347;75000~135999;2
3032;*;*;9~16;6.094874591;1.026172301;3018;917;3.5348~7.0695;14000~135999;2
3033;*;*;17~24;5.788235294;1.035294118;451;170;0.0000~3.5347;75000~135999;2
3034;*;*;9~16;6.759358289;1.080213904;552;187;3.5348~7.0695;14000~135999;2
3035;*;*;9~16;6.86440678;1.140435835;1399;413;3.5348~7.0695;136000~196999;2
3036;*;*;1~8;6.971671388;1.033994334;3415;1059;3.5348~7.0695;136000~196999;2
3037;*;*;17~24;5.451612903;0.964157706;706;279;3.5348~7.0695;14000~135999;2
3038;*;*;33~40;5.693593315;1.097493036;894;359;0.0000~3.5347;75000~135999;2
3039;*;*;9~16;6.746646796;1.062593145;2170;671;3.5348~7.0695;136000~196999;2
3040;*;*;33~40;5.032128514;1.040160643;932;249;0.0000~3.5347;75000~135999;2
3041;*;*;33~40;5.865671642;1.447761194;573;134;0.0000~3.5347;14000~74999;2
3042;*;*;33~40;4.842778793;1.045703839;1815;547;0.0000~3.5347;14000~74999;2
3043;*;*;33~48;5.897674419;0.951162791;1133;430;3.5348~7.0695;14000~135999;2
3044;*;*;33~40;4.285266458;1.031347962;796;319;0.0000~3.5347;14000~74999;2
3045;*;*;25~32;5.731578947;0.942105263;544;190;0.0000~3.5347;75000~135999;2
3046;*;*;33~40;5.478632479;1.07977208;1101;351;0.0000~3.5347;14000~74999;2
3047;*;*;25~32;4.2100271;1.059620596;3260;738;0.0000~3.5347;14000~74999;2
3048;*;*;17~24;4.824444444;1.073333333;1315;450;0.0000~3.5347;14000~74999;2
3049;*;*;33~40;5.717121588;1.084367246;1506;403;0.0000~3.5347;14000~74999;2
3050;*;*;9~16;5.910447761;1.152985075;1011;268;0.0000~3.5347;14000~74999;2
3051;*;*;25~32;6.98630137;1.150684932;236;73;0.0000~3.5347;75000~135999;2
3052;*;*;9~16;4.406914894;0.962765957;1186;376;0.0000~3.5347;14000~74999;2
3053;*;*;33~40;5.25974026;1.061688312;1809;616;0.0000~3.5347;14000~74999;2
3054;*;*;33~40;4.21021611;0.958742633;1732;509;0.0000~3.5347;14000~74999;2
3055;*;*;25~32;4.004444444;1.011851852;2682;675;0.0000~3.5347;14000~74999;2
3056;*;*;9~16;5.949671772;1.098468271;1497;457;0.0000~3.5347;14000~74999;2
3057;*;*;17~24;4.563609467;1.022189349;2645;676;0.0000~3.5347;14000~74999;2
3058;*;*;17~24;3.961352657;1.154589372;1345;207;0.0000~3.5347;14000~74999;2
3059;*;*;17~24;5.790361446;1.163855422;1647;415;0.0000~3.5347;75000~135999;2
3060;*;*;25~32;6.504424779;1.212389381;421;113;0.0000~3.5347;136000~196999;2
3061;*;*;9~16;5.127604167;1.02734375;3500;768;0.0000~3.5347;14000~74999;2
3062;*;*;25~32;7.2;1.073170732;902;205;0.0000~3.5347;75000~135999;2
3063;*;*;17~24;4.858247423;1.025773196;1539;388;0.0000~3.5347;14000~74999;2
3064;*;*;9~16;4.414746544;1.039938556;3078;651;0.0000~3.5347;14000~74999;2
3065;*;*;25~32;4.53596615;1.057827927;2639;709;0.0000~3.5347;14000~74999;2
3066;*;*;25~32;4.684210526;1.058823529;1346;323;0.0000~3.5347;14000~74999;2
3067;*;*;33~40;4.065326633;0.949748744;1449;398;0.0000~3.5347;14000~74999;2
3068;*;*;33~40;3.82295082;1.075409836;2175;610;0.0000~3.5347;14000~74999;2
3069;*;*;33~40;3.832134293;1.06235012;1658;417;0.0000~3.5347;14000~74999;2
3070;*;*;1~8;4.754360465;1.158430233;2700;688;0.0000~3.5347;14000~135999;2
3071;*;*;33~40;4.654589372;0.93236715;1371;414;0.0000~3.5347;14000~74999;2
3072;*;*;1~8;4.884848485;1.039393939;1230;330;0.0000~3.5347;14000~135999;2
3073;*;*;25~32;4.77;1.01;2467;600;0.0000~3.5347;14000~74999;2
3074;*;*;25~32;3.379377432;1.013618677;1764;514;0.0000~3.5347;14000~74999;2
3075;*;*;33~40;5.438448567;1.070826307;2034;593;0.0000~3.5347;14000~74999;2
3076;*;*;9~16;3.705211726;1.073289902;1914;614;0.0000~3.5347;14000~74999;2
3077;*;*;25~32;5.435051546;0.964948454;1416;485;3.5348~7.0695;14000~135999;2
3078;*;*;1~8;6.909448819;1.102362205;664;254;3.5348~7.0695;197000~257999;2
3079;*;*;17~24;5.568438003;1.048309179;1465;621;0.0000~3.5347;75000~135999;2
3080;*;*;9~16;6.339207048;1.044052863;557;227;3.5348~7.0695;197000~257999;2
3081;*;*;17~24;6.946268657;1.91641791;799;335;0.0000~3.5347;75000~135999;2
3082;*;*;9~16;6.112149533;1.255451713;730;321;0.0000~3.5347;14000~74999;2
3083;*;*;17~24;6.421906694;1.419878296;1097;493;0.0000~3.5347;75000~135999;2
3084;*;*;17~24;6.889855072;1.557971014;1366;690;0.0000~3.5347;75000~135999;2
3085;*;*;17~24;6.327586207;1.559386973;986;522;0.0000~3.5347;75000~135999;2
3086;*;*;25~32;31.0625;8.5;98;48;0.0000~3.5347;75000~135999;2
3087;*;*;33~40;6.744394619;1.457399103;584;223;0.0000~3.5347;75000~135999;2
3088;*;*;17~24;6.194736842;1.352631579;775;380;0.0000~3.5347;14000~74999;2
3089;*;*;9~16;6.378494624;1.438709677;1007;465;0.0000~3.5347;14000~74999;2
3090;*;*;9~16;5.901098901;1.255744256;2310;1001;0.0000~3.5347;75000~135999;2
3091;*;*;17~24;5.907692308;1.351282051;782;390;0.0000~3.5347;75000~135999;2
3092;*;*;17~24;5.264637002;1.2529274;927;427;0.0000~3.5347;14000~74999;2
3093;*;*;17~24;5.474692202;1.272229822;1614;731;0.0000~3.5347;14000~74999;2
3094;*;*;9~16;6.686493185;1.464684015;1802;807;0.0000~3.5347;14000~74999;2
3095;*;*;9~16;8.213768116;2.177536232;756;276;0.0000~3.5347;75000~135999;2
3096;*;*;33~48;6.75;1375;1870;432;3.5348~7.0695;14000~135999;2
3097;*;*;33~40;5.983758701;1.308584687;1155;431;0.0000~3.5347;14000~74999;2
3098;*;*;17~24;5.135084428;1.105065666;1128;533;0.0000~3.5347;14000~74999;2
3099;*;*;9~16;5.265107212;1.122807018;1245;513;0.0000~3.5347;75000~135999;2
3100;*;*;1~8;4875;1.189655172;520;232;3.5348~7.0695;14000~135999;2
3101;*;*;1~8;6.724310777;1.042606516;1154;399;3.5348~7.0695;14000~135999;2
3102;*;*;9~16;5.551194539;0.9778157;1408;586;3.5348~7.0695;14000~135999;2
3103;*;*;1~8;6.275964392;1.014836795;927;337;3.5348~7.0695;14000~135999;2
3104;*;*;25~32;5.185552408;1.114730878;1613;706;0.0000~3.5347;14000~74999;2
3105;*;*;17~24;6.556732224;0.969742814;1777;661;3.5348~7.0695;14000~135999;2
3106;*;*;1~8;7.362149533;1.126168224;1335;428;3.5348~7.0695;14000~135999;2
3107;*;*;17~24;5.501035197;1.026915114;1426;483;3.5348~7.0695;14000~135999;2
3108;*;*;9~16;5.715633423;1.121293801;1929;742;3.5348~7.0695;14000~135999;2
3109;*;*;9~16;5.971530249;0.857651246;765;281;3.5348~7.0695;14000~135999;2
3110;*;*;9~16;5.498973306;0.991786448;1473;487;3.5348~7.0695;14000~135999;2
3111;*;*;25~32;5.153184165;1.275387263;1481;581;0.0000~3.5347;14000~74999;2
3112;*;*;9~16;5.301397206;1.00998004;1349;501;3.5348~7.0695;14000~135999;2
3113;*;*;9~16;5.500932836;1.061567164;2728;1072;3.5348~7.0695;14000~135999;2
3114;*;*;1~8;6.653132251;1.081206497;2623;862;3.5348~7.0695;14000~135999;2
3115;*;*;9~16;5.488958991;1.233438486;850;317;0.0000~3.5347;75000~135999;2
3116;*;*;9~16;5.657303371;1.04494382;1027;356;3.5348~7.0695;14000~135999;2
3117;*;*;9~16;6.709507042;1.065140845;1518;568;3.5348~7.0695;136000~196999;2
3118;*;*;17~24;4.30651341;1.111111111;598;261;0.0000~3.5347;14000~74999;2
3119;*;*;9~16;6.198067633;1.084541063;1181;414;3.5348~7.0695;14000~135999;2
3120;*;*;9~16;5.915540541;1.067567568;765;296;3.5348~7.0695;14000~135999;2
3121;*;*;9~16;5.332579186;1.095022624;1110;442;0.0000~3.5347;75000~135999;2
3122;*;*;25~32;5.156334232;1.309973046;858;371;0.0000~3.5347;14000~74999;2
3123;*;*;17~24;4.803867403;1.174033149;945;362;0.0000~3.5347;75000~135999;2
3124;*;*;25~32;5.471092077;1.092077088;1347;467;0.0000~3.5347;14000~74999;2
3125;*;*;1~32;3;0.5;8;6;0.0000~3.5347;258000~501999;2
3126;*;*;1~16;1;1;6;2;0.0000~3.5347;136000~196999;2
3127;*;*;9~16;6.094936709;1.142405063;917;316;0.0000~3.5347;14000~74999;2
3128;*;*;1~8;5.724911452;1.086186541;2504;847;3.5348~7.0695;14000~135999;2
3129;*;*;1~8;6.232227488;1.18957346;1150;422;3.5348~7.0695;14000~135999;2
3130;*;*;1~8;5.533333333;1;32;15;3.5348~7.0695;136000~196999;2
3131;*;*;1~8;6.837037037;1.22962963;352;135;3.5348~7.0695;14000~135999;2
3132;*;*;9~16;5.891891892;1.124324324;960;370;0.0000~3.5347;75000~135999;2
3133;*;*;17~24;5.490566038;1.100628931;422;159;0.0000~3.5347;75000~135999;2
3134;*;*;9~16;5.621559633;1.133027523;3571;1308;0.0000~3.5347;75000~135999;2
3135;*;*;25~32;5.20877193;1.136842105;1644;570;0.0000~3.5347;14000~74999;2
3136;*;*;33~48;5.841911765;1.128676471;853;272;3.5348~7.0695;14000~135999;2
3137;*;*;33~40;4.912863071;1.31120332;672;241;0.0000~3.5347;14000~74999;2
3138;*;*;9~16;5.599269184;1.228989038;2227;821;0.0000~3.5347;75000~135999;2
3139;*;*;9~16;5.420863309;1.053956835;761;278;0.0000~3.5347;75000~135999;2
3140;*;*;1~8;6.221893491;1.150887574;923;338;3.5348~7.0695;14000~135999;2
3141;*;*;17~24;4.277978339;0.974729242;1488;554;0.0000~3.5347;75000~135999;2
3142;*;*;9~16;4.064638783;1.125475285;569;263;0.0000~3.5347;14000~74999;2
3143;*;*;41~48;4.665467626;1.104316547;776;278;0.0000~3.5347;14000~74999;2
3144;*;*;9~16;5.688212928;1.089353612;1631;526;3.5348~7.0695;14000~135999;2
3145;*;*;25~32;4.958456973;1.091988131;821;337;0.0000~3.5347;14000~74999;2
3146;*;*;1~8;6.683486239;1.111620795;1932;654;3.5348~7.0695;136000~196999;2
3147;*;*;1~8;7.054014599;1.235036496;3617;1370;3.5348~7.0695;136000~196999;2
3148;*;*;9~16;6.589686099;1.356502242;1167;446;0.0000~3.5347;75000~135999;2
3149;*;*;1~8;5.733651226;1.128746594;4631;1468;3.5348~7.0695;14000~135999;2
3150;*;*;1~16;7.593360996;1.340248963;1243;482;0.0000~3.5347;136000~196999;2
3151;*;*;9~16;7.147163121;1.358156028;1539;564;3.5348~7.0695;14000~135999;2
3152;*;*;17~24;5.014516129;1.032258065;1457;620;0.0000~3.5347;75000~135999;2
3153;*;*;9~16;6.113772455;1.215568862;2033;668;0.0000~3.5347;75000~135999;2
3154;*;*;1~8;5.466666667;1.044444444;930;360;0.0000~3.5347;14000~135999;2
3155;*;*;33~40;4.398496241;1.090225564;602;266;0.0000~3.5347;75000~135999;2
3156;*;*;17~24;4.856777494;1.143222506;1133;391;0.0000~3.5347;14000~74999;2
3157;*;*;25~32;5.108262108;1.01994302;1233;351;0.0000~3.5347;75000~135999;2
3158;*;*;17~24;7.288043478;1.163043478;667;184;3.5348~7.0695;14000~135999;2
3159;*;*;33~40;6.071428571;1.107142857;717;196;0.0000~3.5347;75000~135999;2
3160;*;*;25~32;5.126482213;1.035573123;909;253;0.0000~3.5347;75000~135999;2
3161;*;*;25~32;4.149367089;0.891139241;1222;395;0.0000~3.5347;14000~74999;2
3162;*;*;25~32;4.108013937;1.010452962;2302;574;0.0000~3.5347;14000~74999;2
3163;*;*;17~24;4.324503311;1.068432671;1763;453;0.0000~3.5347;14000~74999;2
3164;*;*;33~40;4.802197802;1.030769231;1910;455;0.0000~3.5347;14000~74999;2
3165;*;*;17~24;4.341653666;1.057722309;2566;641;0.0000~3.5347;14000~74999;2
3166;*;*;25~32;4.578431373;1.035947712;1344;306;0.0000~3.5347;14000~74999;2
3167;*;*;25~32;4.21757035;1.024021963;5666;1457;0.0000~3.5347;14000~74999;2
3168;*;*;17~24;4.14673913;1.004347826;3450;920;0.0000~3.5347;14000~74999;2
3169;*;*;25~32;4.131616595;1.077253219;2949;699;0.0000~3.5347;14000~74999;2
3170;*;*;33~40;5.43315508;1.080213904;540;187;0.0000~3.5347;75000~135999;2
3171;*;*;25~32;5.360230548;0.971181556;1123;347;0.0000~3.5347;75000~135999;2
3172;*;*;25~32;6.147909968;1.090032154;1002;311;0.0000~3.5347;75000~135999;2
3173;*;*;25~32;6.093862816;1.090252708;879;277;0.0000~3.5347;75000~135999;2
3174;*;*;41~48;5.691780822;1.020547945;443;146;0.0000~3.5347;75000~135999;2
3175;*;*;25~32;5.694852941;0.988970588;819;272;0.0000~3.5347;75000~135999;2
3176;*;*;25~32;5.678714859;1.064257028;779;249;0.0000~3.5347;75000~135999;2
3177;*;*;25~32;5.293037975;1.035443038;7679;1580;0.0000~3.5347;75000~135999;2
3178;*;*;17~24;5.357495881;1.011532125;1971;607;0.0000~3.5347;75000~135999;2
3179;*;*;9~16;5.555555556;1.009803922;1867;612;3.5348~7.0695;14000~135999;2
3180;*;*;9~16;4.784386617;1.081784387;737;269;0.0000~3.5347;75000~135999;2
3181;*;*;9~16;4.684076433;1.099363057;2191;785;0.0000~3.5347;14000~74999;2
3182;*;*;25~32;5.186264308;1.070759625;2414;961;0.0000~3.5347;14000~74999;2
3183;*;*;17~24;5.01594533;1.072892938;1052;439;0.0000~3.5347;14000~74999;2
3184;*;*;25~32;5.244318182;1.110795455;1255;352;0.0000~3.5347;14000~74999;2
3185;*;*;9~16;5.941176471;0.958477509;903;289;3.5348~7.0695;14000~135999;2
3186;*;*;1~8;5.142276423;0.922764228;764;246;3.5348~7.0695;14000~135999;2
3187;*;*;17~24;5.413793103;1.109195402;424;174;0.0000~3.5347;75000~135999;2
3188;*;*;9~16;5.03;1.06;515;200;0.0000~3.5347;75000~135999;2
3189;*;*;25~32;6.055016181;1.019417476;1066;309;3.5348~7.0695;14000~135999;2
3190;*;*;1~8;4.650485437;0.815533981;327;103;3.5348~7.0695;14000~135999;2
3191;*;*;17~24;5.132075472;1.056603774;442;106;0.0000~3.5347;14000~74999;2
3192;*;*;33~40;6.128571429;1.019047619;580;210;0.0000~3.5347;75000~135999;2
3193;*;*;33~40;4.62890625;0.86328125;676;256;0.0000~3.5347;14000~74999;2
3194;*;*;33~40;6.299465241;1.304812834;586;187;0.0000~3.5347;14000~74999;2
3195;*;*;17~24;6.1;1.0825;1579;400;0.0000~3.5347;14000~74999;2
3196;*;*;9~16;4.345454545;0.913636364;693;220;0.0000~3.5347;14000~74999;2
3197;*;*;9~16;6.898734177;1.037974684;470;158;3.5348~7.0695;14000~135999;2
3198;*;*;1~8;6.208333333;1305;1478;600;3.5348~7.0695;136000~196999;2
3199;*;*;17~24;5.976027397;0.910958904;837;292;3.5348~7.0695;14000~135999;2
3200;*;*;33~40;5.862197393;1.057728119;1378;537;0.0000~3.5347;75000~135999;2
3201;*;*;9~16;4.409207161;0.956521739;947;391;0.0000~3.5347;75000~135999;2
3202;*;*;9~16;7.564102564;1.08974359;1055;312;3.5348~7.0695;14000~135999;2
3203;*;*;17~24;5.439316239;0.962393162;1525;585;3.5348~7.0695;14000~135999;2
3204;*;*;1~8;5.197530864;1.058641975;920;324;3.5348~7.0695;14000~135999;2
3205;*;*;9~16;5.116991643;1.022284123;1864;718;0.0000~3.5347;75000~135999;2
3206;*;*;25~32;5.922818792;1.040268456;746;298;0.0000~3.5347;14000~74999;2
3207;*;*;25~32;6.680365297;1.191780822;699;219;3.5348~7.0695;14000~135999;2
3208;*;*;9~16;5.237924866;1.073345259;1633;559;0.0000~3.5347;14000~74999;2
3209;*;*;25~32;5.651515152;1.075757576;926;264;0.0000~3.5347;14000~74999;2
3210;*;*;33~40;5.952941176;1.125490196;749;255;0.0000~3.5347;14000~74999;2
3211;*;*;25~32;4.678321678;0.965034965;859;286;0.0000~3.5347;14000~74999;2
3212;*;*;41~48;5.356037152;1.043343653;752;323;0.0000~3.5347;14000~74999;2
3213;*;*;41~48;5.933333333;1.133333333;832;315;0.0000~3.5347;75000~135999;2
3214;*;*;25~32;4.717703349;1.068580542;1504;627;0.0000~3.5347;14000~74999;2
3215;*;*;41~48;4.292649098;1.062413315;1852;721;0.0000~3.5347;14000~74999;2
3216;*;*;49~56;5.172839506;1.057613169;624;243;*;14000~135999;2
3217;*;*;41~48;4.394190871;1.112033195;693;241;0.0000~3.5347;14000~74999;2
3218;*;*;25~32;5.103448276;1.043103448;268;116;0.0000~3.5347;75000~135999;2
3219;*;*;17~24;5.23628692;1.029535865;850;237;0.0000~3.5347;75000~135999;2
3220;*;*;9~16;5.278350515;0.961340206;1052;388;3.5348~7.0695;14000~135999;2
3221;*;*;9~16;4.108860759;1.035443038;988;395;0.0000~3.5347;14000~74999;2
3222;*;*;17~24;5.959550562;1.276404494;1532;445;0.0000~3.5347;14000~74999;2
3223;*;*;25~32;5.520833333;1.15;873;240;0.0000~3.5347;14000~74999;2
3224;*;*;9~16;5.5;1.074297189;1859;498;0.0000~3.5347;14000~74999;2
3225;*;*;17~24;5.410377358;0.952830189;717;212;0.0000~3.5347;14000~74999;2
3226;*;*;9~16;4.462068966;1.082758621;713;290;0.0000~3.5347;14000~74999;2
3227;*;*;25~32;4.603340292;1.091858038;1772;479;0.0000~3.5347;14000~74999;2
3228;*;*;25~32;5.227777778;0.972222222;588;180;0.0000~3.5347;14000~74999;2
3229;*;*;25~32;5.327464789;1.105633803;1071;284;0.0000~3.5347;14000~74999;2
3230;*;*;25~32;5.232294618;1.050991501;1460;353;0.0000~3.5347;14000~74999;2
3231;*;*;17~24;5.953229399;1.006681514;1394;449;0.0000~3.5347;75000~135999;2
3232;*;*;33~40;6.703333333;1.163333333;970;300;0.0000~3.5347;75000~135999;2
3233;*;*;17~24;4.14;0.9;171;50;0.0000~3.5347;75000~135999;2
3234;*;*;25~32;4.851612903;1.025806452;524;155;0.0000~3.5347;14000~74999;2
3235;*;*;1~8;6.31661442;1.294670846;992;319;0.0000~3.5347;14000~135999;2
3236;*;*;17~24;3.892957746;0.921126761;1469;355;0.0000~3.5347;14000~74999;2
3237;*;*;25~32;5.808219178;1.068493151;284;73;0.0000~3.5347;14000~74999;2
3238;*;*;25~32;4.337301587;1.03968254;893;252;0.0000~3.5347;14000~74999;2
3239;*;*;33~40;6.218867925;1.075471698;792;265;0.0000~3.5347;14000~74999;2
3240;*;*;9~16;4.541218638;1.039426523;1077;279;0.0000~3.5347;14000~74999;2
3241;*;*;33~40;4.031578947;0.994736842;639;190;0.0000~3.5347;14000~74999;2
3242;*;*;17~24;5.035175879;0.967336683;1397;398;0.0000~3.5347;14000~74999;2
3243;*;*;9~16;3.8046875;1.041666667;1201;384;0.0000~3.5347;14000~74999;2
3244;*;*;33~40;6.21942446;1.14028777;737;278;0.0000~3.5347;14000~74999;2
3245;*;*;33~40;6.116788321;1.153284672;707;274;0.0000~3.5347;14000~74999;2
3246;*;*;17~24;5.058823529;1.006535948;1137;306;0.0000~3.5347;14000~74999;2
3247;*;*;41~48;4675;0.95;106;40;*;136000~196999;2
3248;*;*;33~40;5.64628821;1.187772926;694;229;0.0000~3.5347;14000~74999;2
3249;*;*;17~24;6.054545455;1.672727273;198;55;0.0000~3.5347;75000~135999;2
3250;*;*;25~32;3.660839161;0.944055944;1505;286;0.0000~3.5347;14000~74999;2
3251;*;*;17~24;4.216216216;1.054054054;171;37;0.0000~3.5347;197000~257999;2
3252;*;*;25~32;5.494577007;1.123644252;1371;461;0.0000~3.5347;14000~74999;2
3253;*;*;17~24;3.782467532;1.084415584;1119;308;0.0000~3.5347;14000~74999;2
3254;*;*;33~40;4.448453608;1.082474227;1371;388;0.0000~3.5347;14000~74999;2
3255;*;*;1~8;4.855450237;1.142180095;1387;422;0.0000~3.5347;14000~135999;2
3256;*;*;25~32;6;1;13;8;0.0000~3.5347;14000~74999;2
3257;*;*;9~16;6.815789474;1.394736842;131;38;0.0000~3.5347;14000~74999;2
3258;*;*;9~16;21.63157895;6;26;19;0.0000~3.5347;14000~74999;2
3259;*;*;33~48;7.234636872;1.340782123;534;179;3.5348~7.0695;14000~135999;2
3260;*;*;41~48;3.296296296;0.666666667;86;27;0.0000~3.5347;14000~74999;2
3261;*;*;33~48;5.179487179;1.076923077;142;39;3.5348~7.0695;14000~135999;2
3262;*;*;41~48;5.663793103;1.193965517;649;232;0.0000~3.5347;14000~74999;2
3263;*;*;17~24;5.739795918;1.178571429;521;196;0.0000~3.5347;75000~135999;2
3264;*;*;17~24;7.572413793;1.331034483;353;145;3.5348~7.0695;14000~135999;1
3265;*;*;17~24;5.277777778;0.958333333;225;72;0.0000~3.5347;136000~196999;2
3266;*;*;9~16;6.251968504;1.311023622;585;254;0.0000~3.5347;14000~74999;2
3267;*;*;1~16;6.534210526;1.431578947;835;380;0.0000~3.5347;136000~196999;2
3268;*;*;17~24;5.98245614;1.122807018;146;57;3.5348~7.0695;136000~196999;2
3269;*;*;17~24;6.485714286;1.142857143;272;105;0.0000~3.5347;136000~196999;2
3270;*;*;1~16;5.794871795;1.102564103;851;273;0.0000~3.5347;136000~196999;1
3271;*;*;17~24;5.779527559;1.270341207;1000;381;0.0000~3.5347;75000~135999;2
3272;*;*;17~24;4.735632184;0.911877395;601;261;0.0000~3.5347;75000~135999;2
3273;*;*;9~16;6192;1.18;605;250;3.5348~7.0695;14000~135999;2
3274;*;*;17~24;5.371428571;1.09047619;621;210;0.0000~3.5347;75000~135999;2
3275;*;*;33~40;5.512323944;1.098591549;1591;568;0.0000~3.5347;75000~135999;2
3276;*;*;25~32;7.305555556;1.925925926;295;108;3.5348~7.0695;14000~135999;2
3277;*;*;9~16;5.55971897;1.304449649;723;427;0.0000~3.5347;75000~135999;2
3278;*;*;9~16;8.580645161;1.790322581;214;62;0.0000~3.5347;75000~135999;2
3279;*;*;9~16;6.003115265;1.330218069;810;321;0.0000~3.5347;75000~135999;2
3280;*;*;17~24;6.979910714;1.504464286;1015;448;0.0000~3.5347;75000~135999;2
3281;*;*;25~32;5.905660377;1.334231806;679;371;0.0000~3.5347;75000~135999;2
3282;*;*;17~24;5.432024169;1.193353474;685;331;0.0000~3.5347;14000~74999;2
3283;*;*;17~24;5.497076023;1.365497076;798;342;0.0000~3.5347;14000~74999;2
3284;*;*;17~24;7.4375;1.5625;321;128;0.0000~3.5347;75000~135999;2
3285;*;*;9~16;5.951672862;1.200743494;661;269;0.0000~3.5347;75000~135999;2
3286;*;*;9~16;7.141242938;1.531073446;370;177;0.0000~3.5347;14000~74999;2
3287;*;*;9~16;8.75862069;1.724137931;66;29;0.0000~3.5347;75000~135999;2
3288;*;*;17~24;6.631147541;1.618852459;425;244;0.0000~3.5347;75000~135999;2
3289;*;*;25~32;6.958860759;1.667721519;744;316;0.0000~3.5347;14000~74999;2
3290;*;*;25~32;5.670588235;1.290196078;594;255;0.0000~3.5347;14000~74999;2
3291;*;*;9~16;7.284313725;1.588235294;943;510;0.0000~3.5347;75000~135999;2
3292;*;*;17~24;13.44067797;2.508474576;186;59;0.0000~3.5347;136000~196999;2
3293;*;*;17~24;11.20952381;2.133333333;181;105;0.0000~3.5347;75000~135999;2
3294;*;*;9~16;6.424924925;1.427927928;1596;666;0.0000~3.5347;75000~135999;2
3295;*;*;9~16;6.290322581;1.412903226;337;155;0.0000~3.5347;75000~135999;2
3296;*;*;25~32;9.05511811;2;526;254;0.0000~3.5347;75000~135999;2
3297;*;*;25~32;6.356164384;1.616438356;703;292;0.0000~3.5347;14000~74999;2
3298;*;*;17~24;5.474358974;1.471153846;633;312;0.0000~3.5347;14000~74999;2
3299;*;*;17~24;6.211699164;1.498607242;832;359;0.0000~3.5347;14000~74999;2
3300;*;*;9~16;6.138297872;1.418439716;638;282;0.0000~3.5347;14000~74999;2
3301;*;*;9~16;7.451612903;1.161290323;108;31;3.5348~7.0695;14000~135999;2
3302;*;*;9~16;5.504983389;1.295681063;572;301;0.0000~3.5347;14000~74999;2
3303;*;*;9~16;5.765060241;1.343373494;828;332;0.0000~3.5347;14000~74999;2
3304;*;*;17~24;5.485776805;1.262582057;1072;457;0.0000~3.5347;14000~74999;2
3305;*;*;25~32;5.839237057;1.580381471;898;367;0.0000~3.5347;14000~74999;2
3306;*;*;25~32;6.492647059;1375;326;136;0.0000~3.5347;14000~74999;2
3307;*;*;25~32;5.608208955;1.380597015;522;268;0.0000~3.5347;14000~74999;2
3308;*;*;9~16;7.976744186;1.476744186;246;86;0.0000~3.5347;75000~135999;2
3309;*;*;25~32;7.107526882;1.548387097;192;93;0.0000~3.5347;14000~74999;2
3310;*;*;17~24;4.549112426;1.146745562;1832;845;0.0000~3.5347;75000~135999;2
3311;*;*;9~16;5.822222222;1.433333333;215;90;0.0000~3.5347;14000~74999;2
3312;*;*;17~24;8.006269592;1.692789969;723;319;0.0000~3.5347;75000~135999;2
3313;*;*;17~24;10.0531401;2.335748792;889;414;0.0000~3.5347;197000~257999;2
3314;*;*;17~24;7.642857143;2.416666667;265;84;0.0000~3.5347;75000~135999;2
3315;*;*;9~16;6.534090909;1.226010101;2144;792;0.0000~3.5347;75000~135999;2
3316;*;*;9~16;6.657754011;1.251336898;517;187;0.0000~3.5347;75000~135999;2
3317;*;*;17~24;4.1;1.8;94;10;0.0000~3.5347;14000~74999;2
3318;*;*;17~24;6.292490119;1.292490119;647;253;0.0000~3.5347;136000~196999;2
3319;*;*;17~24;6.26984127;1.261904762;753;252;0.0000~3.5347;75000~135999;2
3320;*;*;9~16;5.351851852;0.907407407;191;54;0.0000~3.5347;75000~135999;2
3321;*;*;17~24;4.672297297;1.172297297;719;296;0.0000~3.5347;75000~135999;2
3322;*;*;17~24;5.275280899;0.988764045;556;178;0.0000~3.5347;75000~135999;2
3323;*;*;17~24;6.207207207;1.153153153;904;333;0.0000~3.5347;75000~135999;1
3324;*;*;17~24;5.443946188;1.107623318;504;223;0.0000~3.5347;75000~135999;1
3325;*;*;9~16;4.775362319;1.072463768;567;276;0.0000~3.5347;75000~135999;2
3326;*;*;25~32;7.12;1.4;293;100;3.5348~7.0695;14000~135999;2
3327;*;*;9~16;7.111111111;1.488888889;268;90;0.0000~3.5347;75000~135999;1
3328;*;*;25~32;8.970967742;1.403225806;890;310;0.0000~3.5347;75000~135999;2
3329;*;*;9~16;8.551136364;1.721590909;1554;528;0.0000~3.5347;75000~135999;1
3330;*;*;9~16;4.983606557;1.032786885;161;61;0.0000~3.5347;75000~135999;2
3331;*;*;9~16;5.164835165;1.205128205;599;273;0.0000~3.5347;75000~135999;2
3332;*;*;17~24;7.12195122;1.365853659;92;41;0.0000~3.5347;75000~135999;2
3333;*;*;9~16;4.770642202;1.055045872;249;109;0.0000~3.5347;75000~135999;2
3334;*;*;25~32;5.384615385;2.923076923;20;13;3.5348~7.0695;14000~135999;2
3335;*;*;9~16;5.914572864;1.206030151;519;199;0.0000~3.5347;14000~74999;2
3336;*;*;9~16;7.020527859;1.299120235;877;341;0.0000~3.5347;75000~135999;2
3337;*;*;9~16;6.922459893;1.288770053;1050;374;3.5348~7.0695;14000~135999;2
3338;*;*;1~8;8.643705463;1.513064133;1027;421;3.5348~7.0695;14000~135999;2
3339;*;*;9~16;5.342657343;1.013986014;366;143;0.0000~3.5347;75000~135999;2
3340;*;*;17~24;6;1.23943662;461;142;0.0000~3.5347;75000~135999;2
3341;*;*;25~32;8.495726496;1.931623932;302;117;0.0000~3.5347;14000~74999;2
3342;*;*;17~24;4.965156794;1.12543554;727;287;0.0000~3.5347;75000~135999;2
3343;*;*;17~24;5.53125;1.3125;231;96;0.0000~3.5347;75000~135999;2
3344;*;*;25~32;7.846153846;1.307692308;43;13;0.0000~3.5347;75000~135999;2
3345;*;*;25~32;6828;1232;761;250;0.0000~3.5347;14000~74999;2
3346;*;*;25~32;6.333333333;1.105691057;364;123;0.0000~3.5347;14000~74999;2
3347;*;*;17~24;5.577142857;1.154285714;511;175;3.5348~7.0695;14000~135999;2
3348;*;*;25~32;6.756521739;1.608695652;318;115;0.0000~3.5347;14000~74999;2
3349;*;*;33~40;10.90909091;2.227272727;63;22;*;197000~257999;2
3350;*;*;9~16;19.96212121;5.053030303;280;132;0.0000~3.5347;75000~135999;2
3351;*;*;17~24;5.779220779;1.084415584;406;154;0.0000~3.5347;75000~135999;2
3352;*;*;17~24;6.153153153;1.252252252;302;111;0.0000~3.5347;14000~74999;2
3353;*;*;49~56;7.275862069;1.384615385;1977;754;*;14000~135999;2
3354;*;*;9~16;5.923503326;0.482261641;2503;902;3.5348~7.0695;14000~135999;2
3355;*;*;9~16;5.087064677;1.146766169;1121;402;0.0000~3.5347;14000~74999;2
3356;*;*;33~40;4.882154882;1.094276094;717;297;0.0000~3.5347;14000~74999;2
3357;*;*;33~40;5.217391304;1.049919485;1467;621;0.0000~3.5347;14000~74999;2
3358;*;*;49~56;4.966587112;1.140811456;1051;419;*;14000~135999;2
3359;*;*;49~56;4.545691906;1.107049608;987;383;*;14000~135999;2
3360;*;*;17~24;5.742599743;1.065637066;2229;777;3.5348~7.0695;14000~135999;2
3361;*;*;9~16;5.783050847;1.130508475;1873;590;0.0000~3.5347;14000~74999;2
3362;*;*;25~32;5.9;1.117857143;762;280;0.0000~3.5347;75000~135999;2
3363;*;*;17~24;5.42519685;1.125984252;355;127;0.0000~3.5347;14000~74999;2
3364;*;*;33~48;5.142857143;1.142857143;4198;7;3.5348~7.0695;14000~135999;2
3365;*;*;17~24;5.938704028;1.091068301;1529;571;0.0000~3.5347;75000~135999;2
3366;*;*;9~16;5.072423398;1.002785515;969;359;0.0000~3.5347;75000~135999;2
3367;*;*;17~24;5.404109589;0.965753425;406;146;0.0000~3.5347;14000~74999;2
3368;*;*;25~32;5.415349887;1.169300226;1037;443;0.0000~3.5347;14000~74999;2
3369;*;*;17~24;6.096605744;1.352480418;1028;383;0.0000~3.5347;14000~74999;2
3370;*;*;25~32;5.861486486;0.967342342;2363;888;3.5348~7.0695;258000~318999;1
3371;*;*;25~32;6.461077844;1.239520958;486;167;3.5348~7.0695;197000~257999;1
3372;*;*;33~40;5.191176471;1.16503268;1845;612;*;136000~196999;1
3373;*;*;33~40;4.928446771;1.104712042;1619;573;*;136000~196999;1
3374;*;*;41~48;4.979498861;0.963553531;1145;439;*;136000~196999;1
3375;*;*;33~40;5.024570025;1.105651106;1166;407;*;197000~257999;1
3376;*;*;25~32;3.327698309;0.565669701;1886;769;0.0000~3.5347;136000~196999;1
3377;*;*;17~24;3.772296015;1.127134725;1399;527;0.0000~3.5347;136000~196999;1
3378;*;*;1~16;4.052401747;1.101892285;3565;1374;0.0000~3.5347;136000~196999;1
3379;*;*;33~40;5.774941995;1.053364269;1215;431;*;197000~257999;1
3380;*;*;33~40;6.414110429;1.104294479;879;326;*;258000~318999;1
3381;*;*;25~32;5.58974359;0.946153846;1050;390;3.5348~7.0695;258000~318999;1
3382;*;*;33~40;5.193333333;0.953333333;371;150;*;197000~257999;1
3383;*;*;33~40;4.888111888;1.048951049;358;143;*;136000~196999;1
3384;*;*;25~32;5.156186613;1.06693712;1278;493;3.5348~7.0695;258000~318999;1
3385;*;*;25~32;5.885416667;1.006944444;1543;576;3.5348~7.0695;258000~318999;1
3386;*;*;33~40;4.980842912;1.164750958;688;261;*;136000~196999;1
3387;*;*;25~32;5.688770999;1.050397878;3540;1131;3.5348~7.0695;258000~318999;1
3388;*;*;17~24;5.805015674;1.036363636;3963;1595;3.5348~7.0695;197000~257999;1
3389;*;*;25~32;5.502183406;0.969432314;638;229;3.5348~7.0695;258000~318999;1
3390;*;*;33~40;5.176056338;1.098591549;1047;284;*;136000~196999;1
3391;*;*;41~48;4.747787611;0.973451327;804;226;*;136000~196999;1
3392;*;*;33~40;5.146919431;0.963665087;1810;633;*;197000~257999;1
3393;*;*;33~40;4.969072165;0.941580756;759;291;*;197000~257999;1
3394;*;*;41~48;5.451263538;1.119133574;809;277;*;136000~196999;1
3395;*;*;33~40;5.819672131;1.169398907;605;183;*;136000~196999;1
3396;*;*;33~40;5.835051546;1.18556701;1124;388;*;136000~196999;1
3397;*;*;41~48;4.117460317;1.038095238;733;315;*;136000~196999;1
3398;*;*;33~40;4.950413223;1;948;363;*;136000~196999;1
3399;*;*;25~32;5.160839161;1.106293706;1804;715;3.5348~7.0695;197000~257999;1
3400;*;*;25~32;6.030018762;0.962476548;1700;533;3.5348~7.0695;197000~257999;1
3401;*;*;25~32;4.321937322;1.042735043;1776;702;0.0000~3.5347;197000~257999;1
3402;*;*;25~32;5.345132743;0.955752212;314;113;3.5348~7.0695;197000~257999;1
3403;*;*;33~40;6.701886792;1.135849057;702;265;*;258000~318999;1
3404;*;*;33~40;6.309255079;1.038374718;1267;443;*;319000~379999;1
3405;*;*;33~40;6.473591549;1.008802817;1598;568;*;319000~379999;1
3406;*;*;25~32;3.587336245;1.06768559;1142;458;0.0000~3.5347;197000~257999;1
3407;*;*;41~48;4.938356164;0.976027397;859;292;*;197000~257999;1
3408;*;*;33~40;6.041841004;1.029288703;624;239;*;197000~257999;1
3409;*;*;33~40;4.601466993;1.107579462;1005;409;*;197000~257999;1
3410;*;*;17~24;5.335423197;1.0553814;2310;957;3.5348~7.0695;136000~196999;1
3411;*;*;17~24;6.041184041;1.055341055;3566;777;3.5348~7.0695;136000~196999;1
3412;*;*;17~24;5.296650718;0.986842105;3152;836;3.5348~7.0695;136000~196999;1
3413;*;*;1~16;4.462321792;1.004752206;6161;1473;0.0000~3.5347;136000~196999;1
3414;*;*;1~16;4.443228454;1.158686731;2608;731;0.0000~3.5347;136000~196999;1
3415;*;*;33~40;4.688372093;0.948837209;1162;215;*;136000~196999;1
3416;*;*;25~32;5.199346405;1.045751634;1818;306;3.5348~7.0695;136000~196999;1
3417;*;*;25~32;4.778195489;1.022556391;1338;266;3.5348~7.0695;136000~196999;1
3418;*;*;25~32;5.453389831;1125;2609;472;3.5348~7.0695;136000~196999;1
3419;*;*;17~24;4.152302243;0.956316411;3134;847;0.0000~3.5347;136000~196999;1
3420;*;*;33~40;4.049261084;0.985221675;1197;203;0.0000~3.5347;75000~135999;1
3421;*;*;33~40;4.553530752;0.972665148;2391;439;*;136000~196999;1
3422;*;*;33~40;4.272084806;1.204946996;1097;283;0.0000~3.5347;75000~135999;1
3423;*;*;33~40;4.419811321;1.018867925;1216;212;0.0000~3.5347;75000~135999;1
3424;*;*;33~40;3.895953757;0.884393064;808;173;*;136000~196999;1
3425;*;*;25~32;4.598006645;1.023255814;2054;301;0.0000~3.5347;136000~196999;1
3426;*;*;25~32;4.200743494;1.026022305;1533;269;3.5348~7.0695;136000~196999;1
3427;*;*;33~40;4.024096386;1.004016064;1312;249;*;136000~196999;1
3428;*;*;33~40;4.284518828;1.029288703;1371;239;*;136000~196999;1
3429;*;*;25~32;3.376693767;1.010840108;1990;369;0.0000~3.5347;136000~196999;1
3430;*;*;33~40;3.788059701;1.03880597;1835;335;*;136000~196999;1
3431;*;*;33~40;4.177419355;1.005376344;1022;186;*;136000~196999;1
3432;*;*;41~48;4.189655172;0.988505747;935;174;*;136000~196999;1
3433;*;*;33~40;4.389204545;0.96875;1909;352;*;136000~196999;1
3434;*;*;33~40;4.72875817;1.094771242;1630;306;*;136000~196999;1
3435;*;*;25~32;3.694214876;1.076446281;2582;484;0.0000~3.5347;136000~196999;1
3436;*;*;33~40;3.918918919;0.923423423;1065;222;*;136000~196999;1
3437;*;*;33~40;4.463302752;1.013761468;1086;218;*;136000~196999;1
3438;*;*;33~40;4.352798054;1.03163017;2279;411;*;136000~196999;1
3439;*;*;33~40;4.205882353;0.995098039;1250;204;*;136000~196999;1
3440;*;*;33~40;3.976435935;1.033873343;3444;679;0.0000~3.5347;75000~135999;1
3441;*;*;9~16;5.133645955;1.022274326;2560;853;3.5348~7.0695;136000~196999;1
3442;*;*;9~16;4.333333333;1.150462963;1927;432;0.0000~3.5347;75000~135999;1
3443;*;*;17~24;3.218390805;0.965517241;483;87;0.0000~3.5347;136000~196999;1
3444;*;*;33~40;4.494565217;1.043478261;981;184;*;136000~196999;1
3445;*;*;33~40;4.213235294;0.952205882;1173;272;*;136000~196999;1
3446;*;*;17~24;4.219094247;1.048959608;3663;817;0.0000~3.5347;136000~196999;1
3447;*;*;17~24;3.787430684;1.012939002;2243;541;0.0000~3.5347;136000~196999;1
3448;*;*;33~40;4.583333333;1.060897436;1502;312;*;136000~196999;1
3449;*;*;33~40;4.994360902;0.968045113;1948;532;*;136000~196999;1
3450;*;*;17~24;6.466520307;1.009879254;2882;911;3.5348~7.0695;197000~257999;1
3451;*;*;9~16;5.239495798;1.080672269;3568;1190;3.5348~7.0695;197000~257999;1
3452;*;*;17~24;4.842293907;1.034408602;4205;1395;3.5348~7.0695;136000~196999;1
3453;*;*;25~32;4.643454039;0.991643454;2919;718;3.5348~7.0695;136000~196999;1
3454;*;*;17~24;6.159325211;1.035613871;3473;1067;3.5348~7.0695;197000~257999;1
3455;*;*;25~32;5.701252236;1.017889088;2205;559;3.5348~7.0695;136000~196999;1
3456;*;*;25~32;5.130508475;1.023728814;1970;590;3.5348~7.0695;136000~196999;1
3457;*;*;9~16;4.536612022;1.028415301;3163;915;3.5348~7.0695;136000~196999;1
3458;*;*;17~24;4.26541555;1.101876676;2661;746;0.0000~3.5347;136000~196999;1
3459;*;*;33~40;4.877675841;0.960244648;1181;327;*;136000~196999;1
3460;*;*;9~16;5.383900929;1.108359133;820;323;3.5348~7.0695;136000~196999;1
3461;*;*;17~24;5.104105572;0.939882698;1952;682;3.5348~7.0695;136000~196999;1
3462;*;*;9~16;5.470643939;1.053030303;2917;1056;3.5348~7.0695;136000~196999;1
3463;*;*;25~32;5.570909091;1.043636364;977;275;3.5348~7.0695;136000~196999;1
3464;*;*;25~32;5.785202864;1.136038186;2291;419;3.5348~7.0695;136000~196999;1
3465;*;*;17~24;4.882943144;1.005016722;1460;598;3.5348~7.0695;197000~257999;1
3466;*;*;9~16;5.113243762;0.994241843;1468;521;3.5348~7.0695;258000~501999;1
3467;*;*;9~16;5.930348259;0.982587065;1697;402;3.5348~7.0695;258000~501999;1
3468;*;*;25~32;4.584033613;1.075630252;892;238;0.0000~3.5347;136000~196999;1
3469;*;*;9~16;4.400352734;0.971781305;2314;567;3.5348~7.0695;136000~196999;1
3470;*;*;17~24;4.528395062;1.098765432;3151;810;0.0000~3.5347;136000~196999;1
3471;*;*;17~24;4.456544503;1.033507853;3401;955;3.5348~7.0695;136000~196999;1
3472;*;*;25~32;7.772805508;1.051635112;1714;581;7.0696~10.6043;*;1
3473;*;*;25~32;6.567357513;1.007772021;1071;386;3.5348~7.0695;319000~379999;1
3474;*;*;25~32;5.965986395;0.994897959;1957;588;3.5348~7.0695;258000~318999;1
3475;*;*;25~32;6.965986395;0.986394558;357;147;3.5348~7.0695;319000~379999;1
3476;*;*;17~24;7.851308901;1.021989529;3189;955;7.0696~10.6043;*;1
3477;*;*;17~24;7.022857143;992;2710;875;7.0696~10.6043;*;1
3478;*;*;25~32;6.717908082;1.034865293;1890;631;3.5348~7.0695;258000~318999;1
3479;*;*;25~32;6.882352941;1.037433155;525;187;3.5348~7.0695;319000~379999;1
3480;*;*;25~32;7.282051282;1.025641026;868;312;7.0696~10.6043;*;1
3481;*;*;17~24;7.608040201;1.040201005;2144;597;7.0696~10.6043;*;1
3482;*;*;25~32;4.295345104;0.69823435;2661;623;3.5348~7.0695;136000~196999;1
3483;*;*;33~40;4.508830022;1.014348786;3988;906;*;136000~196999;1
3484;*;*;17~24;7.17408377;1.020942408;2477;764;3.5348~7.0695;319000~379999;1
3485;*;*;1~16;7.399166667;0.3625;3468;1200;7.0696~10.6043;*;1
3486;*;*;1~32;7.680360721;1.001002004;3517;998;10.6044~16.0000;*;1
3487;*;*;17~24;7.599656357;1.068728522;1995;582;7.0696~10.6043;*;1
3488;*;*;1~16;6.423324151;1.056932966;2907;1089;7.0696~10.6043;*;1
3489;*;*;33~40;4.491176471;0.976470588;1303;340;*;136000~196999;1
3490;*;*;17~24;5.876325088;1.067137809;1242;283;3.5348~7.0695;197000~257999;1
3491;*;*;33~40;5.359861592;0.91349481;881;289;*;197000~257999;1
3492;*;*;33~40;6.252199413;1.079178886;1128;341;*;197000~257999;1
3493;*;*;33~40;5.948818898;1.078740157;873;254;*;197000~257999;1
3494;*;*;17~24;5.348148148;1.044444444;523;270;0.0000~3.5347;136000~196999;1
3495;*;*;33~40;6.460674157;1.039325843;741;178;*;197000~257999;1
3496;*;*;33~40;5.545045045;1;702;222;*;197000~257999;1
3497;*;*;33~40;6.061784897;1.027459954;1303;437;*;197000~257999;1
3498;*;*;33~40;5.191304348;0.995652174;839;230;*;136000~196999;1
3499;*;*;33~40;5.958490566;1.132075472;1012;265;*;136000~196999;1
3500;*;*;25~32;5.549295775;0.992957746;1004;284;3.5348~7.0695;136000~196999;1
3501;*;*;25~32;4.238636364;1.052272727;1182;440;0.0000~3.5347;136000~196999;1
3502;*;*;33~40;4.176691729;1.033834586;1333;266;*;136000~196999;1
3503;*;*;25~32;4.58490566;1.129380054;1616;371;0.0000~3.5347;136000~196999;1
3504;*;*;33~40;5.473015873;0.987301587;992;315;*;136000~196999;1
3505;*;*;33~40;5.283636364;0.981818182;808;275;*;197000~257999;1
3506;*;*;33~40;5.420529801;0.993377483;894;302;*;197000~257999;1
3507;*;*;33~40;5.778723404;1.05106383;738;235;*;197000~257999;1
3508;*;*;33~40;5.320610687;0.969465649;761;262;*;197000~257999;1
3509;*;*;33~40;5.41031941;1.063882064;1135;407;*;197000~257999;1
3510;*;*;25~32;5.192037471;0.988290398;1064;427;3.5348~7.0695;197000~257999;1
3511;*;*;33~40;4.467353952;0.993127148;650;291;*;197000~257999;1
3512;*;*;33~40;5.469740634;0.991354467;1123;347;*;197000~257999;1
3513;*;*;33~40;5.822368421;0.973684211;938;304;*;197000~257999;1
3514;*;*;25~32;6.496420048;1.116945107;1164;419;3.5348~7.0695;197000~257999;1
3515;*;*;33~40;4.319201995;0.995012469;1120;401;*;136000~196999;1
3516;*;*;33~40;5.202666667;1.053333333;1040;375;*;136000~196999;1
3517;*;*;33~40;5.380597015;1.029850746;795;268;*;197000~257999;1
3518;*;*;33~40;5.534124629;0.994065282;1074;337;*;197000~257999;1
3519;*;*;33~40;5.767955801;1.05801105;960;362;*;197000~257999;1
3520;*;*;33~40;6.244558259;1.043533931;2521;781;*;197000~257999;1
3521;*;*;33~40;6.009861933;1.039447732;1578;507;*;197000~257999;1
3522;*;*;33~40;5.372596154;0.9375;1148;416;*;197000~257999;1
3523;*;*;33~40;6.832061069;1.078244275;1694;524;*;197000~257999;1
3524;*;*;33~40;6.881533101;0.944250871;801;287;*;319000~379999;1
3525;*;*;33~40;5.131436314;1.044715447;1966;738;*;197000~257999;1
3526;*;*;33~40;5.431980907;1.023866348;1001;419;*;197000~257999;1
3527;*;*;33~40;6.420841683;1.078156313;1499;499;*;258000~318999;1
3528;*;*;25~32;6.149681529;0.949044586;948;314;3.5348~7.0695;319000~379999;1
3529;*;*;17~24;6.68;0.790909091;1590;550;7.0696~10.6043;*;1
3530;*;*;17~24;6.571251549;1.038413879;2372;807;3.5348~7.0695;258000~318999;1
3531;*;*;25~32;7.645695364;0.993377483;931;302;3.5348~7.0695;319000~379999;1
3532;*;*;33~40;6.576791809;1.040955631;896;293;*;319000~379999;1
3533;*;*;1~32;8.464163823;1.010238908;1929;586;10.6044~16.0000;*;1
3534;*;*;17~24;7.595463138;1.013232514;1508;529;7.0696~10.6043;*;1
3535;*;*;25~32;7.8704;1.0576;2183;625;7.0696~10.6043;*;1
3536;*;*;33~40;5.617063492;1.011904762;1340;504;*;197000~257999;1
3537;*;*;17~24;4.471955533;1.080848914;4717;1979;3.5348~7.0695;197000~257999;1
3538;*;*;25~32;6.226700252;0.891687657;1109;397;3.5348~7.0695;319000~379999;1
3539;*;*;9~16;5.232666667;1.109333333;3561;1500;3.5348~7.0695;258000~501999;1
3540;*;*;25~32;4.801946193;1.071551231;4483;1747;3.5348~7.0695;258000~318999;1
3541;*;*;25~32;5.434316354;0.954423592;2164;746;3.5348~7.0695;258000~318999;1
3542;*;*;17~24;8.467889908;0.969036697;2795;872;7.0696~10.6043;*;1
3543;*;*;17~24;7.728652751;1.073055028;3562;1054;7.0696~10.6043;*;1
3544;*;*;17~24;6.129251701;1.014739229;2337;882;3.5348~7.0695;319000~379999;1
3545;*;*;9~16;5.201092896;1.009836066;1884;915;3.5348~7.0695;258000~501999;1
3546;*;*;9~16;6.869070209;1.045540797;4178;1581;3.5348~7.0695;258000~501999;1
3547;*;*;17~24;5.951644101;1.034816248;3010;1034;3.5348~7.0695;258000~318999;1
3548;*;*;9~16;5.716747071;1.037904893;3903;1451;3.5348~7.0695;258000~501999;1
3549;*;*;17~24;6.712195122;1.097560976;670;205;3.5348~7.0695;258000~318999;1
3550;*;*;25~32;6.291571754;0.933940774;1166;439;3.5348~7.0695;319000~379999;1
3551;*;*;17~24;8.154545455;1.290909091;263;110;3.5348~7.0695;319000~379999;1
3552;*;*;25~32;7.032075472;1.079245283;1724;530;3.5348~7.0695;319000~379999;1
3553;*;*;17~24;6.738461538;0.971794872;2474;780;7.0696~10.6043;*;1
3554;*;*;17~24;4.041020966;1.073381951;5005;2194;0.0000~3.5347;197000~257999;1
3555;*;*;17~24;4.505809979;1.042378674;4459;1463;0.0000~3.5347;197000~257999;1
3556;*;*;25~32;8.107438017;1.004132231;697;242;7.0696~10.6043;*;1
3557;*;*;17~24;7.883597884;0.957671958;1208;378;7.0696~10.6043;*;1
3558;*;*;33~40;6.552699229;1;2239;778;*;258000~318999;1
3559;*;*;25~32;5.489830508;1.096610169;1529;590;0.0000~3.5347;197000~257999;1
3560;*;*;9~16;4.366741573;1.072808989;4992;2225;3.5348~7.0695;136000~196999;1
3561;*;*;17~24;7.683087028;1;1945;609;7.0696~10.6043;*;1
3562;*;*;17~24;6.735172414;1.060689655;2119;725;3.5348~7.0695;258000~318999;1
3563;*;*;33~40;5.964749536;0.981447124;1710;539;*;197000~257999;1
3564;*;*;33~40;5.299559471;0.95154185;1242;454;*;197000~257999;1
3565;*;*;17~24;5.598290598;1.107692308;1746;585;3.5348~7.0695;197000~257999;1
3566;*;*;25~32;5.374140303;1.063273728;2037;727;3.5348~7.0695;197000~257999;1
3567;*;*;1~16;3.906914894;1.071808511;2676;1128;0.0000~3.5347;136000~196999;1
3568;*;*;33~40;5.638235294;0.923529412;1019;340;*;197000~257999;1
3569;*;*;33~40;5.791176471;0.997058824;950;340;*;197000~257999;1
3570;*;*;17~24;4.465478842;1.086859688;3056;1347;3.5348~7.0695;197000~257999;1
3571;*;*;17~24;7.901639344;1.016393443;1514;549;7.0696~10.6043;*;1
3572;*;*;25~32;8.062404871;1.01065449;1986;657;7.0696~10.6043;*;1
3573;*;*;33~40;7.858156028;1.059101655;1190;423;*;441000~501999;1
3574;*;*;1~32;3.673515982;1.083333333;2295;876;0.0000~3.5347;258000~501999;1
3575;*;*;33~40;6.716894977;0.95890411;735;219;*;441000~501999;1
3576;*;*;1~32;4.195493704;1.018555335;2957;1509;0.0000~3.5347;258000~501999;1
3577;*;*;1~32;4.276084949;1.074792244;2360;1083;0.0000~3.5347;258000~501999;1
3578;*;*;1~32;4.220496894;1.116459627;3018;644;0.0000~3.5347;258000~501999;1
3579;*;*;33~40;5.961672474;1.047038328;1690;574;*;197000~257999;1
3580;*;*;25~32;4.035984848;1.028409091;1065;528;0.0000~3.5347;197000~257999;1
3581;*;*;25~32;6.581047382;0.942643392;1191;401;3.5348~7.0695;319000~379999;1
3582;*;*;17~24;5.660433071;1.06496063;2230;1016;3.5348~7.0695;380000~501999;1
3583;*;*;25~32;4.365346535;1.007920792;4579;1010;0.0000~3.5347;197000~257999;1
3584;*;*;25~32;5.388235294;1.08;2252;850;3.5348~7.0695;380000~501999;1
3585;*;*;1~32;4.478176528;1.067895247;2891;1031;0.0000~3.5347;258000~501999;1
3586;*;*;25~32;4.292242295;1.045696068;2675;941;0.0000~3.5347;197000~257999;1
3587;*;*;33~40;4.412474849;1.032193159;1299;497;*;197000~257999;1
3588;*;*;25~32;5.264264264;1.027027027;1318;333;3.5348~7.0695;197000~257999;1
3589;*;*;33~40;5.510526316;1;1207;380;*;197000~257999;1
3590;*;*;9~16;5.186653772;1.121856867;2783;1034;3.5348~7.0695;136000~196999;1
3591;*;*;17~24;5.903508772;1.046052632;1330;456;3.5348~7.0695;197000~257999;1
3592;*;*;17~24;3.872785829;1.064412238;1855;621;0.0000~3.5347;197000~257999;1
3593;*;*;25~32;6.330917874;0.995169082;1285;414;3.5348~7.0695;258000~318999;1
3594;*;*;25~32;6.268558952;1.026200873;1335;458;3.5348~7.0695;197000~257999;1
3595;*;*;33~40;6.083146067;1.002247191;1224;445;*;197000~257999;1
3596;*;*;33~40;6.42019544;1.029315961;917;307;*;258000~318999;1
3597;*;*;25~32;7.048338369;1.175226586;969;331;3.5348~7.0695;197000~257999;1
3598;*;*;25~32;7.00872093;1.104651163;1040;344;3.5348~7.0695;197000~257999;1
3599;*;*;33~40;6.226950355;0.973995272;1114;423;*;258000~318999;1
3600;*;*;25~32;5.259385666;0.9778157;1590;586;3.5348~7.0695;319000~379999;1
3601;*;*;25~32;6.31024531;0.985569986;2040;693;3.5348~7.0695;197000~257999;1
3602;*;*;25~32;6.097222222;1.090277778;899;288;3.5348~7.0695;197000~257999;1
3603;*;*;17~24;3.405383361;1.108075041;9135;2452;0.0000~3.5347;136000~196999;1
3604;*;*;33~40;6.609427609;1.043771044;919;297;*;258000~318999;1
3605;*;*;25~32;6.034246575;0.900684932;761;292;3.5348~7.0695;258000~318999;1
3606;*;*;25~32;5.16;1.087692308;1752;650;3.5348~7.0695;197000~257999;1
3607;*;*;17~24;3.347131445;1.088598402;5349;1377;0.0000~3.5347;136000~196999;1
3608;*;*;1~16;3.883578431;1.083333333;4718;1632;0.0000~3.5347;136000~196999;1
3609;*;*;33~40;3.821576763;0.991701245;1023;241;*;136000~196999;1
3610;*;*;33~40;5.417431193;1.009174312;775;218;*;136000~196999;1
3611;*;*;33~40;5.027027027;1.057432432;1221;296;*;136000~196999;1
3612;*;*;33~40;5.269230769;0.982517483;1025;286;*;136000~196999;1
3613;*;*;33~40;5.545945946;1.054054054;753;185;*;136000~196999;1
3614;*;*;33~40;4.9;1.01;402;100;*;136000~196999;1
3615;*;*;33~40;5.198113208;1;949;212;*;136000~196999;1
3616;*;*;25~32;3.675767918;0.982935154;1377;293;3.5348~7.0695;136000~196999;1
3617;*;*;25~32;4.573308271;1.039473684;2318;532;3.5348~7.0695;136000~196999;1
3618;*;*;33~40;3.915662651;0.722891566;433;83;*;136000~196999;1
3619;*;*;33~40;4.50997151;0.923076923;1481;351;*;136000~196999;1
3620;*;*;17~24;4.311871227;1.136820926;1803;497;3.5348~7.0695;136000~196999;1
3621;*;*;1~16;4.442100098;1.076054956;7096;2038;0.0000~3.5347;136000~196999;1
3622;*;*;1~16;3.629348514;1.117647059;4620;1581;0.0000~3.5347;136000~196999;1
3623;*;*;1~16;5.098918083;1.227202473;2343;647;0.0000~3.5347;197000~257999;1
3624;*;*;33~40;4.75;0.978813559;1038;236;*;136000~196999;1
3625;*;*;33~40;5.205882353;0.959558824;995;272;*;136000~196999;1
3626;*;*;33~40;5.166666667;1.017361111;1112;288;*;136000~196999;1
3627;*;*;33~40;5.407166124;0.980456026;1225;307;*;136000~196999;1
3628;*;*;33~40;5.874686717;1.090225564;1531;399;*;136000~196999;1
3629;*;*;33~40;5.556053812;1.024663677;1567;446;*;136000~196999;1
3630;*;*;25~32;5.829032258;1.041935484;1234;310;3.5348~7.0695;197000~257999;1
3631;*;*;33~40;5.322077922;1.012987013;1286;385;*;136000~196999;1
3632;*;*;33~40;5.605691057;1.077235772;896;246;*;136000~196999;1
3633;*;*;33~40;5.381944444;0.96875;1011;288;*;136000~196999;1
3634;*;*;33~40;5.303030303;0.987012987;720;231;*;136000~196999;1
3635;*;*;33~40;4.879213483;1.036516854;1061;356;*;136000~196999;1
3636;*;*;33~40;5.489270386;1.034334764;987;233;*;136000~196999;1
3637;*;*;33~40;4.900849858;1.09631728;1099;353;*;136000~196999;1
3638;*;*;33~40;4.670588235;1.058823529;1080;340;*;136000~196999;1
3639;*;*;41~48;4.618834081;0.959641256;664;223;*;136000~196999;1
3640;*;*;33~40;4.869426752;1.095541401;913;314;*;136000~196999;1
3641;*;*;41~48;5.106334842;0.970588235;1418;442;*;136000~196999;1
3642;*;*;33~40;4.042402827;1.090106007;2222;566;*;136000~196999;1
3643;*;*;33~40;4.854368932;1.077669903;998;309;*;136000~196999;1
3644;*;*;25~32;3.552677029;1.037996546;2397;579;0.0000~3.5347;136000~196999;1
3645;*;*;17~24;3.137648131;1.064721969;4625;1097;0.0000~3.5347;136000~196999;1
3646;*;*;25~32;3.467245462;1.08050513;3781;1267;0.0000~3.5347;136000~196999;1
3647;*;*;1~16;3.753956835;1.130935252;1803;695;0.0000~3.5347;136000~196999;1
3648;*;*;17~24;3.722556391;1.057894737;7307;2660;0.0000~3.5347;136000~196999;1
3649;*;*;33~40;4.802419355;1.072580645;718;248;*;136000~196999;1
3650;*;*;33~40;4.854227405;0.976676385;1011;343;*;136000~196999;1
3651;*;*;41~48;4.472049689;1.00931677;1014;322;*;136000~196999;1
3652;*;*;41~48;4.185185185;1.055555556;1159;378;*;136000~196999;1
3653;*;*;33~40;5.054945055;0.942857143;1447;455;*;197000~257999;1
3654;*;*;17~24;3.479127135;1.147058824;2636;1054;0.0000~3.5347;136000~196999;1
3655;*;*;33~40;4.483660131;0.964052288;774;306;*;136000~196999;1
3656;*;*;41~48;5.304347826;0.965217391;729;230;*;136000~196999;1
3657;*;*;25~32;4.847826087;1.075098814;1753;506;0.0000~3.5347;136000~196999;1
3658;*;*;33~40;4.966367713;1.029147982;1594;446;*;136000~196999;1
3659;*;*;41~48;5.197860963;0.967914439;554;187;*;136000~196999;1
3660;*;*;33~40;5.207739308;1.099796334;1556;491;*;136000~196999;1
3661;*;*;33~40;5.124087591;0.97080292;889;274;*;136000~196999;1
3662;*;*;33~40;5.782352941;1.088235294;513;170;*;197000~257999;1
3663;*;*;33~40;5.436440678;1.042372881;594;236;*;197000~257999;1
3664;*;*;25~32;4.643086817;1.019292605;1177;311;3.5348~7.0695;136000~196999;1
3665;*;*;17~24;3.988839286;1.033482143;1671;448;3.5348~7.0695;136000~196999;1
3666;*;*;33~40;4.310344828;1.448275862;63;29;*;136000~196999;1
3667;*;*;33~40;5.073558648;1.083499006;1850;503;*;136000~196999;1
3668;*;*;17~24;4.283018868;1.045283019;3001;795;0.0000~3.5347;136000~196999;1
3669;*;*;41~48;3.728125;0.934375;1184;320;*;136000~196999;1
3670;*;*;33~40;4.87537092;1.035608309;1414;337;*;136000~196999;1
3671;*;*;33~40;5.400763359;0.988549618;1577;524;*;197000~257999;1
3672;*;*;33~40;6.700374532;1.093632959;897;267;*;197000~257999;1
3673;*;*;33~40;4.593548387;0.961290323;533;155;*;136000~196999;1
3674;*;*;33~40;5.188405797;0.968115942;1277;345;*;136000~196999;1
3675;*;*;25~32;4.326388889;1.020833333;1516;432;3.5348~7.0695;136000~196999;1
3676;*;*;1~16;3.495641345;1.080946451;2729;803;0.0000~3.5347;136000~196999;1
3677;*;*;17~24;3.698113208;1.081761006;864;318;0.0000~3.5347;136000~196999;1
3678;*;*;33~40;4.893333333;1.01;1295;300;*;136000~196999;1
3679;*;*;33~40;4.251072961;1.038626609;1665;466;*;136000~196999;1
3680;*;*;33~40;5.288732394;1.036971831;1938;568;*;197000~257999;1
3681;*;*;25~32;5.357407407;1.005555556;1636;540;3.5348~7.0695;197000~257999;1
3682;*;*;33~40;4.878787879;1.454545455;66;33;*;136000~196999;1
3683;*;*;33~40;5.587591241;1.01459854;1064;274;*;197000~257999;1
3684;*;*;33~40;4.594059406;1.075907591;1181;303;*;136000~196999;1
3685;*;*;33~40;4.297520661;0.940082645;1939;484;*;136000~196999;1
3686;*;*;33~40;4.694214876;1.152892562;2164;484;*;136000~196999;1
3687;*;*;1~16;4.013207547;1.096226415;1989;530;0.0000~3.5347;136000~196999;1
3688;*;*;25~32;3.549019608;0.980392157;348;102;0.0000~3.5347;136000~196999;1
3689;*;*;1~16;3.708955224;1.107462687;1994;670;0.0000~3.5347;136000~196999;1
3690;*;*;33~40;4.307692308;0.991452991;1545;351;*;136000~196999;1
3691;*;*;41~48;4.010282776;0.961439589;1668;389;*;136000~196999;1
3692;*;*;41~48;6.74;1.3;198;50;*;136000~196999;1
3693;*;*;41~48;4.525316456;0.917721519;730;158;*;136000~196999;1
3694;*;*;17~24;3.874531835;1.096441948;3911;1068;0.0000~3.5347;136000~196999;1
3695;*;*;17~24;2.665981501;1.056526208;3950;973;0.0000~3.5347;136000~196999;1
3696;*;*;33~40;4.808510638;1.111111111;1990;423;*;136000~196999;1
3697;*;*;33~40;3.683417085;1.020100503;2488;597;*;136000~196999;1
3698;*;*;33~40;3.365432099;0.975308642;1798;405;*;136000~196999;1
3699;*;*;33~40;4.699346405;1.009803922;1378;306;*;136000~196999;1
3700;*;*;9~16;4.399096386;1.031626506;1512;664;3.5348~7.0695;136000~196999;1
3701;*;*;33~40;3.810880829;1.095854922;995;386;*;136000~196999;1
3702;*;*;33~40;3.7278798;1.010016694;1934;599;*;136000~196999;1
3703;*;*;33~40;3658;1024;1345;500;*;197000~257999;1
3704;*;*;17~24;4.09929078;1.164539007;2203;705;0.0000~3.5347;136000~196999;1
3705;*;*;41~48;4.338394794;1.052060738;1439;461;*;136000~196999;1
3706;*;*;17~24;2.853881279;1.080669711;2555;657;0.0000~3.5347;136000~196999;1
3707;*;*;17~24;2.752393981;1.001367989;3483;731;0.0000~3.5347;136000~196999;1
3708;*;*;41~48;3.497607656;1.03708134;2751;836;*;136000~196999;1
3709;*;*;33~40;3.54950495;0.975247525;1667;404;*;136000~196999;1
3710;*;*;25~32;4.004032258;1.149193548;1044;248;0.0000~3.5347;136000~196999;1
3711;*;*;9~16;4.049166667;1.0775;3351;1200;3.5348~7.0695;197000~257999;1
3712;*;*;33~40;4.060869565;1.004347826;587;230;*;136000~196999;1
3713;*;*;25~32;3.927750411;1.075533662;1987;609;0.0000~3.5347;197000~257999;1
3714;*;*;33~40;3.797909408;1.043554007;1483;574;*;136000~196999;1
3715;*;*;33~40;4.732793522;0.979757085;612;247;*;197000~257999;1
3716;*;*;25~32;4.481967213;1.072131148;2209;610;0.0000~3.5347;197000~257999;1
3717;*;*;17~24;3.752085816;1.082240763;2850;839;0.0000~3.5347;197000~257999;1
3718;*;*;41~48;5.263513514;0.97972973;450;148;*;136000~196999;1
3719;*;*;33~40;4.57591623;0.998254799;1997;573;*;197000~257999;1
3720;*;*;25~32;3.376582278;1.023206751;3403;948;0.0000~3.5347;197000~257999;1
3721;*;*;1~32;4.594301221;0.590230665;2240;737;0.0000~3.5347;258000~501999;1
3722;*;*;33~40;4.326451613;1.019354839;2318;775;*;258000~318999;1
3723;*;*;33~40;4.179389313;1.055979644;2281;786;*;197000~257999;1
3724;*;*;25~32;4.630541872;1.083743842;2022;812;0.0000~3.5347;197000~257999;1
3725;*;*;25~32;4.532182104;1.014128728;1626;637;3.5348~7.0695;319000~379999;1
3726;*;*;25~32;3.972972973;1.06006006;856;333;0.0000~3.5347;197000~257999;1
3727;*;*;33~40;4.551088777;1.108877722;1546;597;*;258000~318999;1
3728;*;*;25~32;4.767258383;1.00591716;1102;507;3.5348~7.0695;258000~318999;1
3729;*;*;33~40;6.102409639;0.903614458;449;166;*;380000~440999;1
3730;*;*;41~48;4.850877193;0.986842105;595;228;*;136000~196999;1
3731;*;*;41~48;5.696594427;1.102167183;966;323;*;197000~257999;1
3732;*;*;1~32;4.048387097;1.034274194;1052;496;0.0000~3.5347;258000~501999;1
3733;*;*;33~40;4.9825;1.0625;939;400;*;197000~257999;1
3734;*;*;25~32;4.03875969;0.976744186;306;129;3.5348~7.0695;197000~257999;1
3735;*;*;33~40;4.432065217;0.967391304;862;368;*;258000~318999;1
3736;*;*;25~32;4.707964602;1.13653603;1912;791;3.5348~7.0695;258000~318999;1
3737;*;*;1~32;4.119402985;1.045924225;1891;871;0.0000~3.5347;258000~501999;1
3738;*;*;25~32;4.331050228;1.128995434;2454;876;0.0000~3.5347;197000~257999;1
3739;*;*;41~48;4.72705314;0.939613527;985;414;*;197000~257999;1
3740;*;*;25~32;4.327296248;1.058214748;1599;773;0.0000~3.5347;197000~257999;1
3741;*;*;41~48;4.258928571;0.8125;220;112;*;197000~257999;1
3742;*;*;33~40;4.732984293;1;627;191;*;136000~196999;1
3743;*;*;41~48;5.157894737;1.096491228;471;228;*;319000~379999;1
3744;*;*;33~40;5.167938931;1.083969466;501;262;*;380000~440999;1
3745;*;*;33~40;4.787658802;1.052631579;1150;551;*;319000~379999;1
3746;*;*;25~32;6;0.990196078;1159;510;3.5348~7.0695;380000~501999;1
3747;*;*;33~40;5.042288557;1.064676617;879;402;*;319000~379999;1
3748;*;*;41~48;4.331125828;0.956953642;950;302;*;136000~196999;1
3749;*;*;33~40;3.952471483;1.079847909;1396;526;*;136000~196999;1
3750;*;*;25~32;3.375698324;1.066340782;3847;1432;0.0000~3.5347;136000~196999;1
3751;*;*;17~24;3.454703833;1.134146341;2251;574;0.0000~3.5347;197000~257999;1
3752;*;*;33~40;4.051020408;1.158163265;739;392;*;197000~257999;1
3753;*;*;33~40;4.405194805;0.966233766;835;385;*;197000~257999;1
3754;*;*;33~40;4.299465241;0.997326203;1217;374;*;136000~196999;1
3755;*;*;41~48;4.523809524;1.19047619;643;252;*;136000~196999;1
3756;*;*;41~48;5.033519553;1;473;179;*;136000~196999;1
3757;*;*;25~32;3.786821705;1.023255814;736;258;0.0000~3.5347;136000~196999;1
3758;*;*;33~40;3.95308311;1.064343164;2106;746;*;136000~196999;1
3759;*;*;25~32;3.517821782;1.04950495;3129;1010;0.0000~3.5347;136000~196999;1
3760;*;*;25~32;3.320359281;1.05988024;1119;334;0.0000~3.5347;197000~257999;1
3761;*;*;25~32;4.160944206;1.083690987;1584;466;0.0000~3.5347;197000~257999;1
3762;*;*;41~48;4.011709602;0.974238876;1349;427;*;136000~196999;1
3763;*;*;33~40;4.535830619;1.07980456;1631;614;*;258000~318999;1
3764;*;*;25~32;5.328455285;1.053658537;1382;615;3.5348~7.0695;319000~379999;1
3765;*;*;33~40;4.86453202;0.945812808;882;406;*;258000~318999;1
3766;*;*;1~32;5.156199678;1.120772947;1573;621;0.0000~3.5347;258000~501999;1
3767;*;*;33~40;6.024742268;1.045360825;1130;485;*;319000~379999;1
3768;*;*;33~40;5.829411765;0.973529412;794;340;*;319000~379999;1
3769;*;*;33~40;5.311015119;1.056155508;1139;463;*;319000~379999;1
3770;*;*;41~48;4.183673469;0.975510204;850;490;*;319000~379999;1
3771;*;*;33~40;6.064171123;0.983957219;452;187;*;319000~379999;1
3772;*;*;25~32;5.224299065;1.125233645;1073;535;3.5348~7.0695;319000~379999;1
3773;*;*;25~32;6.040540541;0.981081081;914;370;3.5348~7.0695;319000~379999;1
3774;*;*;25~32;4.853277836;1.082206035;1963;961;3.5348~7.0695;319000~379999;1
3775;*;*;9~16;4.438461538;1.153846154;372;130;3.5348~7.0695;258000~501999;1
3776;*;*;25~32;5.080733945;1.03853211;1201;545;3.5348~7.0695;380000~501999;1
3777;*;*;1~32;3.765254237;1.087288136;2421;1180;0.0000~3.5347;258000~501999;1
3778;*;*;17~24;4.254021448;0.29155496;2945;1492;0.0000~3.5347;197000~257999;1
3779;*;*;1~32;4.00286944;1.073170732;1351;697;0.0000~3.5347;258000~501999;1
3780;*;*;1~32;4.311871227;1.080482897;2806;1491;0.0000~3.5347;258000~501999;1
3781;*;*;41~48;5.590106007;0.985865724;603;283;*;380000~501999;1
3782;*;*;33~40;5.379844961;1.108527132;547;258;*;441000~501999;1
3783;*;*;25~32;3.619389587;1.116696589;1359;557;0.0000~3.5347;136000~196999;1
3784;*;*;41~48;4.45982906;1.013675214;1055;585;*;258000~318999;1
3785;*;*;25~32;4.635021097;1.056962025;944;474;3.5348~7.0695;319000~379999;1
3786;*;*;41~48;4.346590909;1.060606061;1543;528;*;136000~196999;1
3787;*;*;1~16;3.882147025;1.179696616;2683;857;0.0000~3.5347;136000~196999;1
3788;*;*;41~48;3.314917127;0.944751381;377;181;*;136000~196999;1
3789;*;*;1~16;3.335664336;1.102564103;1438;429;0.0000~3.5347;197000~257999;1
3790;*;*;1~32;2.660436137;1.090342679;542;321;0.0000~3.5347;258000~501999;1
3791;*;*;1~16;3.645810056;1.12122905;3298;1790;0.0000~3.5347;197000~257999;1
3792;*;*;9~16;3.832352941;1.1;1373;680;3.5348~7.0695;197000~257999;1
3793;*;*;25~32;4.238754325;1.069204152;1054;578;3.5348~7.0695;258000~318999;1
3794;*;*;33~40;5.605113636;1.085227273;774;352;*;258000~318999;1
3795;*;*;41~48;4.253731343;1.058208955;1510;670;*;258000~318999;1
3796;*;*;25~32;4.979716024;1.127789047;989;493;3.5348~7.0695;319000~379999;1
3797;*;*;17~24;3.986551393;1.102785783;1808;1041;0.0000~3.5347;197000~257999;1
3798;*;*;1~16;3.676806084;1.103929024;1659;789;0.0000~3.5347;197000~257999;1
3799;*;*;41~48;5.131578947;0.979532164;822;342;*;319000~379999;1
3800;*;*;41~48;5.370629371;1.03030303;862;429;*;380000~501999;1
3801;*;*;33~40;5.584577114;0.97761194;783;402;*;441000~501999;1
3802;*;*;17~24;3.884140551;1.20702754;2824;1053;0.0000~3.5347;136000~196999;1
3803;*;*;25~32;4.4796875;1.0484375;1955;640;3.5348~7.0695;197000~257999;1
3804;*;*;25~32;4.153477218;1.043165468;1198;417;0.0000~3.5347;197000~257999;1
3805;*;*;17~24;4.204528853;1.078889701;4031;1369;0.0000~3.5347;197000~257999;1
3806;*;*;25~32;3.297029703;1.036775106;2172;707;0.0000~3.5347;136000~196999;1
3807;*;*;17~24;3.363302752;1.055045872;2657;1090;0.0000~3.5347;197000~257999;1
3808;*;*;1~16;3.648379052;1.017456359;1867;802;0.0000~3.5347;197000~257999;1
3809;*;*;1~16;3.889719626;1.228037383;1456;535;0.0000~3.5347;136000~196999;1
3810;*;*;33~40;4.301369863;1.032534247;1805;584;*;197000~257999;1
3811;*;*;17~24;3.931137725;1.140718563;2475;1002;0.0000~3.5347;197000~257999;1
3812;*;*;25~32;4.43605547;1.114021572;2077;649;0.0000~3.5347;197000~257999;1
3813;*;*;25~32;3.951267057;1.089668616;1545;513;0.0000~3.5347;136000~196999;1
3814;*;*;17~24;3.141025641;1.111721612;3618;1092;0.0000~3.5347;75000~135999;1
3815;*;*;25~32;2.692857143;1.069047619;746;420;0.0000~3.5347;197000~257999;1
3816;*;*;17~24;3.773960217;1.032549729;1809;553;0.0000~3.5347;197000~257999;1
3817;*;*;33~40;5.49009901;1.01980198;515;202;*;197000~257999;1
3818;*;*;33~40;5.301639344;1.127868852;938;305;*;197000~257999;1
3819;*;*;1~16;3.961737332;1.119958635;2258;967;0.0000~3.5347;197000~257999;1
3820;*;*;17~24;3.667953668;1.111969112;2249;777;0.0000~3.5347;136000~196999;1
3821;*;*;17~24;4.126719768;1.154236061;3809;1381;0.0000~3.5347;197000~257999;1
3822;*;*;33~40;4.865248227;1;1132;423;*;197000~257999;1
3823;*;*;1~32;3.841004184;1.235983264;2723;1195;0.0000~3.5347;258000~501999;1
3824;*;*;33~40;4.601423488;1.118623962;2113;843;*;258000~318999;1
3825;*;*;25~32;3.454945055;0.989010989;1039;455;0.0000~3.5347;136000~196999;1
3826;*;*;17~24;3.677897574;1.078167116;2099;742;0.0000~3.5347;197000~257999;1
3827;*;*;17~24;3.859300477;1.073131955;2519;1258;0.0000~3.5347;197000~257999;1
3828;*;*;33~40;4.241106719;1.003952569;739;253;*;136000~196999;1
3829;*;*;17~24;3.671568627;1.115196078;4826;1632;0.0000~3.5347;197000~257999;1
3830;*;*;33~40;4.825242718;0.954692557;779;309;*;197000~257999;1
3831;*;*;25~32;4.493372607;1.022091311;1942;679;0.0000~3.5347;197000~257999;1
3832;*;*;33~40;4.870036101;1.124548736;1544;554;*;197000~257999;1
3833;*;*;33~40;3.468686869;0.965656566;1628;495;*;197000~257999;1
3834;*;*;17~24;3.300337458;1.068616423;2517;889;0.0000~3.5347;197000~257999;1
3835;*;*;25~32;4.831460674;1.037921348;1827;712;3.5348~7.0695;197000~257999;1
3836;*;*;33~40;4.368876081;0.991354467;983;347;*;197000~257999;1
3837;*;*;17~24;4.176047904;1.148502994;2278;835;0.0000~3.5347;197000~257999;1
3838;*;*;25~32;3.650684932;1.047945205;1143;438;0.0000~3.5347;197000~257999;1
3839;*;*;1~32;3.587412587;0.993006993;1254;572;0.0000~3.5347;258000~501999;1
3840;*;*;33~40;3.933712121;0.939393939;1206;528;*;197000~257999;1
3841;*;*;1~16;3.764322917;1.23828125;2166;768;0.0000~3.5347;136000~196999;1
3842;*;*;17~24;2.78057554;1.064748201;2423;556;0.0000~3.5347;136000~196999;1
3843;*;*;1~16;2.899415205;1.052631579;2466;855;0.0000~3.5347;136000~196999;1
3844;*;*;17~24;3.528751753;1.158485273;3350;713;0.0000~3.5347;136000~196999;1
3845;*;*;25~32;3.596100279;1.001392758;2038;718;0.0000~3.5347;136000~196999;1
3846;*;*;41~48;5.632653061;1;495;196;*;197000~257999;1
3847;*;*;33~40;4.763157895;1.021052632;839;380;*;197000~257999;1
3848;*;*;33~40;4.419664269;1.059952038;861;417;*;197000~257999;1
3849;*;*;33~40;4.511335013;0.972292191;844;397;*;197000~257999;1
3850;*;*;33~40;4.341288783;1.109785203;1336;419;*;197000~257999;1
3851;*;*;33~40;3.796875;1.0546875;550;256;*;197000~257999;1
3852;*;*;25~32;5.183716075;1.183716075;1941;958;3.5348~7.0695;258000~318999;1
3853;*;*;33~40;4.615555556;1.08;1021;450;*;197000~257999;1
3854;*;*;25~32;3.765978368;1.086529007;2328;1017;0.0000~3.5347;197000~257999;1
3855;*;*;33~40;5.439897698;1.058823529;1056;391;*;258000~318999;1
3856;*;*;33~40;4.075242718;0.980582524;933;412;*;258000~318999;1
3857;*;*;33~40;5.081585082;0.988344988;906;429;*;319000~379999;1
3858;*;*;41~48;6.876106195;0.902654867;284;113;*;380000~501999;1
3859;*;*;1~32;4.482470785;1.071786311;1085;599;0.0000~3.5347;258000~501999;1
3860;*;*;33~40;5.508403361;0.981092437;1233;476;*;319000~379999;1
3861;*;*;33~40;4.943820225;1.030497592;1362;623;*;319000~379999;1
3862;*;*;33~40;5.196141479;1.035369775;580;311;*;319000~379999;1
3863;*;*;17~24;4.083606557;1.113114754;2237;1220;3.5348~7.0695;258000~318999;1
3864;*;*;1~32;4.578723404;1.121276596;996;470;0.0000~3.5347;258000~501999;1
3865;*;*;33~40;4.711246201;1.044072948;1388;658;*;258000~318999;1
3866;*;*;17~24;4.538709677;1.088709677;1463;620;3.5348~7.0695;258000~318999;1
3867;*;*;1~32;4.165838509;1.078881988;2620;1610;0.0000~3.5347;258000~501999;1
3868;*;*;33~40;5.170731707;1.016260163;1035;492;*;258000~318999;1
3869;*;*;25~32;5.128440367;1.141284404;1173;545;3.5348~7.0695;258000~318999;1
3870;*;*;25~32;4.718518519;1.198148148;1098;540;3.5348~7.0695;258000~318999;1
3871;*;*;17~24;3.573364761;1.0760165;4876;1697;0.0000~3.5347;197000~257999;1
3872;*;*;25~32;4.740402194;1.034734918;1596;547;3.5348~7.0695;197000~257999;1
3873;*;*;33~40;5.385113269;0.970873786;1000;309;*;197000~257999;1
3874;*;*;33~40;4.371584699;0.953551913;1012;366;*;197000~257999;1
3875;*;*;33~40;5.262529833;1.081145585;1242;419;*;197000~257999;1
3876;*;*;33~40;5.919491525;1.108050847;1334;472;*;197000~257999;1
3877;*;*;33~40;5.118367347;0.934693878;629;245;*;197000~257999;1
3878;*;*;33~40;5.376623377;1.006493506;817;308;*;197000~257999;1
3879;*;*;33~40;4.979591837;0.987244898;1156;392;*;197000~257999;1
3880;*;*;33~40;6.020100503;1.057788945;1064;398;*;197000~257999;1
3881;*;*;33~40;5.488970588;1.047794118;766;272;*;197000~257999;1
3882;*;*;33~40;5.64159292;0.982300885;959;226;*;136000~196999;1
3883;*;*;33~40;6.532258065;1.096774194;1052;248;*;197000~257999;1
3884;*;*;33~40;5.606557377;0.992974239;1490;427;*;197000~257999;1
3885;*;*;33~40;5.897163121;1.060283688;762;282;*;197000~257999;1
3886;*;*;25~32;4.730103806;0.979238754;2630;867;3.5348~7.0695;197000~257999;1
3887;*;*;17~24;4.308965517;1.097931034;1855;725;0.0000~3.5347;197000~257999;1
3888;*;*;33~40;5.97235023;1.129032258;1427;434;*;197000~257999;1
3889;*;*;33~40;5.813880126;1.03785489;1041;317;*;197000~257999;1
3890;*;*;33~40;5.185483871;0.975806452;788;248;*;136000~196999;1
3891;*;*;33~40;5.225490196;0.960784314;819;306;*;197000~257999;1
3892;*;*;33~40;4.827160494;1.034567901;2097;810;*;197000~257999;1
3893;*;*;9~16;4.696559504;1.0428652;4126;1773;3.5348~7.0695;136000~196999;1
3894;*;*;33~40;4.975903614;1.022375215;1757;581;*;197000~257999;1
3895;*;*;33~40;4.285714286;1.072083879;2118;763;*;197000~257999;1
3896;*;*;33~40;5.363344051;1.067524116;807;311;*;197000~257999;1
3897;*;*;33~40;4.890909091;0.933333333;850;330;*;197000~257999;1
3898;*;*;33~40;4.990338164;1.048309179;1031;414;*;136000~196999;1
3899;*;*;33~40;4.864468864;1.051282051;823;273;*;136000~196999;1
3900;*;*;41~48;4.664670659;0.964071856;884;334;*;197000~257999;1
3901;*;*;33~40;4.930084746;1.014830508;1166;472;*;258000~318999;1
3902;*;*;33~40;5.36635514;1.085981308;1350;535;*;197000~257999;1
3903;*;*;33~40;6.026128266;0.992874109;1161;421;*;197000~257999;1
3904;*;*;33~40;5.757255937;1.079155673;1141;379;*;197000~257999;1
3905;*;*;17~24;4.674367437;1.02640264;2047;909;3.5348~7.0695;197000~257999;1
3906;*;*;33~40;6.112359551;1.101123596;1158;445;*;197000~257999;1
3907;*;*;25~32;4.587234043;1.082978723;1142;470;3.5348~7.0695;197000~257999;1
3908;*;*;17~24;3.531096563;1.06710311;2490;1222;0.0000~3.5347;136000~196999;1
3909;*;*;33~40;5.070621469;0.97740113;1082;354;*;197000~257999;1
3910;*;*;25~32;3.683250415;1.097844113;1998;603;0.0000~3.5347;136000~196999;1
3911;*;*;17~24;4.058917197;1.036624204;1624;628;3.5348~7.0695;136000~196999;1
3912;*;*;17~24;4.5796875;0.33984375;3161;1280;0.0000~3.5347;136000~196999;1
3913;*;*;25~32;4.730120482;1.012048193;1494;415;0.0000~3.5347;197000~257999;1
3914;*;*;41~48;5.404907975;1.042944785;464;163;*;197000~257999;1
3915;*;*;33~40;5.492957746;0.968309859;763;284;*;197000~257999;1
3916;*;*;33~40;5.516034985;1.011661808;1039;343;*;197000~257999;1
3917;*;*;25~32;4.135860979;1.093206951;1961;633;0.0000~3.5347;136000~196999;1
3918;*;*;33~40;5.402810304;0.908665105;1168;427;*;197000~257999;1
3919;*;*;25~32;5.366323907;1.137532134;2118;778;3.5348~7.0695;197000~257999;1
3920;*;*;33~40;5.398601399;1.076923077;891;286;*;136000~196999;1
3921;*;*;33~40;5.640198511;1.079404467;1431;403;*;136000~196999;1
3922;*;*;33~40;5.585714286;1.028571429;425;140;*;197000~257999;1
3923;*;*;33~40;5.597285068;1.095022624;671;221;*;136000~196999;1
3924;*;*;33~40;4.988394584;1.085106383;1237;517;*;197000~257999;1
3925;*;*;33~40;5.059259259;0.82962963;719;270;*;197000~257999;1
3926;*;*;17~24;4.586160109;1.071913161;2199;737;0.0000~3.5347;197000~257999;1
3927;*;*;25~32;4.56;1.075294118;1280;425;3.5348~7.0695;197000~257999;1
3928;*;*;33~40;5.09375;0.885416667;475;192;*;197000~257999;1
3929;*;*;25~32;5.155555556;1.027777778;990;360;3.5348~7.0695;197000~257999;1
3930;*;*;17~24;4.173775671;1.099526066;1649;633;0.0000~3.5347;197000~257999;1
3931;*;*;25~32;3.620155039;1.037209302;1986;645;0.0000~3.5347;136000~196999;1
3932;*;*;17~24;4.758426966;1.039325843;733;178;3.5348~7.0695;197000~257999;1
3933;*;*;33~40;5.578313253;1.012048193;826;249;*;197000~257999;1
3934;*;*;25~32;4.769624573;1.034129693;1702;586;3.5348~7.0695;258000~318999;1
3935;*;*;17~24;6.393464052;1.036601307;2447;765;3.5348~7.0695;258000~318999;1
3936;*;*;17~24;4.607344633;1.063559322;1879;708;3.5348~7.0695;197000~257999;1
3937;*;*;9~16;5.079119086;1.074225122;3739;1226;3.5348~7.0695;258000~501999;1
3938;*;*;33~40;5.47008547;0.942307692;1428;468;*;197000~257999;1
3939;*;*;25~32;6.421511628;1.026162791;1034;344;3.5348~7.0695;197000~257999;1
3940;*;*;33~40;6.370491803;1.049180328;895;305;*;197000~257999;1
3941;*;*;33~40;4.647859922;1.013618677;1560;514;*;197000~257999;1
3942;*;*;17~24;3.984918307;1.072475911;7282;2387;0.0000~3.5347;197000~257999;1
3943;*;*;33~40;6.065972222;0.967013889;1861;576;*;197000~257999;1
3944;*;*;33~40;5.660899654;0.951557093;866;289;*;197000~257999;1
3945;*;*;25~32;6.304093567;1.007797271;1597;513;3.5348~7.0695;258000~318999;1
3946;*;*;33~40;6.151869159;1.10046729;1313;428;*;197000~257999;1
3947;*;*;41~48;4.318367347;0.930612245;778;245;*;136000~196999;1
3948;*;*;9~16;3.616842105;0.983157895;896;475;3.5348~7.0695;136000~196999;1
3949;*;*;33~40;6.426108374;1.061576355;1208;406;*;197000~257999;1
3950;*;*;17~24;6.296747967;1.101626016;1486;492;3.5348~7.0695;197000~257999;1
3951;*;*;25~32;6.721088435;1.100340136;1762;588;3.5348~7.0695;197000~257999;1
3952;*;*;1~16;7.512195122;1;1902;574;7.0696~10.6043;*;1
3953;*;*;1~16;7.902474527;0.96797671;2315;687;7.0696~10.6043;*;1
3954;*;*;17~24;7.069943289;1.024574669;3037;1058;3.5348~7.0695;319000~379999;1
3955;*;*;25~32;5.932110092;1.014678899;1678;545;3.5348~7.0695;197000~257999;1
3956;*;*;17~24;7.801052632;1.1;2814;950;3.5348~7.0695;319000~379999;1
3957;*;*;17~24;3.486624204;1.105732484;2924;785;0.0000~3.5347;136000~196999;1
3958;*;*;17~24;2.64254062;0.64254062;2300;677;0.0000~3.5347;136000~196999;1
3959;*;*;1~16;3.46079614;1.135102533;2162;829;0.0000~3.5347;136000~196999;1
3960;*;*;17~24;3.292091837;1.093112245;2004;784;0.0000~3.5347;136000~196999;1
3961;*;*;33~40;4.985915493;1.01971831;1083;355;*;197000~257999;1
3962;*;*;33~40;4.905027933;0.932960894;499;179;*;136000~196999;1
3963;*;*;17~24;4.212477928;1.100058858;4642;1699;0.0000~3.5347;197000~257999;1
3964;*;*;17~24;4.304913295;1.075144509;1824;692;0.0000~3.5347;197000~257999;1
3965;*;*;33~40;6.103286385;1.035211268;1246;426;*;197000~257999;1
3966;*;*;33~40;5.750561798;1.053932584;1358;445;*;197000~257999;1
3967;*;*;33~40;5.584126984;0.987301587;943;315;*;197000~257999;1
3968;*;*;33~40;6.257028112;1.072289157;793;249;*;197000~257999;1
3969;*;*;33~40;6125;1.055555556;756;216;*;197000~257999;1
3970;*;*;33~40;6.296829971;1.07204611;986;347;*;258000~318999;1
3971;*;*;33~40;6.931547619;1.1875;966;336;*;197000~257999;1
3972;*;*;25~32;4.149080348;1.03678606;2863;1033;0.0000~3.5347;197000~257999;1
3973;*;*;1~16;2.839517625;1.000927644;2173;1078;0.0000~3.5347;136000~196999;1
3974;*;*;25~32;6.34965035;0.993006993;368;143;3.5348~7.0695;319000~379999;1
3975;*;*;25~32;6.239690722;1.036082474;1120;388;3.5348~7.0695;197000~257999;1
3976;*;*;25~32;7.116173121;1.066059226;1241;439;3.5348~7.0695;319000~379999;1
3977;*;*;33~40;6.13968254;0.974603175;905;315;*;258000~318999;1
3978;*;*;25~32;6.196296296;1.051851852;794;270;3.5348~7.0695;197000~257999;1
3979;*;*;25~32;5.455064194;1.068473609;1790;701;3.5348~7.0695;197000~257999;1
3980;*;*;33~40;5.535433071;1;369;127;*;197000~257999;1
3981;*;*;1~16;4.516050878;1.266807995;5105;3302;0.0000~3.5347;197000~257999;1
3982;*;*;25~32;6.337477798;1.04973357;1741;563;3.5348~7.0695;258000~318999;1
3983;*;*;25~32;7.064377682;1.038626609;697;233;3.5348~7.0695;380000~501999;1
3984;*;*;25~32;6.363395225;0.98938992;1062;377;3.5348~7.0695;197000~257999;1
3985;*;*;33~40;6.419148936;1.05106383;1423;470;*;197000~257999;1
3986;*;*;33~40;6.191869919;1.01300813;1784;615;*;258000~318999;1
3987;*;*;25~32;6.284069098;1.09596929;1424;521;3.5348~7.0695;197000~257999;1
3988;*;*;25~32;5.5;1.039877301;1016;326;3.5348~7.0695;197000~257999;1
3989;*;*;25~32;5.577464789;1.028169014;1346;497;3.5348~7.0695;197000~257999;1
3990;*;*;17~24;7.232981783;0.988494727;3221;1043;7.0696~10.6043;*;1
3991;*;*;33~40;6.418573351;1.059219381;2019;743;*;319000~379999;1
3992;*;*;25~32;7.663646659;1.022650057;2574;883;7.0696~10.6043;*;1
3993;*;*;33~40;7.217917676;1.06779661;1243;413;*;380000~440999;1
3994;*;*;33~40;6.058479532;0.929824561;908;342;*;319000~379999;1
3995;*;*;25~32;5.780238501;0.977853492;1471;587;3.5348~7.0695;319000~379999;1
3996;*;*;1~8;4.843890478;1.099713935;4404;2447;3.5348~7.0695;258000~501999;1
3997;*;*;17~24;4.7552;1076;2372;1250;3.5348~7.0695;319000~379999;1
3998;*;*;1~32;5.037162162;1.199324324;756;296;0.0000~3.5347;258000~501999;1
3999;*;*;33~40;6.29672447;1.036608863;1463;519;*;258000~318999;1
4000;*;*;33~40;7.194520548;1.04109589;2041;730;*;380000~440999;1
4001;*;*;25~32;7.164852255;1.020217729;1769;643;7.0696~10.6043;*;1
4002;*;*;25~32;7.84341637;1.016607355;2519;843;7.0696~10.6043;*;1
4003;*;*;25~32;4.691666667;1.005555556;705;360;3.5348~7.0695;258000~318999;1
4004;*;*;25~32;5.99599466;1.08811749;1696;749;3.5348~7.0695;319000~379999;1
4005;*;*;25~32;6.993589744;1.036858974;1550;624;3.5348~7.0695;319000~379999;1
4006;*;*;33~40;7.04622871;1.107055961;1116;411;*;319000~379999;1
4007;*;*;25~32;6.75959596;0.983838384;1296;495;7.0696~10.6043;*;1
4008;*;*;25~32;7.257692308;1.014102564;2493;780;7.0696~10.6043;*;1
4009;*;*;1~32;5.462184874;1.072829132;870;357;0.0000~3.5347;258000~501999;1
4010;*;*;17~24;6.759916493;1.129436326;2413;958;3.5348~7.0695;380000~501999;1
4011;*;*;33~40;5.73556231;1.09118541;761;329;*;258000~318999;1
4012;*;*;33~40;6.325367647;1.073529412;1283;544;*;258000~318999;1
4013;*;*;25~32;6.337559429;1.057052298;1628;631;3.5348~7.0695;319000~379999;1
4014;*;*;1~32;8.604754829;1.049034175;2059;673;10.6044~16.0000;*;1
4015;*;*;17~24;7.207476636;1.022429907;1422;535;7.0696~10.6043;*;1
4016;*;*;25~32;6.654605263;1.085526316;747;304;3.5348~7.0695;319000~379999;1
4017;*;*;25~32;6.575539568;1.070503597;1693;695;3.5348~7.0695;319000~379999;1
4018;*;*;17~24;8.986206897;1.068965517;450;145;7.0696~10.6043;*;1
4019;*;*;25~32;4.492690058;0.985380117;1486;684;3.5348~7.0695;258000~318999;1
4020;*;*;33~40;5.842592593;1.12654321;911;324;*;258000~318999;1
4021;*;*;25~32;4.278947368;1.097368421;1411;760;0.0000~3.5347;197000~257999;1
4022;*;*;41~48;4.871060172;1.088825215;930;349;*;197000~257999;1
4023;*;*;41~48;5.297709924;1.114503817;1047;393;*;197000~257999;1
4024;*;*;41~48;4.17357513;1.062176166;879;386;*;197000~257999;1
4025;*;*;17~24;4.770029674;1.047477745;2897;1348;3.5348~7.0695;197000~257999;1
4026;*;*;9~16;6.75;1.0875;386;160;3.5348~7.0695;258000~501999;1
4027;*;*;25~32;5.735238095;1.007619048;1287;525;3.5348~7.0695;258000~318999;1
4028;*;*;33~40;6.543165468;1.04676259;770;278;*;441000~501999;1
4029;*;*;17~24;3.957213385;1.093801426;4100;1823;0.0000~3.5347;136000~196999;1
4030;*;*;1~16;3.798310454;1.043294615;3687;1894;0.0000~3.5347;136000~196999;1
4031;*;*;33~40;6.589812332;1.160857909;1034;373;*;441000~501999;1
4032;*;*;1~32;3.897674419;1.036046512;1815;860;0.0000~3.5347;258000~501999;1
4033;*;*;33~40;7.762773723;1.083941606;761;274;*;441000~501999;1
4034;*;*;33~40;7.718346253;1.010335917;1244;387;*;441000~501999;1
4035;*;*;1~32;4.133444339;1.06018078;7450;4204;0.0000~3.5347;258000~501999;1
4036;*;*;33~40;6.190804598;1.098850575;1219;435;*;319000~379999;1
4037;*;*;25~32;4.738666667;1016;1623;750;3.5348~7.0695;258000~318999;1
4038;*;*;17~24;6.165837479;1.102819237;4076;1809;3.5348~7.0695;380000~501999;1
4039;*;*;25~32;7.693430657;1.127737226;769;274;7.0696~10.6043;*;1
4040;*;*;33~40;6.872164948;1.006185567;1171;485;*;441000~501999;1
4041;*;*;33~40;7094;1046;1187;500;*;380000~440999;1
4042;*;*;33~40;8.255319149;1.029255319;1111;376;*;441000~501999;1
4043;*;*;33~40;5.677419355;2.806451613;369;155;*;258000~318999;1
4044;*;*;33~40;7.79338843;0.991735537;1010;363;*;441000~501999;1
4045;*;*;1~32;8.406175772;1.047505938;1190;421;10.6044~16.0000;*;1
4046;*;*;1~32;8.321969697;0.823863636;1443;528;10.6044~16.0000;*;1
4047;*;*;1~32;7.703196347;1.03196347;2431;876;10.6044~16.0000;*;1
4048;*;*;25~32;8.046511628;1.053488372;2515;860;7.0696~10.6043;*;1
4049;*;*;25~32;8.043754972;1.030230708;3599;1257;7.0696~10.6043;*;1
4050;*;*;17~24;8.310671256;1.0232358;3585;1162;7.0696~10.6043;*;1
4051;*;*;1~32;4.188376754;1.139612558;2549;1497;0.0000~3.5347;258000~501999;1
4052;*;*;41~48;5.958525346;0.986175115;459;217;*;380000~501999;1
4053;*;*;25~32;4.915254237;1.130508475;1090;590;3.5348~7.0695;380000~501999;1
4054;*;*;1~32;4.356807512;0.997652582;795;426;0.0000~3.5347;258000~501999;1
4055;*;*;1~32;4.128205128;1.098793363;2352;1326;0.0000~3.5347;258000~501999;1
4056;*;*;41~48;7.083665339;1;641;251;*;380000~501999;1
4057;*;*;9~16;4.350393701;1.059055118;1669;1016;3.5348~7.0695;258000~501999;1
4058;*;*;33~40;4.784946237;1.025089606;539;279;*;258000~318999;1
4059;*;*;33~40;4.043731778;0.982507289;713;343;*;258000~318999;1
4060;*;*;17~24;4.072840791;1.060353798;3303;1922;3.5348~7.0695;258000~318999;1
4061;*;*;9~16;4.101503759;0.977443609;517;266;3.5348~7.0695;258000~501999;1
4062;*;*;17~24;5.147410359;1.061088977;1334;753;3.5348~7.0695;380000~501999;1
4063;*;*;33~40;5.339285714;1.071428571;598;280;*;258000~318999;1
4064;*;*;9~16;4.029850746;1.053555751;2195;1139;3.5348~7.0695;258000~501999;1
4065;*;*;1~8;4.854503464;1.133949192;2381;1299;3.5348~7.0695;258000~501999;1
4066;*;*;25~32;6.246732026;1.209150327;1449;612;3.5348~7.0695;380000~501999;1
4067;*;*;41~48;7.309090909;1.063636364;267;110;*;380000~501999;1
4068;*;*;25~32;5.981132075;1.011792453;990;424;3.5348~7.0695;380000~501999;1
4069;*;*;25~32;6.68;1.020952381;1427;525;3.5348~7.0695;380000~501999;1
4070;*;*;25~32;8.403967538;1.030658251;2980;1109;7.0696~10.6043;*;1
4071;*;*;33~40;6.990703851;1.023904382;1738;753;*;441000~501999;1
4072;*;*;33~40;7.580474934;1.10817942;850;379;*;441000~501999;1
4073;*;*;33~40;6.006589786;1.004942339;1390;607;*;441000~501999;1
4074;*;*;41~48;7.837962963;1.106481481;498;216;*;380000~501999;1
4075;*;*;33~40;6.606606607;1.043543544;1521;666;*;441000~501999;1
4076;*;*;33~40;6.520599251;1.026217228;588;267;*;441000~501999;1
4077;*;*;49~56;7.962085308;1.127962085;493;211;*;441000~501999;1
4078;*;*;41~48;5.44546851;1.072196621;1221;651;*;380000~501999;1
4079;*;*;33~40;4.382035928;1.102994012;1338;835;*;319000~379999;1
4080;*;*;1~32;3.752241239;1.074979625;2391;1227;0.0000~3.5347;258000~501999;1
4081;*;*;1~32;4.589877836;1.076788831;1071;573;0.0000~3.5347;258000~501999;1
4082;*;*;41~48;4.508604207;1.043977055;1065;523;*;319000~379999;1
4083;*;*;33~40;5.065630397;1.069084629;1115;579;*;319000~379999;1
4084;*;*;25~32;4.84423676;1.012461059;1212;642;3.5348~7.0695;380000~501999;1
4085;*;*;1~32;5.010928962;0.989071038;379;183;0.0000~3.5347;258000~501999;1
4086;*;*;17~24;4.137791287;1.075987842;1637;987;0.0000~3.5347;197000~257999;1
4087;*;*;1~32;4.587470449;1.074468085;1535;846;0.0000~3.5347;258000~501999;1
4088;*;*;33~40;4.63981588;0.998849252;1695;869;*;380000~440999;1
4089;*;*;41~48;5.396825397;1.03968254;268;126;*;319000~379999;1
4090;*;*;17~24;5.645645646;1.261261261;681;333;3.5348~7.0695;319000~379999;1
4091;*;*;25~32;5.169444444;1.194444444;736;360;3.5348~7.0695;319000~379999;1
4092;*;*;17~24;4.694915254;1.186440678;119;59;3.5348~7.0695;319000~379999;1
4093;*;*;41~48;9;1.5;20;6;*;319000~379999;1
4094;*;*;41~48;5.741007194;1.199040767;837;417;*;380000~501999;1
4095;*;*;41~48;5.196280992;1.053719008;967;484;*;319000~379999;1
4096;*;*;17~24;4.687951807;1.043373494;1568;830;3.5348~7.0695;319000~379999;1
4097;*;*;41~48;6.310077519;1.003875969;500;258;*;380000~501999;1
4098;*;*;25~32;4.3;0.990625;629;320;3.5348~7.0695;258000~318999;1
4099;*;*;1~8;3.105598866;1.105598866;2138;1411;3.5348~7.0695;197000~257999;1
4100;*;*;17~24;4.268738574;1.061243144;1914;1094;3.5348~7.0695;319000~379999;1
4101;*;*;41~48;5.59375;1.004464286;492;224;*;380000~501999;1
4102;*;*;17~24;5.2875;1.077083333;2021;960;3.5348~7.0695;258000~318999;1
4103;*;*;33~40;4.091047041;1.081942337;905;659;*;319000~379999;1
4104;*;*;33~40;5.791366906;1;511;278;*;380000~440999;1
4105;*;*;41~48;5.105015674;1.064263323;1237;638;*;380000~501999;1
4106;*;*;33~40;6.080530973;1.044247788;2216;1130;*;441000~501999;1
4107;*;*;1~32;3.939330544;1.071129707;774;478;0.0000~3.5347;258000~501999;1
4108;*;*;25~32;6.970731707;1.019512195;1498;615;7.0696~10.6043;*;1
4109;*;*;33~40;6.431154381;1.086230876;1572;719;*;441000~501999;1
4110;*;*;33~40;5.504201681;0.991596639;666;357;*;441000~501999;1
4111;*;*;25~32;7344;1.027555556;2712;1125;7.0696~10.6043;*;1
4112;*;*;49~56;6.420454545;1.064393939;595;264;*;380000~440999;1
4113;*;*;41~48;4.738636364;1.011363636;187;88;*;319000~379999;1
4114;*;*;33~40;5.984615385;1.1;258;130;*;441000~501999;1
4115;*;*;25~32;4.9875;1115;1417;800;3.5348~7.0695;380000~501999;1
4116;*;*;33~40;7.42248062;1.003875969;1292;516;*;441000~501999;1
4117;*;*;49~56;5.937984496;1.049095607;1203;387;*;258000~318999;1
4118;*;*;49~56;5.807531381;1.133891213;735;239;*;197000~257999;1
4119;*;*;49~56;6.129032258;1.041935484;1842;620;*;258000~318999;1
4120;*;*;41~48;5.234649123;1.070175439;1181;456;*;197000~257999;1
4121;*;*;33~40;6.148148148;1.01010101;793;297;*;258000~318999;1
4122;*;*;33~40;3.043956044;0.978021978;182;91;*;136000~196999;1
4123;*;*;49~56;5.678571429;1.099378882;1725;644;*;258000~318999;1
4124;*;*;33~40;5.493554328;0.968692449;1614;543;*;258000~318999;1
4125;*;*;49~56;5.358974359;1.194871795;1219;390;*;197000~257999;1
4126;*;*;41~48;4.343669251;1.051679587;1105;387;*;136000~196999;1
4127;*;*;25~32;3.244897959;1.068027211;1412;588;0.0000~3.5347;136000~196999;1
4128;*;*;49~56;5.23180593;1.018867925;1012;371;*;197000~257999;1
4129;*;*;41~48;5.070281124;1.050200803;1514;498;*;197000~257999;1
4130;*;*;49~56;4.6359447;1.055299539;1314;434;*;136000~196999;1
4131;*;*;49~56;4.646118721;1.047945205;2589;438;*;136000~196999;1
4132;*;*;49~56;4.324561404;1.071929825;1433;570;*;197000~257999;1
4133;*;*;41~48;4.330601093;1.147540984;949;366;*;136000~196999;1
4134;*;*;49~56;4.882716049;1.074074074;501;162;*;136000~196999;1
4135;*;*;49~56;4.92920354;1.050884956;1311;452;*;136000~196999;1
4136;*;*;49~56;3.819787986;1.098939929;904;283;*;136000~196999;1
4137;*;*;41~48;5.089171975;1.036093418;1569;471;*;136000~196999;1
4138;*;*;33~40;4.244628099;1.110743802;1696;605;*;136000~196999;1
4139;*;*;25~32;4.030534351;1.12519084;1795;655;0.0000~3.5347;136000~196999;1
4140;*;*;25~32;4.656551724;0.993103448;1990;725;3.5348~7.0695;197000~257999;1
4141;*;*;49~56;4.467576792;1.030716724;883;293;*;197000~257999;1
4142;*;*;49~56;4.165644172;0.809815951;483;163;*;136000~196999;1
4143;*;*;41~48;4.444253859;1.169811321;2366;583;*;136000~196999;1
4144;*;*;41~48;4.322695035;1.14893617;1036;282;*;136000~196999;1
4145;*;*;33~40;3.995768688;1.01551481;2148;709;*;136000~196999;1
4146;*;*;25~32;4.237735849;1.036477987;2032;795;3.5348~7.0695;136000~196999;1
4147;*;*;49~56;5.102787456;1.024390244;1931;574;*;136000~196999;1
4148;*;*;49~56;3.891625616;1.049261084;1462;406;*;136000~196999;1
4149;*;*;41~48;4.21192053;1.110375276;1557;453;*;136000~196999;1
4150;*;*;49~56;4.953271028;1.121495327;1127;321;*;136000~196999;1
4151;*;*;41~48;3.823293173;1.032128514;1666;498;*;136000~196999;1
4152;*;*;49~56;3.603878116;1.077562327;1189;361;*;136000~196999;1
4153;*;*;49~56;3.64516129;0.930107527;791;186;*;136000~196999;1
4154;*;*;41~48;3.684793555;1.075528701;4153;993;*;136000~196999;1
4155;*;*;49~56;3.960416667;1.09375;1856;480;*;136000~196999;1
4156;*;*;41~48;3.845208845;0.977886978;1500;407;*;136000~196999;1
4157;*;*;41~48;4.166051661;1.008610086;2833;813;*;136000~196999;1
4158;*;*;33~40;4.019047619;1.104761905;1032;315;*;136000~196999;1
4159;*;*;33~40;3.717231222;1.103092784;2487;679;*;136000~196999;1
4160;*;*;33~40;5.110738255;1.312080537;753;298;*;136000~196999;1
4161;*;*;41~48;3.912790698;1.156976744;1204;344;*;136000~196999;1
4162;*;*;33~40;3.596273292;0.959627329;1051;322;*;136000~196999;1
4163;*;*;25~32;3.748283753;1.04576659;1155;437;0.0000~3.5347;136000~196999;1
4164;*;*;41~48;4.171957672;1.002645503;1317;378;*;136000~196999;1
4165;*;*;33~40;2882;1068;1809;500;*;136000~196999;1
4166;*;*;33~40;3.743119266;1.121100917;1698;545;*;136000~196999;1
4167;*;*;25~32;3.132416165;1.029234738;4336;1163;0.0000~3.5347;136000~196999;1
4168;*;*;25~32;5.176360225;0.936210131;1661;533;3.5348~7.0695;197000~257999;1
4169;*;*;33~40;5.103030303;0.957575758;795;330;*;197000~257999;1
4170;*;*;41~48;4.590415913;1.149186257;3348;1106;*;136000~196999;1
4171;*;*;33~40;5.239528796;1.031413613;2785;764;*;197000~257999;1
4172;*;*;33~40;4.589519651;1.087336245;799;229;*;136000~196999;1
4173;*;*;41~48;4.49005425;1.061482821;2121;553;*;136000~196999;1
4174;*;*;33~40;3.738317757;0.996261682;1234;535;*;197000~257999;1
4175;*;*;33~40;4.345549738;1.078534031;1678;382;*;136000~196999;1
4176;*;*;33~40;5.597058824;1.135294118;1187;340;*;136000~196999;1
4177;*;*;41~48;3.252403846;0.911057692;1536;416;*;136000~196999;1
4178;*;*;41~48;3.81655481;1.091722595;1941;447;*;136000~196999;1
4179;*;*;33~40;3.480487805;1.012195122;1835;410;*;136000~196999;1
4180;*;*;41~48;4.411522634;1.131687243;996;243;*;136000~196999;1
4181;*;*;41~48;2.720496894;1.248447205;690;161;*;136000~196999;1
4182;*;*;41~48;4.335820896;0.876865672;781;268;*;197000~257999;1
4183;*;*;41~48;5.625954198;1.267175573;462;131;*;197000~257999;1
4184;*;*;33~40;5.37964775;1.135029354;1375;511;*;197000~257999;1
4185;*;*;33~40;4.2;1.027586207;407;145;*;136000~196999;1
4186;*;*;41~48;4.448979592;1.479591837;835;294;*;197000~257999;1
4187;*;*;33~40;4.314148681;1.021582734;1088;417;*;197000~257999;1
4188;*;*;25~32;3.50955414;1.088110403;2670;942;0.0000~3.5347;136000~196999;1
4189;*;*;33~40;4.701456311;1.065533981;1523;412;*;136000~196999;1
4190;*;*;33~40;5.079646018;0.936283186;1371;565;*;197000~257999;1
4191;*;*;33~40;5.090196078;0.949019608;750;255;*;197000~257999;1
4192;*;*;25~32;3.789215686;1.139705882;974;408;0.0000~3.5347;136000~196999;1
4193;*;*;41~48;4.043333333;1.003333333;801;300;*;197000~257999;1
4194;*;*;25~32;4.371607516;1.025052192;1413;479;3.5348~7.0695;197000~257999;1
4195;*;*;25~32;5.345549738;1;495;191;3.5348~7.0695;197000~257999;1
4196;*;*;33~40;4.650224215;1.088565022;3220;892;*;136000~196999;1
4197;*;*;1~16;3.881818182;1.266666667;1584;330;0.0000~3.5347;136000~196999;1
4198;*;*;25~32;3.796078431;1.166013072;3320;765;0.0000~3.5347;136000~196999;1
4199;*;*;33~40;2.285714286;0.742857143;125;35;*;136000~196999;1
4200;*;*;49~56;5.025821596;1.058685446;1777;426;*;136000~196999;1
4201;*;*;33~40;3.447447447;1.045045045;1161;333;*;136000~196999;1
4202;*;*;33~40;4.310231023;1.066006601;2496;606;*;136000~196999;1
4203;*;*;41~48;4.34762634;1.068912711;1768;653;*;197000~257999;1
4204;*;*;41~48;4.339960239;1.013916501;1445;503;*;197000~257999;1
4205;*;*;41~48;4.106813996;1.073664825;1667;543;*;197000~257999;1
4206;*;*;41~48;3.666666667;1.047854785;1817;606;*;197000~257999;1
4207;*;*;33~40;4.031339031;1.051282051;1467;351;*;136000~196999;1
4208;*;*;41~48;3.530092593;1.055555556;1688;432;*;136000~196999;1
4209;*;*;49~56;3125;1.05;99;40;*;136000~196999;1
4210;*;*;41~48;4.152777778;1.020833333;312;144;*;136000~196999;1
4211;*;*;41~48;4.781321185;1.088838269;1935;878;*;258000~318999;1
4212;*;*;49~56;5.194029851;1.2;749;335;*;258000~318999;1
4213;*;*;25~32;3.658252427;1.175728155;2320;1030;0.0000~3.5347;197000~257999;1
4214;*;*;41~48;3.289473684;0.858851675;1512;418;*;197000~257999;1
4215;*;*;41~48;3.877403846;0.951923077;966;416;*;197000~257999;1
4216;*;*;33~40;3.769547325;1.109053498;934;486;*;258000~318999;1
4217;*;*;33~40;5.127345845;1.227882038;1378;746;*;319000~379999;1
4218;*;*;33~40;4.051865332;1.051865332;1830;1099;*;441000~501999;1
4219;*;*;41~48;4.840361446;0.996987952;633;332;*;380000~501999;1
4220;*;*;49~56;7.074183976;0.925816024;836;337;*;441000~501999;1
4221;*;*;49~56;4.071278826;0.997903564;1375;477;*;197000~257999;1
4222;*;*;49~56;4.721649485;1.072164948;1278;485;*;197000~257999;1
4223;*;*;49~56;4.884892086;1.055155875;1089;417;*;197000~257999;1
4224;*;*;25~32;4.782758621;0.982758621;1076;580;3.5348~7.0695;380000~501999;1
4225;*;*;33~40;4.007473842;1.101644245;1144;669;*;258000~318999;1
4226;*;*;33~40;4.081784387;1.081784387;1165;538;*;197000~257999;1
4227;*;*;41~48;3.988344988;1.032634033;1190;429;*;258000~318999;1
4228;*;*;1~32;3.584869059;1.091173618;1685;1031;0.0000~3.5347;258000~501999;1
4229;*;*;49~56;7.5;0.997368421;1113;380;*;441000~501999;1
4230;*;*;41~48;5.045296167;1.027874564;681;287;*;380000~501999;1
4231;*;*;49~56;5.174917492;1.113861386;1213;606;*;380000~440999;1
4232;*;*;33~40;2.830843116;1.056563501;3895;1874;*;258000~318999;1
4233;*;*;25~32;7.718446602;1.058252427;568;206;7.0696~10.6043;*;1
4234;*;*;49~56;8.244725738;1.033755274;645;237;*;441000~501999;1
4235;*;*;49~56;6.399317406;1.034129693;735;293;*;380000~440999;1
4236;*;*;33~40;7.266791045;1.046641791;1271;536;*;441000~501999;1
4237;*;*;33~40;6.816425121;1.070048309;907;414;*;441000~501999;1
4238;*;*;49~56;4.3550447;1.021711367;1218;783;*;380000~440999;1
4239;*;*;41~48;5.107883817;1.126556017;857;482;*;380000~501999;1
4240;*;*;33~40;3.974458204;1.122291022;2404;1292;*;380000~440999;1
4241;*;*;41~48;3.201145311;1.13027917;2796;1397;*;380000~501999;1
4242;*;*;33~40;3.516096579;1.106639839;1939;994;*;380000~440999;1
4243;*;*;41~48;3.472885033;1.006507592;784;461;*;319000~379999;1
4244;*;*;33~40;5.098468271;0.949671772;846;457;*;380000~440999;1
4245;*;*;33~40;7.03030303;1.034090909;540;264;*;441000~501999;1
4246;*;*;17~24;4.831632653;1.06122449;769;392;3.5348~7.0695;380000~501999;1
4247;*;*;41~48;5.792682927;1.017073171;751;410;*;380000~501999;1
4248;*;*;17~24;4.596984925;1.430150754;1624;995;3.5348~7.0695;380000~501999;1
4249;*;*;33~40;4.841129744;1.096204766;2034;1133;*;441000~501999;1
4250;*;*;1~32;4.253475936;1.122994652;1720;935;0.0000~3.5347;258000~501999;1
4251;*;*;49~56;4.743589744;1.029304029;578;273;*;380000~440999;1
4252;*;*;49~56;4.765217391;1.073913043;423;230;*;441000~501999;1
4253;*;*;17~24;3.274008811;1.230396476;3596;2270;0.0000~3.5347;197000~257999;1
4254;*;*;1~32;2.989795918;1.059183673;1648;980;0.0000~3.5347;258000~501999;1
4255;*;*;17~24;3.714479026;1.058186739;1161;739;3.5348~7.0695;380000~501999;1
4256;*;*;17~24;3.681899642;1.165770609;2103;1116;0.0000~3.5347;197000~257999;1
4257;*;*;17~24;3.120797721;1.027350427;2863;1755;0.0000~3.5347;197000~257999;1
4258;*;*;49~56;2.813813814;1.045045045;527;333;*;441000~501999;1
4259;*;*;1~32;2.524110672;1.147826087;2039;1265;0.0000~3.5347;258000~501999;1
4260;*;*;1~32;2.970238095;1.177083333;1215;672;0.0000~3.5347;258000~501999;1
4261;*;*;25~32;3.25;1.099415205;1271;684;0.0000~3.5347;197000~257999;1
4262;*;*;25~32;2.488481429;1.149976493;4123;2127;0.0000~3.5347;136000~196999;1
4263;*;*;41~48;1.911826452;1.151854444;3049;1429;*;319000~379999;1
4264;*;*;33~40;2.457593688;1.064102564;4828;2028;*;319000~379999;1
4265;*;*;1~32;2.837096774;1.15483871;1463;620;0.0000~3.5347;258000~501999;1
4266;*;*;33~40;2.714698447;1.069339112;5899;2769;*;319000~379999;1
4267;*;*;1~32;2.435483871;1.063895782;4865;1612;0.0000~3.5347;258000~501999;1
4268;*;*;33~40;2.570786517;1.160674157;3030;890;*;197000~257999;1
4269;*;*;33~40;2.51147541;1.137704918;918;305;*;319000~379999;1
4270;*;*;41~48;2.310559006;1.084886128;1610;483;*;197000~257999;1
4271;*;*;41~48;3.130932897;1.139116203;1552;611;*;197000~257999;1
4272;*;*;41~48;2.507763975;1.139751553;1460;644;*;136000~196999;1
4273;*;*;33~40;2.283471837;1.081255771;2655;1083;*;136000~196999;1
4274;*;*;25~32;2.899827288;1.177892919;1445;579;0.0000~3.5347;197000~257999;1
4275;*;*;25~32;2.633093525;1.035971223;691;278;0.0000~3.5347;197000~257999;1
4276;*;*;33~40;2.97761194;1.052238806;482;134;0.0000~3.5347;14000~74999;1
4277;*;*;33~40;2.664516129;1.082580645;2626;775;*;197000~257999;1
4278;*;*;25~32;2.716981132;1.00754717;891;265;0.0000~3.5347;75000~135999;1
4279;*;*;33~40;2.477564103;1.394230769;835;312;*;136000~196999;1
4280;*;*;25~32;3.043243243;1.032432432;626;185;0.0000~3.5347;197000~257999;1
4281;*;*;25~32;1875;875;332;112;0.0000~3.5347;136000~196999;1
4282;*;*;33~40;2.614533965;1.090047393;1957;633;*;197000~257999;1
4283;*;*;33~40;2.263399694;1.033690658;1976;653;*;197000~257999;1
4284;*;*;25~32;2.740088106;1.008810573;597;227;0.0000~3.5347;197000~257999;1
4285;*;*;25~32;2.623205742;1.15430622;2197;836;0.0000~3.5347;136000~196999;1
4286;*;*;49~56;2.879120879;0.989010989;756;273;*;197000~257999;1
4287;*;*;25~32;2.898637138;1.16439523;3432;1174;0.0000~3.5347;136000~196999;1
4288;*;*;33~40;2.500408831;0.993458708;3953;1223;*;197000~257999;1
4289;*;*;33~40;2.186111111;1.166666667;1506;360;*;197000~257999;1
4290;*;*;33~40;2.423212192;1.071512309;2717;853;*;197000~257999;1
4291;*;*;33~40;2.722288439;1.071513707;1964;839;*;197000~257999;1
4292;*;*;33~40;2.66013712;1.091087169;2991;1021;*;136000~196999;1
4293;*;*;33~40;2.515641855;1.071197411;3155;927;*;197000~257999;1
4294;*;*;33~40;2.302919708;1.087591241;744;274;*;136000~196999;1
4295;*;*;25~32;3.031123139;1.071718539;2254;739;0.0000~3.5347;136000~196999;1
4296;*;*;33~40;4.072164948;1.417525773;664;194;*;136000~196999;1
4297;*;*;41~48;2.578175896;1.071661238;1941;614;*;197000~257999;1
4298;*;*;25~32;2.61641541;1.085427136;1974;597;0.0000~3.5347;75000~135999;1
4299;*;*;33~40;2.410087719;1.094298246;3441;912;*;136000~196999;1
4300;*;*;33~40;2.603174603;1.107142857;3548;1008;*;197000~257999;1
4301;*;*;33~40;2.225165563;1.145695364;586;151;*;258000~318999;1
4302;*;*;49~56;3.603399433;0.912181303;984;353;*;258000~318999;1
4303;*;*;25~32;2.944646098;1.079854809;3906;1102;0.0000~3.5347;197000~257999;1
4304;*;*;25~32;2.720417633;0.988399072;2860;862;0.0000~3.5347;197000~257999;1
4305;*;*;25~32;3.467716535;1.061417323;2178;635;0.0000~3.5347;197000~257999;1
4306;*;*;33~40;3.653120464;1.222060958;2446;689;*;136000~196999;1
4307;*;*;25~32;2.773882559;1.106923751;3678;1141;0.0000~3.5347;197000~257999;1
4308;*;*;41~48;2.399753998;1.040590406;2500;813;*;197000~257999;1
4309;*;*;41~48;3.672176309;0.599173554;2297;726;*;197000~257999;1
4310;*;*;25~32;2.284493284;0.935286935;2595;819;0.0000~3.5347;197000~257999;1
4311;*;*;25~32;2.847968545;1.073394495;2548;763;0.0000~3.5347;197000~257999;1
4312;*;*;33~40;4.739130435;1.347826087;416;138;*;197000~257999;1
4313;*;*;33~40;4.417322835;1.417322835;340;127;*;136000~196999;1
4314;*;*;33~40;3.697416974;1.267527675;1514;542;*;197000~257999;1
4315;*;*;1~16;3.479112272;1.245430809;1733;766;0.0000~3.5347;197000~257999;1
4316;*;*;1~16;3.605231867;1.187871581;1691;841;0.0000~3.5347;197000~257999;1
4317;*;*;49~56;4.11058264;1.015457788;1584;841;*;319000~379999;1
4318;*;*;49~56;3.714592275;1.077253219;849;466;*;319000~379999;1
4319;*;*;49~56;8.033707865;1.04494382;547;178;*;441000~501999;1
4320;*;*;41~48;3.765690377;1.142259414;921;478;*;258000~318999;1
4321;*;*;49~56;4.916666667;0.980392157;514;204;*;380000~440999;1
4322;*;*;49~56;5568;1.034666667;908;375;*;319000~379999;1
4323;*;*;41~48;3.652892562;1.062809917;1228;605;*;258000~318999;1
4324;*;*;49~56;4.816901408;0.985915493;727;355;*;319000~379999;1
4325;*;*;49~56;4.356984479;1.064301552;794;451;*;258000~318999;1
4326;*;*;49~56;4.637450199;1.023904382;575;251;*;380000~440999;1
4327;*;*;49~56;4.047835991;1.034168565;671;439;*;441000~501999;1
4328;*;*;49~56;3.856774194;1.073548387;1345;775;*;441000~501999;1
4329;*;*;25~32;3.286052009;1.080378251;1460;423;0.0000~3.5347;197000~257999;1
4330;*;*;1~32;3.159722222;1.143055556;2189;720;0.0000~3.5347;258000~501999;1
4331;*;*;41~48;3.881904762;1.017142857;1250;525;*;319000~379999;1
4332;*;*;17~24;3.206666667;1.157777778;1264;450;0.0000~3.5347;197000~257999;1
4333;*;*;49~56;3.828282828;1.023569024;754;297;*;319000~379999;1
4334;*;*;49~56;5.460829493;1.089861751;1053;434;*;380000~440999;1
4335;*;*;33~40;2.578350515;1.079381443;3326;970;*;197000~257999;1
4336;*;*;33~40;2.835555556;1.117777778;1502;450;*;197000~257999;1
4337;*;*;25~32;2.922779923;0.984555985;1603;518;0.0000~3.5347;197000~257999;1
4338;*;*;25~32;3.237424547;1.07444668;1868;497;0.0000~3.5347;197000~257999;1
4339;*;*;33~40;2.817647059;1.070588235;557;170;*;197000~257999;1
4340;*;*;17~24;2.172494172;1.092074592;2795;858;0.0000~3.5347;197000~257999;1
4341;*;*;33~40;2.794275492;1.164579606;1774;559;*;197000~257999;1
4342;*;*;1~32;2.80155642;1.034046693;3646;1028;0.0000~3.5347;258000~501999;1
4343;*;*;25~32;3.222804718;1.078636959;2635;763;0.0000~3.5347;136000~196999;1
4344;*;*;33~40;2.714285714;0.928571429;445;140;*;136000~196999;1
4345;*;*;33~40;7.21483376;1.020460358;843;391;*;441000~501999;1
4346;*;*;25~32;6.174050633;0.965189873;1468;632;7.0696~10.6043;*;1
4347;*;*;33~40;4.985333333;1.118666667;2701;1500;*;441000~501999;1
4348;*;*;33~40;6.364516129;1.120967742;1361;620;*;441000~501999;1
4349;*;*;33~40;5.487341772;1.103375527;870;474;*;380000~440999;1
4350;*;*;41~48;5.765935214;1.022988506;1863;957;*;380000~501999;1
4351;*;*;33~40;3.977181208;1.124832215;1129;745;*;441000~501999;1
4352;*;*;33~40;8.659574468;1.425531915;100;47;*;441000~501999;1
4353;*;*;33~40;7.234285714;1.116190476;975;525;*;441000~501999;1
4354;*;*;25~32;7.170454545;1.0875;1776;880;7.0696~10.6043;*;1
4355;*;*;41~48;5.84;1008;230;125;*;380000~501999;1
4356;*;*;33~40;3.740034662;1.008665511;1061;577;*;319000~379999;1
4357;*;*;33~40;4.076015727;1.001310616;1557;763;*;319000~379999;1
4358;*;*;49~56;4.532307692;1.069230769;1258;650;*;319000~379999;1
4359;*;*;1~32;3.68627451;1.149509804;1224;816;0.0000~3.5347;258000~501999;1
4360;*;*;1~32;3.91436865;1.02467344;1059;689;0.0000~3.5347;258000~501999;1
4361;*;*;41~48;4.824175824;1.061538462;1265;455;*;380000~501999;1
4362;*;*;49~56;5.794466403;1.003952569;600;253;*;380000~440999;1
4363;*;*;49~56;5.79342723;1.046948357;543;213;*;380000~440999;1
4364;*;*;41~48;4.557726465;1.014209591;1421;563;*;258000~318999;1
4365;*;*;49~56;6.298076923;1.264423077;689;208;*;319000~379999;1
4366;*;*;49~56;6.174509804;1.017647059;1082;510;*;380000~440999;1
4367;*;*;41~48;5.274398868;1.046676096;1364;707;*;380000~501999;1
4368;*;*;41~48;4.017475728;1.097087379;1859;1030;*;258000~318999;1
4369;*;*;41~48;5.427230047;0.953051643;514;213;*;319000~379999;1
4370;*;*;49~56;6.13253012;1.048192771;775;332;*;380000~440999;1
4371;*;*;49~56;4.646907216;1.12628866;787;388;*;319000~379999;1
4372;*;*;41~48;4.811287478;1.031746032;1227;567;*;319000~379999;1
4373;*;*;49~56;5.055023923;0.95215311;793;418;*;258000~318999;1
4374;*;*;49~56;4.034246575;1.066210046;1066;438;*;197000~257999;1
4375;*;*;41~48;3.425531915;1.046808511;633;235;*;197000~257999;1
4376;*;*;49~56;3.57160804;1.105527638;2004;796;*;197000~257999;1
4377;*;*;41~48;5.339160839;1.031468531;589;286;*;319000~379999;1
4378;*;*;49~56;4.542253521;1.074647887;1559;710;*;258000~318999;1
4379;*;*;49~56;3.807370184;1.110552764;1480;597;*;136000~196999;1
4380;*;*;49~56;4.739307536;1.130346232;1048;491;*;197000~257999;1
4381;*;*;49~56;4.600600601;1.099099099;669;333;*;258000~318999;1
4382;*;*;33~40;4.445431472;1.057106599;2652;788;*;197000~257999;1
4383;*;*;49~56;5.368159204;1.104477612;439;201;*;197000~257999;1
4384;*;*;41~48;4.234610918;1.059233449;1783;861;*;197000~257999;1
4385;*;*;49~56;3.784615385;1.061538462;994;260;*;136000~196999;1
4386;*;*;41~48;3.845730028;0.991735537;1069;363;*;197000~257999;1
4387;*;*;41~48;3.75;0.992063492;910;252;*;136000~196999;1
4388;*;*;33~40;3875;1.233108108;1016;296;*;197000~257999;1
4389;*;*;33~40;3.014379085;1.062745098;2823;765;*;136000~196999;1
4390;*;*;25~32;2.866336634;0.910891089;673;202;0.0000~3.5347;136000~196999;1
4391;*;*;25~32;2.819905213;1.030805687;1795;422;0.0000~3.5347;136000~196999;1
4392;*;*;33~40;2.859848485;1.011363636;2899;792;*;136000~196999;1
4393;*;*;41~48;3.694103194;1.049140049;2587;814;*;136000~196999;1
4394;*;*;41~48;2.680107527;1.005376344;982;372;*;197000~257999;1
4395;*;*;49~56;3.304289544;1.036193029;2328;746;*;197000~257999;1
4396;*;*;41~48;3.942622951;1.036885246;658;244;*;136000~196999;1
4397;*;*;33~40;2.822222222;1.235555556;1692;450;*;136000~196999;1
4398;*;*;41~48;3.677272727;1.186363636;1454;440;*;136000~196999;1
4399;*;*;49~56;3.607883817;0.962655602;938;482;*;197000~257999;1
4400;*;*;33~40;3.865525672;1.095354523;1934;818;*;197000~257999;1
4401;*;*;33~40;3.196078431;1.064705882;1568;510;*;136000~196999;1
4402;*;*;49~56;3.793855302;1.186323092;2862;1009;*;197000~257999;1
4403;*;*;33~40;3;0.988764045;1586;445;*;136000~196999;1
4404;*;*;33~40;4.438596491;1.043859649;397;114;*;136000~196999;1
4405;*;*;49~56;4.541666667;0.833333333;86;24;*;136000~196999;1
4406;*;*;49~56;5.708333333;1.083333333;65;24;*;136000~196999;1
4407;*;*;41~48;3.670940171;1.021367521;913;234;*;136000~196999;1
4408;*;*;49~56;3.809302326;1.060465116;1500;430;*;136000~196999;1
4409;*;*;41~48;3.961451247;1.097505669;1680;441;*;136000~196999;1
4410;*;*;49~56;4.90430622;1.026315789;957;418;*;197000~257999;1
4411;*;*;49~56;6.117647059;1.176470588;32;17;*;197000~257999;1
4412;*;*;41~48;3.810160428;1.171122995;1121;374;*;197000~257999;1
4413;*;*;41~48;3.222054381;1.040785498;2104;662;*;136000~196999;1
4414;*;*;41~48;3.104404568;1.03588907;1919;613;*;136000~196999;1
4415;*;*;49~56;4.474820144;1.127098321;1211;417;*;136000~196999;1
4416;*;*;49~56;2.653333333;0.977777778;2183;675;*;136000~196999;1
4417;*;*;41~48;3.903052065;1.12567325;1992;557;*;136000~196999;1
4418;*;*;49~56;4.607038123;1.12170088;1728;682;*;136000~196999;1
4419;*;*;41~48;2.809343434;1.044191919;2699;792;*;136000~196999;1
4420;*;*;41~48;3.612654321;1.084876543;2371;648;*;136000~196999;1
4421;*;*;49~56;4.391534392;1.058201058;701;189;*;197000~257999;1
4422;*;*;41~48;3.784926471;1.136029412;2033;544;*;197000~257999;1
4423;*;*;41~48;2.496732026;1.052287582;1275;306;*;136000~196999;1
4424;*;*;17~24;1.64;0.68;87;25;0.0000~3.5347;197000~257999;1
4425;*;*;25~32;2.719512195;0.975609756;249;82;0.0000~3.5347;136000~196999;1
4426;*;*;17~24;3.341368585;1.104199067;4332;1286;0.0000~3.5347;136000~196999;1
4427;*;*;9~16;3.298165138;1.032110092;801;218;0.0000~3.5347;75000~135999;1
4428;*;*;33~40;4.11026616;1.072243346;970;263;*;136000~196999;1
4429;*;*;25~32;3.007633588;0.893129771;573;131;0.0000~3.5347;136000~196999;1
4430;*;*;33~40;3.397614314;1.117296223;2105;503;*;136000~196999;1
4431;*;*;33~40;4.718631179;1.133079848;1055;263;0.0000~3.5347;75000~135999;1
4432;*;*;49~56;4.024390244;0.942073171;1405;328;*;14000~135999;1
4433;*;*;17~24;3.686648501;1.035422343;1688;367;0.0000~3.5347;136000~196999;1
4434;*;*;33~40;3.53;1102;2203;500;*;136000~196999;1
4435;*;*;33~40;3.297658863;1.20735786;1347;299;0.0000~3.5347;75000~135999;1
4436;*;*;25~32;3.209476309;1.006234414;3163;802;0.0000~3.5347;136000~196999;1
4437;*;*;33~40;4.216931217;1.137566138;1668;378;*;136000~196999;1
4438;*;*;41~48;4.261792453;1.011792453;1699;424;0.0000~3.5347;75000~135999;1
4439;*;*;33~40;5.096774194;1.049627792;1205;403;*;197000~257999;1
4440;*;*;49~56;4.806282723;1.057591623;3062;764;*;136000~196999;1
4441;*;*;33~40;3.730434783;1.023188406;1171;345;*;136000~196999;1
4442;*;*;33~40;3.992327366;1.138107417;1780;391;*;136000~196999;1
4443;*;*;33~40;3.600790514;0.984189723;1961;506;*;136000~196999;1
4444;*;*;33~40;3.020080321;0.957831325;2059;498;*;136000~196999;1
4445;*;*;33~40;3.424489796;1.020408163;1079;245;*;136000~196999;1
4446;*;*;25~32;3.930656934;1.094890511;1198;274;0.0000~3.5347;136000~196999;1
4447;*;*;49~56;4.031890661;0.990888383;1848;439;*;136000~196999;1
4448;*;*;41~48;3.628032345;1.032345013;1452;371;*;136000~196999;1
4449;*;*;25~32;3.735218509;1.038560411;1486;389;0.0000~3.5347;136000~196999;1
4450;*;*;41~48;2.792569659;0.984520124;1312;323;*;136000~196999;1
4451;*;*;25~32;3.751269036;1.04822335;1580;394;0.0000~3.5347;136000~196999;1
4452;*;*;33~40;4.1675;1.15;2881;800;*;136000~196999;1
4453;*;*;41~48;4.183028286;0.990016639;2484;601;*;136000~196999;1
4454;*;*;33~40;3.25;0.967391304;318;92;*;136000~196999;1
4455;*;*;41~48;4.672535211;0.954225352;1069;284;*;136000~196999;1
4456;*;*;33~40;4.071216617;1.050445104;2747;674;*;136000~196999;1
4457;*;*;41~48;4.395833333;1.109375;1605;384;*;136000~196999;1
4458;*;*;41~48;3.891992551;0.986964618;2043;537;*;136000~196999;1
4459;*;*;9~16;5.16802168;1.078590786;921;369;3.5348~7.0695;197000~257999;1
4460;*;*;9~16;4.708737864;1.080097087;763;412;3.5348~7.0695;136000~196999;1
4461;*;*;1~8;4.383015598;1.194107452;1215;577;3.5348~7.0695;136000~196999;1
4462;*;*;1~8;4.74893617;1.136170213;435;235;3.5348~7.0695;197000~257999;1
4463;*;*;33~40;4.054644809;1.096539162;2230;549;0.0000~3.5347;75000~135999;1
4464;*;*;33~40;4.155080214;1.018716578;1487;374;*;136000~196999;1
4465;*;*;33~40;4.561538462;1.023076923;2128;650;*;136000~196999;1
4466;*;*;41~48;4.468390805;0.968390805;1152;348;*;136000~196999;1
4467;*;*;41~48;4.94017094;1.037037037;1133;351;*;136000~196999;1
4468;*;*;33~40;4.378612717;1.199421965;1345;346;*;136000~196999;1
4469;*;*;49~56;4.708708709;0.906906907;1093;333;*;136000~196999;1
4470;*;*;33~40;3.930769231;1.021794872;3097;780;*;136000~196999;1
4471;*;*;33~40;3.665825977;1.005044136;3212;793;*;136000~196999;1
4472;*;*;25~32;4.560553633;1.076124567;1164;289;0.0000~3.5347;75000~135999;1
4473;*;*;33~40;3.631299735;1.082228117;1475;377;*;136000~196999;1
4474;*;*;41~48;4.326704545;1.073863636;1338;352;*;136000~196999;1
4475;*;*;33~40;4.396648045;1.011173184;731;179;*;136000~196999;1
4476;*;*;33~40;3.73245614;1.013157895;936;228;*;136000~196999;1
4477;*;*;25~32;4.212560386;1.014492754;2218;621;0.0000~3.5347;136000~196999;1
4478;*;*;17~24;4.60385439;1.164882227;1510;467;0.0000~3.5347;136000~196999;1
4479;*;*;33~48;4.94;1.1;925;50;3.5348~7.0695;14000~135999;1
4480;*;*;33~40;4.79253112;0.933609959;814;241;*;136000~196999;1
4481;*;*;25~32;3.509532062;0.979202773;2189;577;0.0000~3.5347;136000~196999;1
4482;*;*;25~32;3.404907975;0.975460123;748;163;0.0000~3.5347;136000~196999;1
4483;*;*;41~48;3.912457912;1.107744108;3020;594;0.0000~3.5347;75000~135999;1
4484;*;*;41~48;3.431818182;0.901515152;533;132;0.0000~3.5347;75000~135999;1
4485;*;*;33~40;3.504451039;0.994065282;1441;337;0.0000~3.5347;75000~135999;1
4486;*;*;1~16;4.379310345;1.172413793;728;174;0.0000~3.5347;136000~196999;1
4487;*;*;41~48;3.445901639;0.990163934;1435;305;0.0000~3.5347;75000~135999;1
4488;*;*;33~40;3.964391691;1.00148368;2883;674;*;136000~196999;1
4489;*;*;33~40;5.453125;1.234375;276;64;0.0000~3.5347;75000~135999;1
4490;*;*;41~48;3.73255814;1.174418605;401;86;0.0000~3.5347;75000~135999;1
4491;*;*;25~32;3.429530201;1.026845638;1152;149;0.0000~3.5347;136000~196999;1
4492;*;*;49~56;4.8;0.6;41;10;*;14000~135999;1
4493;*;*;33~40;2.79954955;1.058558559;1668;444;*;136000~196999;1
4494;*;*;49~56;3.821138211;0.93495935;434;123;*;14000~135999;1
4495;*;*;33~40;3.204142012;1.076923077;1132;338;*;136000~196999;1
4496;*;*;33~40;3.837931034;1.5;928;290;*;136000~196999;1
4497;*;*;41~48;3.276497696;1.101382488;1640;434;*;136000~196999;1
4498;*;*;25~32;3.156779661;1.093220339;694;236;0.0000~3.5347;75000~135999;1
4499;*;*;25~32;3.785964912;1.073684211;1358;285;0.0000~3.5347;75000~135999;1
4500;*;*;25~32;2.753623188;1.034782609;1485;345;0.0000~3.5347;136000~196999;1
4501;*;*;41~48;3.4336;0.9712;2868;625;*;136000~196999;1
4502;*;*;41~48;3.844884488;1.04620462;1279;303;*;136000~196999;1
4503;*;*;33~40;3.570093458;1.00623053;1354;321;0.0000~3.5347;75000~135999;1
4504;*;*;33~40;3.963369963;1.164835165;1085;273;0.0000~3.5347;75000~135999;1
4505;*;*;41~48;2.931153184;1.008605852;2490;581;*;136000~196999;1
4506;*;*;41~48;3.115479115;0.977886978;1887;407;*;136000~196999;1
4507;*;*;41~48;3.772200772;1.027027027;1084;259;0.0000~3.5347;75000~135999;1
4508;*;*;41~48;4.481632653;1.07755102;1178;245;0.0000~3.5347;75000~135999;1
4509;*;*;49~56;3.654545455;1.041558442;1526;385;*;14000~135999;1
4510;*;*;41~48;4.029288703;0.979079498;1194;239;0.0000~3.5347;75000~135999;1
4511;*;*;33~40;3.896797153;1.085409253;1322;281;*;136000~196999;1
4512;*;*;49~56;4.228915663;0.987951807;1036;249;*;136000~196999;1
4513;*;*;49~56;5.121212121;1.064935065;851;231;*;136000~196999;1
4514;*;*;49~56;4.205387205;1.033670034;1223;297;*;136000~196999;1
4515;*;*;33~48;4.997361478;1.07651715;1629;379;3.5348~7.0695;14000~135999;1
4516;*;*;49~56;3.941573034;1.015730337;1849;445;*;14000~135999;1
4517;*;*;41~48;3.750670241;1.034852547;1419;373;*;136000~196999;1
4518;*;*;33~40;3.39958159;1.025104603;2003;478;*;136000~196999;1
4519;*;*;41~48;3.07184466;1.05631068;1998;515;0.0000~3.5347;75000~135999;1
4520;*;*;17~24;3.651376147;1.041284404;547;218;0.0000~3.5347;75000~135999;1
4521;*;*;33~40;3.802083333;0.997916667;2097;480;0.0000~3.5347;75000~135999;1
4522;*;*;33~40;3.353174603;0.988095238;881;252;*;136000~196999;1
4523;*;*;41~48;3.764204545;1.116477273;1557;352;*;136000~196999;1
4524;*;*;25~32;2.532324622;1.112792297;3199;727;0.0000~3.5347;136000~196999;1
4525;*;*;49~56;3.010676157;0.964412811;1153;281;*;136000~196999;1
4526;*;*;41~48;2.819070905;1.004889976;1667;409;*;136000~196999;1
4527;*;*;41~48;3.194690265;1.039823009;930;226;0.0000~3.5347;75000~135999;1
4528;*;*;41~48;2.455384615;0.947692308;1417;325;*;136000~196999;1
4529;*;*;41~48;2.970430108;0.930107527;1598;372;0.0000~3.5347;75000~135999;1
4530;*;*;41~48;3.314002829;1.135785007;2468;707;0.0000~3.5347;75000~135999;1
4531;*;*;41~48;3.14884696;1;1844;477;*;136000~196999;1
4532;*;*;41~48;3.774566474;1.130057803;1499;346;*;136000~196999;1
4533;*;*;41~48;2.541284404;0.981651376;888;218;*;136000~196999;1
4534;*;*;41~48;4.078947368;1.035087719;1893;456;*;136000~196999;1
4535;*;*;41~48;3.846153846;1.009925558;1718;403;*;136000~196999;1
4536;*;*;49~56;4.107438017;1.090909091;547;121;*;136000~196999;1
4537;*;*;41~48;3.792207792;0.987012987;872;231;*;136000~196999;1
4538;*;*;41~48;4.01242236;1.037267081;1150;322;0.0000~3.5347;75000~135999;1
4539;*;*;49~56;3.647840532;1.053156146;1411;301;*;136000~196999;1
4540;*;*;49~56;3.812807882;1.02955665;813;203;*;14000~135999;1
4541;*;*;33~40;4.198938992;1.039787798;1776;377;*;136000~196999;1
4542;*;*;49~56;3.350574713;0.902298851;730;174;*;136000~196999;1
4543;*;*;41~48;4.212765957;1.079787234;872;188;0.0000~3.5347;75000~135999;1
4544;*;*;41~48;3.747572816;1.067961165;3260;721;*;136000~196999;1
4545;*;*;41~48;3.72909699;0.991638796;2419;598;0.0000~3.5347;75000~135999;1
4546;*;*;25~32;4;1;35;9;0.0000~3.5347;136000~196999;1
4547;*;*;33~48;4.18487395;1.008403361;548;119;3.5348~7.0695;14000~135999;1
4548;*;*;49~56;3.142857143;1;55;7;*;14000~135999;1
4549;*;*;41~48;3.718685832;1.05338809;2123;487;0.0000~3.5347;75000~135999;1
4550;*;*;49~56;1.378486056;1.075697211;346;251;*;197000~257999;1
4551;*;*;1~16;2.545590433;1.041853513;1823;669;0.0000~3.5347;136000~196999;1
4552;*;*;49~56;1.260869565;1.163043478;171;92;*;14000~135999;1
4553;*;*;33~40;2.020725389;1.031088083;435;193;*;319000~379999;1
4554;*;*;1~8;2.328820116;1.067698259;1074;517;0.0000~3.5347;14000~135999;1
4555;*;*;17~24;2.934560327;1.04396728;3325;978;0.0000~3.5347;136000~196999;1
4556;*;*;49~56;1.748286604;1.211214953;2232;1605;*;319000~379999;1
4557;*;*;1~32;3.114343029;1.259779338;1086;997;0.0000~3.5347;258000~501999;1
4558;*;*;9~16;3.686580882;1.321691176;1673;1088;3.5348~7.0695;258000~501999;1
4559;*;*;49~56;2.148148148;1.925925926;41;27;*;441000~501999;1
4560;*;*;1~16;3.23255814;1.196617336;1051;473;0.0000~3.5347;136000~196999;1
4561;*;*;49~56;3.052631579;1.157894737;249;57;*;258000~318999;1
4562;*;*;1~16;3.104761905;1.171428571;490;105;0.0000~3.5347;136000~196999;1
4563;*;*;33~40;2.422053232;1.038022814;1150;263;0.0000~3.5347;75000~135999;1
4564;*;*;49~56;3.069846678;1.044293015;2382;587;*;136000~196999;1
4565;*;*;33~40;2.730923695;1.096385542;995;249;*;136000~196999;1
4566;*;*;25~32;4.341121495;1.112149533;763;214;0.0000~3.5347;136000~196999;1
4567;*;*;33~40;2.383333333;0.94;1174;300;*;197000~257999;1
4568;*;*;41~48;2.137089992;1.078216989;3974;1189;0.0000~3.5347;75000~135999;1
4569;*;*;41~48;2.886977887;1.051597052;1593;407;*;197000~257999;1
4570;*;*;25~32;2.318062827;1.031413613;2188;764;0.0000~3.5347;136000~196999;1
4571;*;*;33~40;2.45625;1.065625;1239;320;*;136000~196999;1
4572;*;*;25~32;2.77090301;0.968227425;2071;598;0.0000~3.5347;136000~196999;1
4573;*;*;33~40;2.306188925;1.117263844;2013;614;*;197000~257999;1
4574;*;*;33~40;2.737209302;1.088372093;1533;430;*;136000~196999;1
4575;*;*;41~48;3.414012739;1.054140127;1111;314;*;197000~257999;1
4576;*;*;17~24;2.747038917;1.083756345;2642;1182;0.0000~3.5347;197000~257999;1
4577;*;*;1~32;2.429292929;1.169191919;2226;792;0.0000~3.5347;258000~501999;1
4578;*;*;25~32;3.63394683;1.096114519;1684;489;0.0000~3.5347;136000~196999;1
4579;*;*;25~32;2.592005513;1.095451413;7221;2902;0.0000~3.5347;136000~196999;1
4580;*;*;1~32;2.342070773;1.117955439;2251;763;0.0000~3.5347;258000~501999;1
4581;*;*;17~24;2518;1196;3051;1000;0.0000~3.5347;136000~196999;1
4582;*;*;17~24;1.868073879;1.027264732;3915;1137;0.0000~3.5347;136000~196999;1
4583;*;*;25~32;1.654440154;1.135135135;3723;1036;0.0000~3.5347;75000~135999;1
4584;*;*;41~48;1.768025078;1.106583072;1172;319;*;136000~196999;1
4585;*;*;1~32;1.598130841;1.052959502;1204;321;0.0000~3.5347;258000~501999;1
4586;*;*;33~40;1.92687747;1.03458498;3707;1012;0.0000~3.5347;75000~135999;1
4587;*;*;33~40;1.411290323;0.987903226;1122;248;*;136000~196999;1
4588;*;*;49~56;1.784530387;1.193370166;2081;724;*;258000~318999;1
4589;*;*;49~56;2.170395869;1.060240964;2309;581;*;197000~257999;1
4590;*;*;49~56;2.644067797;1.282485876;990;354;*;136000~196999;1
4591;*;*;41~48;2.096692112;0.368956743;3795;1179;*;136000~196999;1
4592;*;*;1~32;1.678571429;1.066326531;2796;784;0.0000~3.5347;258000~501999;1
4593;*;*;25~32;2.151571165;1.245841035;1685;541;0.0000~3.5347;197000~257999;1
4594;*;*;1~32;2.183946488;1.065217391;2079;598;0.0000~3.5347;258000~501999;1
4595;*;*;25~32;2.338957055;1.119631902;2510;652;0.0000~3.5347;136000~196999;1
4596;*;*;41~48;2.547008547;1.102564103;2931;702;*;136000~196999;1
4597;*;*;41~48;1.750814332;0.972312704;2260;614;*;136000~196999;1
4598;*;*;41~48;2.581333333;1024;1805;375;*;197000~257999;1
4599;*;*;41~48;2.153094463;1.169381107;1406;307;0.0000~3.5347;75000~135999;1
4600;*;*;9~16;2.615835777;0.637829912;2158;682;0.0000~3.5347;75000~135999;1
4601;*;*;17~24;1.708994709;1.132275132;751;189;0.0000~3.5347;197000~257999;1
4602;*;*;1~32;1.465753425;0.898630137;1194;365;0.0000~3.5347;258000~501999;1
4603;*;*;49~56;6.932475884;0.98392283;861;311;*;441000~501999;1
4604;*;*;49~56;8.444954128;1.100917431;693;218;*;441000~501999;1
4605;*;*;49~56;8.483018868;0.962264151;813;265;*;441000~501999;1
4606;*;*;49~56;9.204968944;1.062111801;531;161;*;441000~501999;1
4607;*;*;49~56;7.434163701;1.099644128;883;281;*;441000~501999;1
4608;*;*;49~56;4.520689655;1.068965517;707;290;*;380000~440999;1
4609;*;*;49~56;1.972644377;0.957446809;987;329;*;258000~318999;1
4610;*;*;1~32;2.989087302;1.109126984;2465;1008;0.0000~3.5347;258000~501999;1
4611;*;*;1~16;2.042049934;1.070959264;1704;761;0.0000~3.5347;136000~196999;1
4612;*;*;1~32;1.885057471;1.030651341;634;261;0.0000~3.5347;258000~501999;1
4613;*;*;25~32;2.292828685;1.119521912;2660;1004;0.0000~3.5347;197000~257999;1
4614;*;*;41~48;2.343558282;1.031441718;3920;1304;*;258000~318999;1
4615;*;*;25~32;2.678057554;1.194244604;1793;556;0.0000~3.5347;197000~257999;1
4616;*;*;41~48;2.359517872;1.08478803;7443;2406;*;197000~257999;1
4617;*;*;1~32;2.847297297;1.022972973;2660;740;0.0000~3.5347;258000~501999;1
4618;*;*;33~40;3.674965422;1.020746888;2274;723;*;258000~318999;1
4619;*;*;1~32;2.642058166;1.061521253;2759;894;0.0000~3.5347;258000~501999;1
4620;*;*;49~56;4.291245791;1.060606061;1539;594;*;319000~379999;1
4621;*;*;33~40;3.547396529;1.060080107;2149;749;*;441000~501999;1
4622;*;*;49~56;8.300835655;1.019498607;967;359;*;441000~501999;1
4623;*;*;33~40;2.713235294;1.080882353;145;136;*;441000~501999;1
4624;*;*;49~56;4.818627451;1.205882353;578;204;*;441000~501999;1
4625;*;*;25~32;4.126506024;1.064759036;1420;664;3.5348~7.0695;380000~501999;1
4626;*;*;49~56;7.958333333;0.833333333;457;120;*;441000~501999;1
4627;*;*;25~32;2.778265642;1.127881449;4533;1822;0.0000~3.5347;136000~196999;1
4628;*;*;1~32;2.553366174;1.041871921;2535;1218;0.0000~3.5347;258000~501999;1
4629;*;*;17~24;2.571135431;0.29753762;3296;1462;0.0000~3.5347;136000~196999;1
4630;*;*;1~32;2.740554156;1.047858942;2919;1191;0.0000~3.5347;258000~501999;1
4631;*;*;17~24;2.165249089;1.088699878;1749;823;0.0000~3.5347;75000~135999;1
4632;*;*;33~40;2.341232227;1.134597156;2326;1055;*;319000~379999;1
4633;*;*;17~24;2.629823414;1.116415958;3727;1529;0.0000~3.5347;75000~135999;1
4634;*;*;1~32;2.199241786;1.065711879;5840;2374;0.0000~3.5347;258000~501999;1
4635;*;*;41~48;2.032738095;1.101190476;942;672;*;136000~196999;1
4636;*;*;41~48;1.806122449;1.063543599;6846;2156;0.0000~3.5347;14000~74999;1
4637;*;*;25~32;2.224637681;1.00634058;4137;1104;0.0000~3.5347;136000~196999;1
4638;*;*;41~48;2.005701254;1.153933865;2716;877;*;319000~379999;1
4639;*;*;41~48;1.680773881;1.054413543;2860;827;*;136000~196999;1
4640;*;*;17~24;2.926829268;1.116212339;2235;697;0.0000~3.5347;197000~257999;1
4641;*;*;33~40;2.248154982;1.183579336;3906;1084;*;258000~318999;1
4642;*;*;1~32;2.966292135;1.116104869;3468;1335;0.0000~3.5347;258000~501999;1
4643;*;*;1~32;2.24686941;1.076028623;3720;1118;0.0000~3.5347;258000~501999;1
4644;*;*;1~32;3.136150235;1.063380282;1268;426;0.0000~3.5347;258000~501999;1
4645;*;*;41~48;2.063858696;1.041440217;4225;1472;*;136000~196999;1
4646;*;*;33~40;3.137521222;1.132427844;1351;589;*;380000~440999;1
4647;*;*;49~56;2.80952381;1;1920;756;*;319000~379999;1
4648;*;*;1~32;2.846928499;1.09164149;3107;993;0.0000~3.5347;258000~501999;1
4649;*;*;1~32;2.749559083;1.139329806;1639;567;0.0000~3.5347;258000~501999;1
4650;*;*;41~48;4.884272997;1.057863501;2224;674;*;258000~318999;1
4651;*;*;41~48;4.934973638;1.026362039;1654;569;*;380000~501999;1
4652;*;*;33~40;5.29248366;1.179738562;1383;612;*;319000~379999;1
4653;*;*;49~56;5.516129032;0.931451613;737;248;*;380000~440999;1
4654;*;*;41~48;4.790836653;1.049800797;1868;502;*;197000~257999;1
4655;*;*;41~48;3.896039604;0.965346535;1323;404;*;197000~257999;1
4656;*;*;41~48;3.663090129;1.113733906;1446;466;*;136000~196999;1
4657;*;*;49~56;4.599337748;1.205298013;976;302;*;319000~379999;1
4658;*;*;41~48;2.917102967;1.032286213;3480;1146;*;197000~257999;1
4659;*;*;33~40;4.167487685;1.041871921;1578;406;*;258000~318999;1
4660;*;*;33~40;4.341145833;0.950520833;1161;384;*;380000~440999;1
4661;*;*;41~48;2.718381113;1.096121417;2028;593;0.0000~3.5347;75000~135999;1
4662;*;*;41~48;2.708256881;1.119266055;1605;545;*;197000~257999;1
4663;*;*;41~48;1.986547085;1;582;223;*;319000~379999;1
4664;*;*;41~48;2.857731959;0.942268041;1845;485;*;136000~196999;1
4665;*;*;25~32;2.755134281;1.137440758;2034;633;0.0000~3.5347;136000~196999;1
4666;*;*;25~32;2.624074074;1.090740741;1615;540;0.0000~3.5347;136000~196999;1
4667;*;*;33~40;2.510250569;0.990888383;1325;439;*;136000~196999;1
4668;*;*;33~40;3.439121756;1.135728543;1664;501;*;136000~196999;1
4669;*;*;33~40;2.466893039;0.998302207;1987;589;*;136000~196999;1
4670;*;*;17~24;2.337027379;1.082790091;5229;1534;0.0000~3.5347;197000~257999;1
4671;*;*;1~32;1.985337243;1.085043988;1143;341;0.0000~3.5347;258000~501999;1
4672;*;*;25~32;2.348333333;1.043333333;4126;1200;0.0000~3.5347;197000~257999;1
4673;*;*;49~56;6.146757679;1.068259386;714;293;*;441000~501999;1
4674;*;*;49~56;6.060679612;0.985436893;1030;412;*;441000~501999;1
4675;*;*;49~56;6.710144928;1.031884058;894;345;*;441000~501999;1
4676;*;*;49~56;6.956228956;1.074074074;981;297;*;441000~501999;1
4677;*;*;49~56;8.508982036;0.976047904;495;167;*;441000~501999;1
4678;*;*;49~56;8.780612245;0.994897959;688;196;*;441000~501999;1
4679;*;*;49~56;5.959558824;1.044117647;588;272;*;441000~501999;1
4680;*;*;49~56;6.065602837;1.060283688;1203;564;*;441000~501999;1
4681;*;*;49~56;5.403921569;1.062745098;971;510;*;441000~501999;1
4682;*;*;49~56;4.086647727;1.024147727;1186;704;*;136000~196999;1
4683;*;*;49~56;4.119791667;1.043402778;1135;576;*;197000~257999;1
4684;*;*;49~56;3.979079498;1.020920502;848;478;*;136000~196999;1
4685;*;*;41~48;3.836206897;1.099137931;434;232;*;380000~501999;1
4686;*;*;41~48;3.823125919;1.055365017;3359;2041;*;258000~318999;1
4687;*;*;41~48;4.158690176;1.032745592;512;397;*;319000~379999;1
4688;*;*;41~48;4.09394314;1.08776267;1157;809;*;380000~501999;1
4689;*;*;33~40;4.129251701;1.013605442;777;441;*;319000~379999;1
4690;*;*;41~48;4.87394958;1.008403361;748;357;*;380000~501999;1
4691;*;*;49~56;4.881782946;0.843023256;1117;516;*;380000~440999;1
4692;*;*;49~56;4.703448276;1.036781609;944;435;*;441000~501999;1
4693;*;*;49~56;5.736979167;1.138020833;899;384;*;441000~501999;1
4694;*;*;49~56;5.081018519;1.006944444;884;432;*;441000~501999;1
4695;*;*;41~48;4.366720517;1.071082391;1045;619;*;258000~318999;1
4696;*;*;33~40;4.228937729;0.963369963;870;546;*;441000~501999;1
4697;*;*;49~56;4.250980392;0.968627451;468;255;*;441000~501999;1
4698;*;*;1~32;3.883291352;1.097397145;1739;1191;0.0000~3.5347;258000~501999;1
4699;*;*;1~32;3.981803143;1.142266336;1897;1209;0.0000~3.5347;258000~501999;1
4700;*;*;17~24;4.104494382;1.074157303;1510;890;3.5348~7.0695;380000~501999;1
4701;*;*;49~56;3.184553661;1.060180542;1594;997;*;197000~257999;1
4702;*;*;49~56;2.767871486;1.092369478;1768;1245;*;441000~501999;1
4703;*;*;49~56;6.140186916;0.794392523;629;214;*;441000~501999;1
4704;*;*;49~56;5.634743875;1.020044543;1122;449;*;319000~379999;1
4705;*;*;49~56;5.48806366;1.106100796;826;377;*;380000~440999;1
4706;*;*;49~56;4.94;1.12;768;300;*;319000~379999;1
4707;*;*;49~56;5.148820327;1.092558984;1164;551;*;197000~257999;1
4708;*;*;41~48;4.381877023;0.902912621;716;309;*;380000~501999;1
4709;*;*;49~56;4.514851485;1.062706271;617;303;*;380000~440999;1
4710;*;*;33~40;3.913043478;1.135869565;1416;736;*;319000~379999;1
4711;*;*;41~48;4.293833132;0.99879081;1601;827;*;380000~501999;1
4712;*;*;33~40;4.503205128;1.073717949;1109;624;*;319000~379999;1
4713;*;*;49~56;5.392405063;1.151898734;921;395;*;441000~501999;1
4714;*;*;49~56;5.582781457;1.059602649;333;151;*;441000~501999;1
4715;*;*;49~56;6.380952381;1.146825397;630;252;*;441000~501999;1
4716;*;*;1~32;4.393728223;1.073170732;991;574;0.0000~3.5347;258000~501999;1
4717;*;*;1~32;4.50456621;1.150684932;1676;876;0.0000~3.5347;258000~501999;1
4718;*;*;1~32;4.060747664;1.082242991;1987;1070;0.0000~3.5347;258000~501999;1
4719;*;*;25~32;4.022012579;1.039308176;1183;636;3.5348~7.0695;380000~501999;1
4720;*;*;33~40;4.69789675;1.055449331;1159;523;*;319000~379999;1
4721;*;*;49~56;5.465753425;1.054794521;671;219;*;258000~318999;1
4722;*;*;41~48;5.702702703;1.054054054;539;222;*;258000~318999;1
4723;*;*;41~48;4.538314176;1.042145594;1252;522;*;258000~318999;1
4724;*;*;49~56;5.447688564;1.02919708;832;411;*;441000~501999;1
4725;*;*;49~56;5865;1.0925;1121;400;*;441000~501999;1
4726;*;*;49~56;5.074675325;0.993506494;776;308;*;380000~440999;1
4727;*;*;49~56;5.176724138;1.090517241;878;464;*;441000~501999;1
4728;*;*;41~48;5.027548209;1.112947658;728;363;*;319000~379999;1
4729;*;*;41~48;5.122302158;1.079136691;632;278;*;258000~318999;1
4730;*;*;41~48;4.959459459;1.027027027;956;370;*;197000~257999;1
4731;*;*;49~56;5.128865979;0.948453608;462;194;*;197000~257999;1
4732;*;*;41~48;4.594132029;0.965770171;946;409;*;197000~257999;1
4733;*;*;49~56;4.64116095;1.071240106;1724;758;*;319000~379999;1
4734;*;*;49~56;4.923261391;1.151079137;900;417;*;380000~440999;1
4735;*;*;41~48;5.21221865;1.009646302;724;311;*;380000~501999;1
4736;*;*;49~56;4.442477876;1.022123894;590;226;*;319000~379999;1
4737;*;*;49~56;5.799065421;0.981308411;526;214;*;319000~379999;1
4738;*;*;49~56;3.754010695;2.326203209;458;187;*;319000~379999;1
4739;*;*;33~40;4.177619893;1.062166963;1133;563;*;258000~318999;1
4740;*;*;33~40;4.485969388;1.121173469;1632;784;*;441000~501999;1
4741;*;*;41~48;4.739057239;1.143097643;1533;594;*;197000~257999;1
4742;*;*;41~48;3.957356077;1.051172708;1374;469;*;136000~196999;1
4743;*;*;41~48;5.062730627;1.605166052;674;271;*;197000~257999;1
4744;*;*;41~48;4.806315789;0.915789474;1093;475;*;197000~257999;1
4745;*;*;41~48;4.851015801;1.018058691;905;443;*;258000~318999;1
4746;*;*;49~56;4.997512438;1.042288557;1130;402;*;197000~257999;1
4747;*;*;33~40;3.421052632;1.024561404;723;285;*;136000~196999;1
4748;*;*;49~56;4.819070905;1.012224939;1065;409;*;136000~196999;1
4749;*;*;49~56;5.00913242;1.150684932;997;438;*;258000~318999;1
4750;*;*;33~40;3.734256927;1.022670025;2638;794;*;136000~196999;1
4751;*;*;33~40;4.134185304;1.054313099;1140;313;*;136000~196999;1
4752;*;*;41~48;3.807073955;1.054662379;953;311;*;136000~196999;1
4753;*;*;25~32;4.560669456;1.050209205;955;239;0.0000~3.5347;136000~196999;1
4754;*;*;41~48;4.15862069;1.096551724;2300;725;*;258000~318999;1
4755;*;*;49~56;6.841397849;1.077956989;1004;372;*;380000~440999;1
4756;*;*;41~48;4.513978495;1.015053763;1369;465;*;136000~196999;1
4757;*;*;33~40;4.150442478;1.074336283;2042;565;*;136000~196999;1
4758;*;*;33~40;3.345218801;1.072933549;2140;617;0.0000~3.5347;75000~135999;1
4759;*;*;33~40;2932;1058;1835;500;0.0000~3.5347;75000~135999;1
4760;*;*;33~40;3.582417582;1.100732601;1672;546;*;136000~196999;1
4761;*;*;49~56;3.717171717;0.895622896;668;297;*;136000~196999;1
4762;*;*;41~48;4.713432836;1.065671642;713;335;*;136000~196999;1
4763;*;*;41~48;4.367901235;1.059259259;993;405;*;136000~196999;1
4764;*;*;41~48;4.662269129;1.100263852;1052;379;*;136000~196999;1
4765;*;*;33~40;4.370967742;1.008064516;1019;372;*;136000~196999;1
4766;*;*;41~48;4.707520891;1.055710306;1017;359;0.0000~3.5347;75000~135999;1
4767;*;*;33~40;4.232876712;1.489726027;966;292;0.0000~3.5347;75000~135999;1
4768;*;*;33~40;4.233986928;1.053594771;2331;765;0.0000~3.5347;75000~135999;1
4769;*;*;41~48;4312;1128;1110;375;*;136000~196999;1
4770;*;*;41~48;4.726775956;1.136612022;537;183;0.0000~3.5347;75000~135999;1
4771;*;*;41~48;3.997826087;0.997826087;1312;460;*;136000~196999;1
4772;*;*;41~48;4.988130564;1.068249258;987;337;*;136000~196999;1
4773;*;*;41~48;4.005617978;0.929775281;784;356;0.0000~3.5347;75000~135999;1
4774;*;*;41~48;4.707259953;1.156908665;1203;427;0.0000~3.5347;75000~135999;1
4775;*;*;33~40;4.699346405;1.088235294;794;306;*;136000~196999;1
4776;*;*;33~40;4.595419847;1.129770992;1161;393;*;136000~196999;1
4777;*;*;33~40;3.975945017;1.072164948;1714;582;*;136000~196999;1
4778;*;*;41~48;5.720657277;1.039906103;1400;426;*;197000~257999;1
4779;*;*;41~48;3.832369942;1.02504817;1430;519;*;136000~196999;1
4780;*;*;41~48;4.811989101;1.100817439;1117;367;*;136000~196999;1
4781;*;*;41~48;4.520179372;1;544;223;*;136000~196999;1
4782;*;*;33~40;3.981273408;1.167290886;2221;801;0.0000~3.5347;75000~135999;1
4783;*;*;33~40;4.127906977;1.200581395;1911;688;*;136000~196999;1
4784;*;*;41~48;5.606217617;1.025906736;455;193;*;197000~257999;1
4785;*;*;49~56;5.507462687;1.041791045;1109;335;*;14000~135999;1
4786;*;*;41~48;3.95890411;1.034246575;1272;438;0.0000~3.5347;75000~135999;1
4787;*;*;49~56;4.598901099;1.075091575;1660;546;*;14000~135999;1
4788;*;*;49~56;4.642032333;1.062355658;1355;433;*;14000~135999;1
4789;*;*;41~48;4.875739645;1.023668639;1120;338;0.0000~3.5347;75000~135999;1
4790;*;*;41~48;4.445333333;1064;928;375;0.0000~3.5347;75000~135999;1
4791;*;*;41~48;4.174863388;1.068306011;933;366;0.0000~3.5347;75000~135999;1
4792;*;*;41~48;3.834162521;1.036484245;1552;603;0.0000~3.5347;75000~135999;1
4793;*;*;41~48;5.075471698;1.006289308;684;318;*;136000~196999;1
4794;*;*;41~48;4.68707483;0.873015873;1046;441;*;136000~196999;1
4795;*;*;49~56;5.22147651;1.185682327;1334;447;*;14000~135999;1
4796;*;*;41~48;4.866972477;1.201834862;1510;436;0.0000~3.5347;75000~135999;1
4797;*;*;49~56;3.681034483;0.793103448;233;116;*;14000~135999;1
4798;*;*;41~48;4.077844311;1.021956088;1634;501;0.0000~3.5347;75000~135999;1
4799;*;*;33~40;3.671186441;1.159322034;1023;295;*;136000~196999;1
4800;*;*;33~40;3.783387622;1.076547231;1847;614;0.0000~3.5347;75000~135999;1
4801;*;*;33~40;4.444444444;1.193650794;1139;315;0.0000~3.5347;75000~135999;1
4802;*;*;33~40;3.773858921;1.03526971;1666;482;0.0000~3.5347;75000~135999;1
4803;*;*;33~40;3.896210873;1.05107084;2259;607;0.0000~3.5347;75000~135999;1
4804;*;*;41~48;4.397394137;0.93485342;811;307;*;136000~196999;1
4805;*;*;41~48;5.109014675;1.052410901;1151;477;0.0000~3.5347;75000~135999;1
4806;*;*;49~56;4.136246787;0.953727506;896;389;*;136000~196999;1
4807;*;*;49~56;4.507692308;1.003846154;685;260;*;14000~135999;1
4808;*;*;49~56;4.886792453;1.041509434;765;265;*;14000~135999;1
4809;*;*;41~48;3.793307087;1.104330709;1349;508;0.0000~3.5347;75000~135999;1
4810;*;*;41~48;4.121580547;1.012158055;796;329;*;136000~196999;1
4811;*;*;41~48;4.814189189;0.962837838;838;296;*;136000~196999;1
4812;*;*;41~48;5.156498674;1.214854111;981;377;*;136000~196999;1
4813;*;*;33~40;2.056890013;1.059418458;3013;791;*;136000~196999;1
4814;*;*;33~40;2.724056604;1.021226415;1857;424;*;136000~196999;1
4815;*;*;41~48;2.272413793;1.003448276;1224;290;0.0000~3.5347;75000~135999;1
4816;*;*;33~40;2.808049536;1.080495356;1426;323;*;136000~196999;1
4817;*;*;41~48;2.778234086;1.002053388;1945;487;0.0000~3.5347;75000~135999;1
4818;*;*;49~56;3.600409836;1.069672131;2080;488;*;136000~196999;1
4819;*;*;49~56;3.284313725;1.026143791;1227;306;*;136000~196999;1
4820;*;*;33~40;2.140086207;1.090517241;1765;464;0.0000~3.5347;75000~135999;1
4821;*;*;33~40;4.246013667;1.173120729;1768;439;*;136000~196999;1
4822;*;*;33~40;3.622743682;1.030685921;1513;554;*;197000~257999;1
4823;*;*;1~32;2.8265625;1;2543;640;0.0000~3.5347;258000~501999;1
4824;*;*;33~40;3.95154185;1.066079295;2390;681;*;197000~257999;1
4825;*;*;25~32;3.575438596;1.014035088;2070;570;0.0000~3.5347;197000~257999;1
4826;*;*;25~32;3.237715803;1.151394422;2114;753;0.0000~3.5347;136000~196999;1
4827;*;*;25~32;5.071264368;1.151724138;1194;435;0.0000~3.5347;197000~257999;1
4828;*;*;49~56;3.823353293;0.853293413;954;334;*;197000~257999;1
4829;*;*;17~24;3.888475836;1.087360595;1757;538;0.0000~3.5347;136000~196999;1
4830;*;*;33~40;3.769230769;1.023076923;1579;390;*;136000~196999;1
4831;*;*;33~40;3.711111111;1.088888889;2376;630;*;136000~196999;1
4832;*;*;41~48;3.628037383;1.082242991;2049;535;*;136000~196999;1
4833;*;*;41~48;4.20610687;1.083969466;1868;393;*;136000~196999;1
4834;*;*;33~40;3.303030303;1.045454545;1605;330;*;136000~196999;1
4835;*;*;25~32;2.348993289;1.003355705;1272;298;0.0000~3.5347;75000~135999;1
4836;*;*;25~32;2.322580645;0.978494624;702;186;0.0000~3.5347;75000~135999;1
4837;*;*;41~48;3.19391635;1.058935361;2099;526;*;136000~196999;1
4838;*;*;41~48;3.962184874;1.214285714;953;238;*;136000~196999;1
4839;*;*;41~48;3.149305556;1.3125;822;288;*;136000~196999;1
4840;*;*;1~32;2.921681781;1.140972795;3323;1213;0.0000~3.5347;258000~501999;1
4841;*;*;33~40;3.403628118;0.990929705;1777;441;0.0000~3.5347;75000~135999;1
4842;*;*;17~24;3.116650988;1.161806209;2381;1063;0.0000~3.5347;136000~196999;1
4843;*;*;25~32;3.885304659;1.028673835;1085;279;0.0000~3.5347;75000~135999;1
4844;*;*;41~48;4.56512605;1.071428571;1343;476;0.0000~3.5347;75000~135999;1
4845;*;*;49~56;4.94025974;1.054545455;1233;385;*;14000~135999;1
4846;*;*;49~56;3.976271186;0.962711864;814;295;*;14000~135999;1
4847;*;*;41~48;5.867924528;1.222641509;931;265;0.0000~3.5347;75000~135999;1
4848;*;*;41~48;5.155797101;1.007246377;822;276;0.0000~3.5347;75000~135999;1
4849;*;*;49~56;4.361904762;1.05;1186;420;*;14000~135999;1
4850;*;*;41~48;4.446428571;1.109126984;1775;504;*;136000~196999;1
4851;*;*;33~40;4.74789916;1.047619048;1138;357;*;136000~196999;1
4852;*;*;41~48;5.367346939;1.775510204;785;245;*;136000~196999;1
4853;*;*;33~40;3.814814815;1.050754458;2586;729;*;136000~196999;1
4854;*;*;33~40;4.123232323;1.044444444;1479;495;*;136000~196999;1
4855;*;*;17~24;4.717451524;1.099722992;1333;361;0.0000~3.5347;75000~135999;1
4856;*;*;41~48;4.584686775;1.088167053;1409;431;0.0000~3.5347;75000~135999;1
4857;*;*;49~56;5.096153846;1.161057692;1522;416;*;14000~135999;1
4858;*;*;17~24;3.622516556;1.08388521;1526;453;0.0000~3.5347;136000~196999;1
4859;*;*;33~40;4.516312057;1.095035461;2474;705;*;136000~196999;1
4860;*;*;25~32;4.569739953;1.130023641;1522;423;0.0000~3.5347;75000~135999;1
4861;*;*;1~32;2.373271889;1.055299539;2690;217;0.0000~3.5347;258000~501999;1
4862;*;*;49~56;1.625514403;0.95473251;948;243;*;136000~196999;1
4863;*;*;49~56;3.359580052;1.107611549;1560;381;*;14000~135999;1
4864;*;*;17~24;2.008733624;1.052401747;890;229;0.0000~3.5347;136000~196999;1
4865;*;*;17~24;2.486434109;1.05620155;1932;516;0.0000~3.5347;136000~196999;1
4866;*;*;25~32;2.200278164;1.084840056;2390;719;0.0000~3.5347;197000~257999;1
4867;*;*;17~24;2.633554084;1.002207506;1880;453;0.0000~3.5347;136000~196999;1
4868;*;*;41~48;2.767391304;1.030434783;1754;460;*;258000~318999;1
4869;*;*;41~48;2.688456189;1.100139082;3121;719;*;136000~196999;1
4870;*;*;33~40;3.218844985;1.209726444;2195;658;*;136000~196999;1
4871;*;*;41~48;3.320960699;1.120087336;1772;458;*;136000~196999;1
4872;*;*;33~40;3.22705314;1.019323671;3050;621;0.0000~3.5347;75000~135999;1
4873;*;*;49~56;2.927083333;1.072916667;470;96;*;14000~135999;1
4874;*;*;33~40;2.736585366;1.385365854;662;205;*;136000~196999;1
4875;*;*;1~32;3.683566434;1.414335664;2821;572;0.0000~3.5347;258000~501999;1
4876;*;*;25~32;2.980932203;1.165254237;1193;472;0.0000~3.5347;197000~257999;1
4877;*;*;49~56;2.368421053;1.171052632;356;76;*;136000~196999;1
4878;*;*;49~56;3.155555556;1.044444444;137;45;*;258000~318999;1
4879;*;*;49~56;4.397058824;1.323529412;287;68;*;14000~135999;1
4880;*;*;49~56;3.461956522;1.135869565;1655;368;*;14000~135999;1
4881;*;*;25~32;3.18287037;1.037037037;1698;432;0.0000~3.5347;75000~135999;1
4882;*;*;33~40;3.161290323;0.919354839;1308;310;0.0000~3.5347;75000~135999;1
4883;*;*;33~40;3.208823529;1.026470588;1786;340;*;136000~196999;1
4884;*;*;33~40;3.850152905;1.107033639;1499;327;0.0000~3.5347;75000~135999;1
4885;*;*;33~40;3.272151899;1.056962025;2173;474;0.0000~3.5347;75000~135999;1
4886;*;*;41~48;3.6625;1.1;1859;400;0.0000~3.5347;75000~135999;1
4887;*;*;41~48;3.773413897;1.078549849;1607;331;0.0000~3.5347;75000~135999;1
4888;*;*;41~48;2.709265176;1.031948882;1428;313;0.0000~3.5347;75000~135999;1
4889;*;*;33~40;3.061403509;1.01754386;1046;228;0.0000~3.5347;75000~135999;1
4890;*;*;33~40;2.967462039;1.054229935;2239;461;0.0000~3.5347;75000~135999;1
4891;*;*;33~40;3.254368932;1.019417476;2564;515;0.0000~3.5347;75000~135999;1
4892;*;*;25~32;3.7578125;1.0625;596;128;0.0000~3.5347;75000~135999;1
4893;*;*;25~32;3.310606061;1.035353535;1792;396;0.0000~3.5347;75000~135999;1
4894;*;*;41~48;4.754385965;1.315789474;571;114;0.0000~3.5347;75000~135999;1
4895;*;*;41~48;3.6;0.9;485;110;0.0000~3.5347;75000~135999;1
4896;*;*;41~48;3.362586605;1.025404157;2098;433;0.0000~3.5347;75000~135999;1
4897;*;*;25~32;3.450928382;1.068965517;1952;377;0.0000~3.5347;75000~135999;1
4898;*;*;25~32;5.955882353;1.264705882;376;68;0.0000~3.5347;75000~135999;1
4899;*;*;41~48;3.327659574;1.14893617;1030;235;0.0000~3.5347;75000~135999;1
4900;*;*;33~40;3.724576271;1.110169492;1034;236;0.0000~3.5347;75000~135999;1
4901;*;*;41~48;4.036723164;1.09039548;1412;354;0.0000~3.5347;75000~135999;1
4902;*;*;41~48;3.358208955;1.012793177;1980;469;0.0000~3.5347;75000~135999;1
4903;*;*;25~32;3.657794677;1.106463878;1280;263;0.0000~3.5347;75000~135999;1
4904;*;*;33~40;3.383495146;1.009708738;749;206;0.0000~3.5347;75000~135999;1
4905;*;*;41~48;3.904615385;0.993846154;1628;325;0.0000~3.5347;75000~135999;1
4906;*;*;33~40;4.098662207;1.117056856;2824;598;0.0000~3.5347;75000~135999;1
4907;*;*;41~48;3.523131673;1.028469751;1167;281;0.0000~3.5347;75000~135999;1
4908;*;*;41~48;3.977375566;1.14479638;1010;221;0.0000~3.5347;75000~135999;1
4909;*;*;17~24;3.590163934;1.024590164;1505;366;0.0000~3.5347;75000~135999;1
4910;*;*;33~40;3.498533724;1.041055718;1784;341;0.0000~3.5347;75000~135999;1
4911;*;*;33~40;3.221579961;1.071290944;2106;519;0.0000~3.5347;75000~135999;1
4912;*;*;41~48;4.167420814;1.194570136;881;221;0.0000~3.5347;75000~135999;1
4913;*;*;41~48;3.319892473;1.034946237;1745;372;0.0000~3.5347;75000~135999;1
4914;*;*;41~48;4.273838631;1.046454768;1707;409;0.0000~3.5347;75000~135999;1
4915;*;*;41~48;4.238095238;1.045351474;1834;441;0.0000~3.5347;75000~135999;1
4916;*;*;41~48;3.627906977;1.102325581;888;215;0.0000~3.5347;75000~135999;1
4917;*;*;41~48;3.577996716;1.119868637;2624;609;0.0000~3.5347;75000~135999;1
4918;*;*;41~48;3.825607064;1.086092715;1776;453;0.0000~3.5347;75000~135999;1
4919;*;*;33~40;4.510917031;1.165938865;1112;229;0.0000~3.5347;75000~135999;1
4920;*;*;33~40;4.02739726;1.058219178;1267;292;0.0000~3.5347;75000~135999;1
4921;*;*;25~32;4.006578947;1125;1292;304;0.0000~3.5347;75000~135999;1
4922;*;*;41~48;3.729957806;1.002109705;1721;474;0.0000~3.5347;75000~135999;1
4923;*;*;33~40;3.656429942;1.05950096;2194;521;0.0000~3.5347;75000~135999;1
4924;*;*;17~24;3.398843931;0.907514451;716;173;0.0000~3.5347;75000~135999;1
4925;*;*;41~48;4.614973262;1.101604278;788;187;0.0000~3.5347;75000~135999;1
4926;*;*;25~32;4.476340694;1.14511041;1696;317;0.0000~3.5347;75000~135999;1
4927;*;*;33~40;4.40874036;1.064267352;1714;389;0.0000~3.5347;75000~135999;1
4928;*;*;41~48;4.666666667;1.208333333;504;96;0.0000~3.5347;75000~135999;1
4929;*;*;41~48;4.036827195;1.053824363;1803;353;0.0000~3.5347;75000~135999;1
4930;*;*;41~48;4.290322581;1.089184061;2496;527;0.0000~3.5347;75000~135999;1
4931;*;*;33~40;3.932098765;0.984567901;1362;324;0.0000~3.5347;75000~135999;1
4932;*;*;25~32;3.517467249;1.045851528;1457;458;0.0000~3.5347;75000~135999;1
4933;*;*;33~40;4.150793651;1.106349206;2484;630;0.0000~3.5347;75000~135999;1
4934;*;*;33~40;3.967863894;1.132325142;2311;529;0.0000~3.5347;75000~135999;1
4935;*;*;41~48;4.2;1.112820513;1213;390;0.0000~3.5347;75000~135999;1
4936;*;*;41~48;3.51396648;1.06424581;1276;358;0.0000~3.5347;75000~135999;1
4937;*;*;41~48;4.257990868;1.061643836;1916;438;0.0000~3.5347;75000~135999;1
4938;*;*;33~40;4.344827586;1.088362069;1807;464;0.0000~3.5347;75000~135999;1
4939;*;*;25~32;4.097560976;1.138211382;529;123;0.0000~3.5347;75000~135999;1
4940;*;*;33~40;3.304964539;1.042553191;1153;282;0.0000~3.5347;75000~135999;1
4941;*;*;33~40;3.5;1.111940299;1783;402;0.0000~3.5347;75000~135999;1
4942;*;*;41~48;3.0625;1.159722222;621;144;*;136000~196999;1
4943;*;*;41~48;2.935828877;1.139037433;1510;374;*;136000~196999;1
4944;*;*;33~40;4.004524887;1.411764706;799;221;*;136000~196999;1
4945;*;*;41~48;4.443624868;1.153846154;3298;949;0.0000~3.5347;75000~135999;1
4946;*;*;25~32;4.147727273;1.185606061;1768;528;0.0000~3.5347;75000~135999;1
4947;*;*;25~32;3.592459605;1.044883303;2044;557;0.0000~3.5347;75000~135999;1
4948;*;*;41~48;3.6096823;1.013615734;2327;661;0.0000~3.5347;75000~135999;1
4949;*;*;33~40;4.081850534;1.03202847;818;281;0.0000~3.5347;75000~135999;1
4950;*;*;49~56;4.993174061;1.208191126;912;293;*;14000~135999;1
4951;*;*;41~48;5.2039801;1.074626866;727;201;0.0000~3.5347;75000~135999;1
4952;*;*;41~48;4.79787234;1.134042553;1568;470;0.0000~3.5347;75000~135999;1
4953;*;*;33~40;3.78976234;1.034734918;1246;547;0.0000~3.5347;75000~135999;1
4954;*;*;41~48;4.948660714;1.091517857;1227;448;0.0000~3.5347;75000~135999;1
4955;*;*;41~48;5.108433735;1.068273092;1357;498;0.0000~3.5347;75000~135999;1
4956;*;*;49~56;5.736486486;1.06981982;1417;444;*;14000~135999;1
4957;*;*;49~56;4.898907104;0.956284153;1303;366;*;14000~135999;1
4958;*;*;41~48;4.329787234;1.186170213;511;188;0.0000~3.5347;75000~135999;1
4959;*;*;49~56;3.838765009;1.154373928;2247;583;*;14000~135999;1
4960;*;*;49~56;4.5390625;1.096354167;1206;384;*;14000~135999;1
4961;*;*;49~56;4.842639594;1.086294416;1271;394;*;136000~196999;1
4962;*;*;49~56;4.323353293;1.026946108;1154;334;*;14000~135999;1
4963;*;*;33~40;3.114864865;1.047297297;2450;740;0.0000~3.5347;75000~135999;1
4964;*;*;41~48;3.602620087;1.010917031;1992;458;0.0000~3.5347;75000~135999;1
4965;*;*;1~8;3.689826303;1.161290323;1509;403;0.0000~3.5347;14000~135999;1
4966;*;*;33~40;3.251082251;0.896103896;1010;231;*;136000~196999;1
4967;*;*;25~32;2.934322034;1.097457627;1730;472;0.0000~3.5347;136000~196999;1
4968;*;*;49~56;3.377922078;1.031168831;3080;770;*;14000~135999;1
4969;*;*;41~48;3.008438819;1.033755274;880;237;0.0000~3.5347;75000~135999;1
4970;*;*;49~56;2.890909091;1.12;1118;275;*;14000~135999;1
4971;*;*;41~48;2.569148936;1.010638298;775;188;0.0000~3.5347;75000~135999;1
4972;*;*;33~40;3.759864713;1.038331454;3612;887;0.0000~3.5347;75000~135999;1
4973;*;*;41~48;4.036842105;1.097368421;1295;380;0.0000~3.5347;75000~135999;1
4974;*;*;41~48;3.461538462;1.149797571;890;247;0.0000~3.5347;75000~135999;1
4975;*;*;41~48;4.049155146;1.113671275;2182;651;0.0000~3.5347;75000~135999;1
4976;*;*;41~48;4.401162791;1.093023256;1353;344;0.0000~3.5347;75000~135999;1
4977;*;*;41~48;4.613157895;1.018421053;1165;380;0.0000~3.5347;75000~135999;1
4978;*;*;41~48;3.836518047;1.04670913;1731;471;0.0000~3.5347;75000~135999;1
4979;*;*;49~56;4.867158672;1.088560886;898;271;*;14000~135999;1
4980;*;*;33~40;4.917391304;1.22173913;859;230;0.0000~3.5347;75000~135999;1
4981;*;*;49~56;4.02266289;1.005665722;1080;353;*;14000~135999;1
4982;*;*;49~56;5.631004367;1.07860262;1558;458;*;14000~135999;1
4983;*;*;49~56;4.735955056;1.058988764;982;356;*;14000~135999;1
4984;*;*;49~56;5.445378151;1.033613445;853;238;*;14000~135999;1
4985;*;*;49~56;5.586956522;1.119565217;939;276;*;14000~135999;1
4986;*;*;49~56;5.506410256;1.134615385;1026;312;*;14000~135999;1
4987;*;*;49~56;4.024691358;0.935802469;1413;405;*;14000~135999;1
4988;*;*;49~56;4.419249592;1.04730832;1751;613;*;14000~135999;1
4989;*;*;41~48;4.816770186;1.124223602;1329;322;0.0000~3.5347;75000~135999;1
4990;*;*;41~48;5.161662818;1;1363;433;0.0000~3.5347;75000~135999;1
4991;*;*;41~48;4.57957958;1.078078078;982;333;0.0000~3.5347;75000~135999;1
4992;*;*;41~48;4.712025316;1.07278481;791;316;0.0000~3.5347;75000~135999;1
4993;*;*;41~48;6.83935743;1.437751004;789;249;0.0000~3.5347;75000~135999;1
4994;*;*;41~48;4.375838926;1.067114094;1766;596;0.0000~3.5347;75000~135999;1
4995;*;*;41~48;5.061420345;1.128598848;1903;521;0.0000~3.5347;75000~135999;1
4996;*;*;41~48;3.992779783;0.962093863;1903;554;0.0000~3.5347;75000~135999;1
4997;*;*;41~48;3.751091703;1.023289665;2446;687;0.0000~3.5347;75000~135999;1
4998;*;*;41~48;4.422535211;1.06639839;2067;497;0.0000~3.5347;75000~135999;1
4999;*;*;49~56;3.899696049;1.039513678;1363;329;*;14000~135999;1
5000;*;*;49~56;4.491735537;0.993801653;1861;484;*;14000~135999;1
5001;*;*;41~48;4.294326241;1.138297872;1153;282;0.0000~3.5347;75000~135999;1
5002;*;*;49~56;5.342512909;1.110154905;1498;581;*;14000~135999;1
5003;*;*;49~56;6.365384615;0.984615385;672;260;*;136000~196999;1
5004;*;*;41~48;5.732352941;0.905882353;823;340;*;136000~196999;1
5005;*;*;49~56;5.401759531;1.105571848;817;341;*;136000~196999;1
5006;*;*;41~48;4.741847826;1.008152174;1079;368;0.0000~3.5347;75000~135999;1
5007;*;*;41~48;5.959785523;0.967828418;968;373;*;136000~196999;1
5008;*;*;41~48;4.536082474;0.890034364;653;291;*;136000~196999;1
5009;*;*;41~48;4.911057692;0.908653846;869;416;*;136000~196999;1
5010;*;*;41~48;4.754716981;1.076650943;1622;848;*;136000~196999;1
5011;*;*;41~48;4.718220339;1.194915254;956;472;*;136000~196999;1
5012;*;*;41~48;3.959550562;1.040449438;786;445;*;136000~196999;1
5013;*;*;41~48;4.425963489;0.997971602;878;493;*;136000~196999;1
5014;*;*;49~56;4.814814815;1.026666667;2300;675;*;14000~135999;1
5015;*;*;49~56;4.667377399;0.980810235;1097;469;*;14000~135999;1
5016;*;*;41~48;5.271293375;1.223974763;895;317;0.0000~3.5347;75000~135999;1
5017;*;*;41~48;4.768786127;1.080924855;416;173;0.0000~3.5347;75000~135999;1
5018;*;*;17~24;2.834415584;1.038961039;529;308;0.0000~3.5347;136000~196999;1
5019;*;*;41~48;5.147208122;1.215736041;1074;394;0.0000~3.5347;75000~135999;1
5020;*;*;49~56;4.971731449;0.950530035;889;283;*;14000~135999;1
5021;*;*;41~48;5.269230769;1.063186813;1041;364;0.0000~3.5347;75000~135999;1
5022;*;*;41~48;5.531468531;1.101398601;777;286;*;136000~196999;1
5023;*;*;41~48;6.764309764;1.127946128;919;297;*;136000~196999;1
5024;*;*;41~48;4.5;1.014285714;791;280;0.0000~3.5347;75000~135999;1
5025;*;*;33~48;5.418103448;1;735;232;3.5348~7.0695;14000~135999;1
5026;*;*;41~48;4.080733945;1.009174312;1598;545;0.0000~3.5347;75000~135999;1
5027;*;*;41~48;3.990163934;1.055737705;662;305;*;136000~196999;1
5028;*;*;41~48;4.373271889;0.967741935;574;217;0.0000~3.5347;75000~135999;1
5029;*;*;33~40;5.090196078;1.08627451;791;255;0.0000~3.5347;75000~135999;1
5030;*;*;41~48;4.961038961;1.074675325;864;308;0.0000~3.5347;75000~135999;1
5031;*;*;41~48;5.130573248;1.079617834;921;314;0.0000~3.5347;75000~135999;1
5032;*;*;25~32;3.717973231;1.146271511;3121;1046;0.0000~3.5347;75000~135999;1
5033;*;*;25~32;3.74789916;1.027310924;1472;476;0.0000~3.5347;75000~135999;1
5034;*;*;33~40;4.248266297;1.104022191;2153;721;*;136000~196999;1
5035;*;*;41~48;5.548628429;1.079800499;1170;401;*;136000~196999;1
5036;*;*;41~48;5.1352657;0.987922705;1292;414;*;136000~196999;1
5037;*;*;41~48;5.884097035;1.02425876;927;371;*;136000~196999;1
5038;*;*;41~48;5.896713615;1.082159624;1082;426;*;197000~257999;1
5039;*;*;33~40;3.280991736;1.090909091;250;121;*;136000~196999;1
5040;*;*;41~48;4.670967742;1.012903226;861;310;0.0000~3.5347;75000~135999;1
5041;*;*;49~56;6.372759857;1.146953405;795;279;*;136000~196999;1
5042;*;*;49~56;4.304878049;1.015243902;901;328;*;14000~135999;1
5043;*;*;25~32;3.700356718;1.107015458;2739;841;0.0000~3.5347;75000~135999;1
5044;*;*;41~48;4.408376963;1.010471204;1423;573;*;136000~196999;1
5045;*;*;41~48;4.854111406;0.978779841;922;377;*;136000~196999;1
5046;*;*;41~48;4.63490099;0.987623762;1502;808;*;136000~196999;1
5047;*;*;33~40;6.767241379;1.004310345;1214;464;*;319000~379999;1
5048;*;*;33~40;5.92408377;1.12565445;900;382;*;197000~257999;1
5049;*;*;25~32;4.443661972;1.056338028;819;426;3.5348~7.0695;136000~196999;1
5050;*;*;1~16;3.717261905;0.931547619;625;336;0.0000~3.5347;136000~196999;1
5051;*;*;33~40;3.985337243;1.052785924;655;341;*;258000~318999;1
5052;*;*;33~40;4.502623295;1.156348374;1941;953;0.0000~3.5347;75000~135999;1
5053;*;*;33~40;3.301994302;1.047008547;1407;702;*;258000~318999;1
5054;*;*;41~48;6.232653061;1.004081633;608;245;*;136000~196999;1
5055;*;*;33~40;3.843478261;1.036714976;2725;1035;*;136000~196999;1
5056;*;*;33~40;3.805981036;1.149525894;3538;1371;0.0000~3.5347;75000~135999;1
5057;*;*;25~32;3.512552301;1.118200837;2415;956;0.0000~3.5347;75000~135999;1
5058;*;*;33~40;5.383084577;0.99668325;1585;603;*;319000~379999;1
5059;*;*;33~40;5.041388518;0.580774366;1583;749;*;319000~379999;1
5060;*;*;1~32;5.528673835;1.112903226;1162;558;0.0000~3.5347;258000~501999;1
5061;*;*;33~40;3.659163987;0.977491961;1128;311;0.0000~3.5347;75000~135999;1
5062;*;*;33~40;4.247844828;1.105603448;1673;464;0.0000~3.5347;75000~135999;1
5063;*;*;33~40;4.148305085;0.995762712;857;236;0.0000~3.5347;75000~135999;1
5064;*;*;41~48;4.275675676;1.124324324;1422;370;0.0000~3.5347;75000~135999;1
5065;*;*;41~48;5.239669421;1.096418733;1153;363;0.0000~3.5347;75000~135999;1
5066;*;*;41~48;5.151943463;1.151943463;1159;283;0.0000~3.5347;75000~135999;1
5067;*;*;41~48;4.662613982;1.167173252;1231;329;0.0000~3.5347;75000~135999;1
5068;*;*;41~48;4.975077882;1.208722741;902;321;0.0000~3.5347;75000~135999;1
5069;*;*;41~48;3.983606557;1.058548009;1484;427;0.0000~3.5347;75000~135999;1
5070;*;*;33~48;2.883116883;0.701298701;234;77;3.5348~7.0695;14000~135999;1
5071;*;*;49~56;3.75877193;0.859649123;694;228;*;14000~135999;1
5072;*;*;49~56;5.355685131;1.241982507;1062;343;*;14000~135999;1
5073;*;*;49~56;5.447457627;1.122033898;900;295;*;14000~135999;1
5074;*;*;49~56;4.841463415;1.107317073;1090;410;*;14000~135999;1
5075;*;*;49~56;5.323450135;1.021563342;1043;371;*;14000~135999;1
5076;*;*;49~56;5.058375635;1.131979695;1052;394;*;14000~135999;1
5077;*;*;41~48;4.969230769;1.21978022;1348;455;0.0000~3.5347;75000~135999;1
5078;*;*;41~48;5.040358744;1.035874439;783;223;0.0000~3.5347;75000~135999;1
5079;*;*;49~56;4.949458484;1.137184116;986;277;*;14000~135999;1
5080;*;*;41~48;4.975247525;1.101485149;1208;404;0.0000~3.5347;75000~135999;1
5081;*;*;41~48;5.230366492;1.073298429;1176;382;0.0000~3.5347;75000~135999;1
5082;*;*;41~48;4.532846715;0.98540146;811;274;0.0000~3.5347;75000~135999;1
5083;*;*;41~48;3.907586207;1.059310345;2542;725;0.0000~3.5347;75000~135999;1
5084;*;*;41~48;4.401574803;1.181102362;786;254;0.0000~3.5347;75000~135999;1
5085;*;*;33~40;3.945619335;1.042296073;1332;331;0.0000~3.5347;75000~135999;1
5086;*;*;41~48;3.986175115;0.889400922;782;217;0.0000~3.5347;75000~135999;1
5087;*;*;41~48;4.712328767;1.139726027;1382;365;0.0000~3.5347;75000~135999;1
5088;*;*;17~24;3.187725632;1.129963899;726;277;0.0000~3.5347;75000~135999;1
5089;*;*;25~32;4.020761246;1.100346021;1207;289;0.0000~3.5347;75000~135999;1
5090;*;*;25~32;3.800711744;0.964412811;1091;281;0.0000~3.5347;75000~135999;1
5091;*;*;25~32;3.871401152;1.086372361;2063;521;0.0000~3.5347;75000~135999;1
5092;*;*;33~40;4.058098592;1.116197183;1978;568;0.0000~3.5347;75000~135999;1
5093;*;*;41~48;4.523809524;1.142857143;2133;588;0.0000~3.5347;75000~135999;1
5094;*;*;41~48;4.6875;1.042763158;1140;304;0.0000~3.5347;75000~135999;1
5095;*;*;41~48;5.336842105;1.014035088;1074;285;0.0000~3.5347;75000~135999;1
5096;*;*;41~48;4.968421053;1.052631579;567;190;0.0000~3.5347;75000~135999;1
5097;*;*;49~56;5.509708738;1.094660194;1000;412;*;14000~135999;1
5098;*;*;49~56;5.281456954;1.07615894;823;302;*;14000~135999;1
5099;*;*;41~48;5.436842105;1.110526316;1156;380;0.0000~3.5347;75000~135999;1
5100;*;*;49~56;5.65625;0.961805556;819;288;*;136000~196999;1
5101;*;*;41~48;4.939102564;1.006410256;819;312;*;136000~196999;1
5102;*;*;41~48;5412;1144;751;250;0.0000~3.5347;75000~135999;1
5103;*;*;49~56;5.869426752;1.038216561;892;314;*;14000~135999;1
5104;*;*;41~48;5.330409357;1.046783626;1065;342;0.0000~3.5347;75000~135999;1
5105;*;*;33~48;4.930379747;1.053797468;1095;316;3.5348~7.0695;14000~135999;1
5106;*;*;41~48;6.058394161;1.04622871;1305;411;*;136000~196999;1
5107;*;*;41~48;5.340101523;0.997461929;1132;394;*;136000~196999;1
5108;*;*;41~48;4236;1138;1266;500;0.0000~3.5347;75000~135999;1
5109;*;*;41~48;4.651515152;1.067099567;1316;462;0.0000~3.5347;75000~135999;1
5110;*;*;41~48;5.26875;0.946875;870;320;*;136000~196999;1
5111;*;*;41~48;5.961538462;1.053254438;1020;338;*;136000~196999;1
5112;*;*;41~48;6.203557312;1.160079051;1319;506;0.0000~3.5347;75000~135999;1
5113;*;*;33~40;4.66576087;1.133152174;902;368;0.0000~3.5347;75000~135999;1
5114;*;*;41~48;4.576309795;1.006833713;1095;439;0.0000~3.5347;75000~135999;1
5115;*;*;33~40;5.296786389;1.168241966;1524;529;*;136000~196999;1
5116;*;*;41~48;3.338068182;0.965909091;1241;352;0.0000~3.5347;75000~135999;1
5117;*;*;33~40;4.035019455;1.093385214;1913;514;0.0000~3.5347;75000~135999;1
5118;*;*;33~40;3.875524476;1.121678322;2782;715;0.0000~3.5347;75000~135999;1
5119;*;*;25~32;3.994041708;1.199602781;3707;1007;0.0000~3.5347;75000~135999;1
5120;*;*;33~48;5.739130435;1.133152174;1161;368;3.5348~7.0695;14000~135999;1
5121;*;*;49~56;6.108958838;1.113801453;1167;413;*;14000~135999;1
5122;*;*;41~48;4.678466077;0.949852507;1077;339;*;136000~196999;1
5123;*;*;41~48;4.831325301;0.944578313;1134;415;*;136000~196999;1
5124;*;*;25~32;3.850678733;1.002262443;1966;442;0.0000~3.5347;75000~135999;1
5125;*;*;25~32;3.674766355;1.091588785;2028;535;0.0000~3.5347;75000~135999;1
5126;*;*;33~40;4.895622896;1.087542088;1098;297;0.0000~3.5347;75000~135999;1
5127;*;*;41~48;3.858823529;0.952941176;730;170;0.0000~3.5347;75000~135999;1
5128;*;*;41~48;3.987138264;1.003215434;1100;311;0.0000~3.5347;75000~135999;1
5129;*;*;41~48;3.953379953;0.988344988;1502;429;0.0000~3.5347;75000~135999;1
5130;*;*;33~40;3.61754386;1.031578947;1933;570;0.0000~3.5347;75000~135999;1
5131;*;*;41~48;4.294264339;1.139650873;2177;401;0.0000~3.5347;75000~135999;1
5132;*;*;41~48;4.053191489;1.095744681;854;188;0.0000~3.5347;75000~135999;1
5133;*;*;41~48;4.009287926;1.086687307;1120;323;0.0000~3.5347;75000~135999;1
5134;*;*;41~48;4.223728814;1.044067797;1031;295;0.0000~3.5347;75000~135999;1
5135;*;*;41~48;4.553892216;1.053892216;1100;334;0.0000~3.5347;75000~135999;1
5136;*;*;41~48;4344;996;880;250;0.0000~3.5347;75000~135999;1
5137;*;*;41~48;4.224043716;1.013661202;1186;366;0.0000~3.5347;75000~135999;1
5138;*;*;33~40;3.454833597;1.017432647;2464;631;0.0000~3.5347;75000~135999;1
5139;*;*;33~40;4.077777778;1.092063492;2601;630;0.0000~3.5347;75000~135999;1
5140;*;*;33~40;3.645290581;0.995991984;2110;499;0.0000~3.5347;75000~135999;1
5141;*;*;33~40;3.345890411;1.010273973;1073;292;0.0000~3.5347;75000~135999;1
5142;*;*;41~48;4.497175141;1.146892655;697;177;0.0000~3.5347;75000~135999;1
5143;*;*;33~40;4.053691275;1.118568233;1640;447;0.0000~3.5347;75000~135999;1
5144;*;*;41~48;4.201117318;1.044692737;1168;358;0.0000~3.5347;75000~135999;1
5145;*;*;33~40;4.94966443;1.16442953;1222;298;0.0000~3.5347;75000~135999;1
5146;*;*;33~40;3.837920489;0.987767584;902;327;0.0000~3.5347;75000~135999;1
5147;*;*;49~56;3.67679558;0.955801105;1144;362;*;14000~135999;1
5148;*;*;33~40;4.165242165;1.122507123;1310;351;0.0000~3.5347;75000~135999;1
5149;*;*;33~40;4.249056604;1.018867925;999;265;0.0000~3.5347;75000~135999;1
5150;*;*;33~40;4.078431373;1.082352941;1083;255;0.0000~3.5347;75000~135999;1
5151;*;*;33~40;4.282913165;1.00280112;1154;357;0.0000~3.5347;75000~135999;1
5152;*;*;33~40;3.907042254;0.974647887;1240;355;0.0000~3.5347;75000~135999;1
5153;*;*;41~48;4.398255814;1.072674419;1088;344;0.0000~3.5347;75000~135999;1
5154;*;*;33~40;4.271468144;1.038781163;1256;361;0.0000~3.5347;75000~135999;1
5155;*;*;33~40;4.642857143;1.094285714;1243;350;0.0000~3.5347;75000~135999;1
5156;*;*;41~48;4.144702842;1.031007752;1581;387;0.0000~3.5347;75000~135999;1
5157;*;*;33~40;3.900763359;1.026717557;2150;524;0.0000~3.5347;75000~135999;1
5158;*;*;41~48;4824;1216;1167;250;0.0000~3.5347;75000~135999;1
5159;*;*;33~40;4.666666667;1.169312169;697;189;0.0000~3.5347;75000~135999;1
5160;*;*;17~24;3305;1.018333333;2048;600;0.0000~3.5347;75000~135999;1
5161;*;*;33~40;4.28440367;1.107033639;1357;327;0.0000~3.5347;75000~135999;1
5162;*;*;25~32;3.466346154;0.985576923;842;208;0.0000~3.5347;75000~135999;1
5163;*;*;33~40;3.651226158;1.114441417;1463;367;0.0000~3.5347;75000~135999;1
5164;*;*;33~40;4.4784689;1.108452951;2357;627;0.0000~3.5347;75000~135999;1
5165;*;*;33~40;4.138686131;1.04136253;1468;411;0.0000~3.5347;75000~135999;1
5166;*;*;41~48;4.765873016;1.158730159;840;252;0.0000~3.5347;75000~135999;1
5167;*;*;33~40;3.457142857;0.882539683;995;315;0.0000~3.5347;75000~135999;1
5168;*;*;33~40;4.230612245;1.008163265;1753;490;0.0000~3.5347;75000~135999;1
5169;*;*;41~48;3.866220736;0.973244147;1074;299;0.0000~3.5347;75000~135999;1
5170;*;*;25~32;3.855555556;1.018518519;877;270;0.0000~3.5347;75000~135999;1
5171;*;*;33~40;3.932098765;1.259259259;679;162;0.0000~3.5347;75000~135999;1
5172;*;*;41~48;4.348958333;1.083333333;707;192;0.0000~3.5347;75000~135999;1
5173;*;*;33~40;3.961864407;0.957627119;818;236;0.0000~3.5347;75000~135999;1
5174;*;*;33~40;4.466063348;1.122171946;902;221;0.0000~3.5347;75000~135999;1
5175;*;*;33~40;4.161716172;1.03960396;1027;303;0.0000~3.5347;75000~135999;1
5176;*;*;25~32;4.903726708;1.090062112;1056;322;0.0000~3.5347;75000~135999;1
5177;*;*;33~40;5.146520147;1.194139194;1086;273;0.0000~3.5347;75000~135999;1
5178;*;*;41~48;4.556962025;0.919831224;850;237;0.0000~3.5347;75000~135999;1
5179;*;*;41~48;4.438596491;0.947368421;1296;399;0.0000~3.5347;75000~135999;1
5180;*;*;41~48;4.701587302;1.044444444;999;315;0.0000~3.5347;75000~135999;1
5181;*;*;41~48;4.465587045;1.072874494;760;247;0.0000~3.5347;75000~135999;1
5182;*;*;33~40;3.67032967;0.989010989;1092;273;0.0000~3.5347;75000~135999;1
5183;*;*;41~48;3.881748072;1.053984576;1408;389;0.0000~3.5347;75000~135999;1
5184;*;*;33~40;4.610526316;1.115789474;1080;285;0.0000~3.5347;75000~135999;1
5185;*;*;41~48;4.760479042;1.083832335;716;167;0.0000~3.5347;75000~135999;1
5186;*;*;33~40;3.84729064;0.992610837;1587;406;0.0000~3.5347;75000~135999;1
5187;*;*;41~48;4.710743802;1.115702479;466;121;0.0000~3.5347;75000~135999;1
5188;*;*;33~40;4.216374269;0.964912281;661;171;0.0000~3.5347;75000~135999;1
5189;*;*;33~40;5.466292135;1.241573034;842;178;0.0000~3.5347;75000~135999;1
5190;*;*;33~40;4.227665706;1.063400576;1247;347;0.0000~3.5347;75000~135999;1
5191;*;*;33~40;4.897777778;1.097777778;702;225;0.0000~3.5347;75000~135999;1
5192;*;*;41~48;4.890784983;1.006825939;775;293;0.0000~3.5347;75000~135999;1
5193;*;*;41~48;4.977272727;1.113636364;526;132;0.0000~3.5347;75000~135999;1
5194;*;*;33~40;4.219607843;0.956862745;705;255;0.0000~3.5347;75000~135999;1
5195;*;*;33~40;4.521604938;1.067901235;1147;324;0.0000~3.5347;75000~135999;1
5196;*;*;41~48;3.85;1.011764706;1182;340;0.0000~3.5347;75000~135999;1
5197;*;*;25~32;4.872928177;1.096685083;1406;362;0.0000~3.5347;75000~135999;1
5198;*;*;33~40;4.123015873;1.113095238;1901;504;0.0000~3.5347;75000~135999;1
5199;*;*;17~24;3.057761733;1.003610108;1283;277;0.0000~3.5347;75000~135999;1
5200;*;*;25~32;3.901129944;1.059322034;1268;354;0.0000~3.5347;75000~135999;1
5201;*;*;9~16;4;1.140350877;438;114;0.0000~3.5347;75000~135999;1
5202;*;*;41~48;4.594366197;0.952112676;1197;355;0.0000~3.5347;75000~135999;1
5203;*;*;41~48;4.424242424;1.072261072;1503;429;0.0000~3.5347;75000~135999;1
5204;*;*;41~48;5.741477273;1.076704545;1051;352;0.0000~3.5347;75000~135999;1
5205;*;*;41~48;5.416413374;1.027355623;1003;329;0.0000~3.5347;75000~135999;1
5206;*;*;41~48;4.14159292;1.137168142;913;226;0.0000~3.5347;75000~135999;1
5207;*;*;33~40;4.468822171;1.064665127;1616;433;0.0000~3.5347;75000~135999;1
5208;*;*;41~48;5.333333333;1.178571429;605;168;0.0000~3.5347;75000~135999;1
5209;*;*;33~40;4.410638298;1.063829787;1657;470;0.0000~3.5347;75000~135999;1
5210;*;*;33~40;4.599277978;1.018050542;975;277;0.0000~3.5347;75000~135999;1
5211;*;*;41~48;3.405063291;0.936708861;295;79;0.0000~3.5347;75000~135999;1
5212;*;*;33~48;4.408333333;0.933333333;448;120;3.5348~7.0695;14000~135999;1
5213;*;*;49~56;2.6;0.733333333;74;45;*;14000~135999;1
5214;*;*;41~48;4.689102564;1;940;312;0.0000~3.5347;75000~135999;1
5215;*;*;41~48;3.332335329;1.131736527;1305;334;0.0000~3.5347;75000~135999;1
5216;*;*;41~48;3.432900433;1.883116883;736;231;0.0000~3.5347;75000~135999;1
5217;*;*;33~40;3.904831625;0.982430454;2865;683;0.0000~3.5347;75000~135999;1
5218;*;*;33~40;4.171328671;0.979020979;1210;286;0.0000~3.5347;75000~135999;1
5219;*;*;33~40;4.414965986;1;653;147;0.0000~3.5347;75000~135999;1
5220;*;*;33~40;4.568047337;1.071005917;1938;507;0.0000~3.5347;75000~135999;1
5221;*;*;17~24;4.064516129;1.103225806;1167;310;0.0000~3.5347;75000~135999;1
5222;*;*;25~32;4.487394958;0.913865546;1799;476;0.0000~3.5347;75000~135999;1
5223;*;*;33~40;4.5;1.275510204;390;98;0.0000~3.5347;75000~135999;1
5224;*;*;25~32;3.472727273;0.909090909;801;220;0.0000~3.5347;75000~135999;1
5225;*;*;33~40;3.611111111;1;1068;270;0.0000~3.5347;75000~135999;1
5226;*;*;33~40;3.676161919;1.100449775;2664;667;0.0000~3.5347;75000~135999;1
5227;*;*;41~48;3.592105263;1.021929825;899;228;0.0000~3.5347;75000~135999;1
5228;*;*;33~40;3.729613734;1.034334764;1040;233;0.0000~3.5347;75000~135999;1
5229;*;*;33~40;5.527777778;1.25;673;144;0.0000~3.5347;75000~135999;1
5230;*;*;33~40;4.141129032;1.040322581;824;248;0.0000~3.5347;75000~135999;1
5231;*;*;25~32;3.557077626;0.917808219;861;219;0.0000~3.5347;75000~135999;1
5232;*;*;41~48;3.8;1.06;411;100;0.0000~3.5347;75000~135999;1
5233;*;*;33~40;4.58490566;1.030188679;1211;265;0.0000~3.5347;75000~135999;1
5234;*;*;33~40;4.876068376;1.102564103;1313;234;0.0000~3.5347;75000~135999;1
5235;*;*;33~40;4.144486692;1.015209125;1339;263;0.0000~3.5347;75000~135999;1
5236;*;*;33~40;3.675496689;1.440397351;1417;302;0.0000~3.5347;75000~135999;1
5237;*;*;25~32;4.607843137;1.034313725;1071;204;0.0000~3.5347;75000~135999;1
5238;*;*;33~40;4.245762712;1.042372881;487;118;0.0000~3.5347;75000~135999;1
5239;*;*;33~40;3.859813084;0.994392523;2015;535;0.0000~3.5347;75000~135999;1
5240;*;*;25~32;4.201581028;1.114624506;992;253;0.0000~3.5347;75000~135999;1
5241;*;*;25~32;6.715625;1.054166667;2184;960;7.0696~10.6043;*;1
5242;*;*;1~32;8.00286944;1.080344333;1567;697;10.6044~16.0000;*;1
5243;*;*;1~32;7.737037037;1.122222222;654;270;10.6044~16.0000;*;1
5244;*;*;1~32;7.99260355;1.065088757;3511;1352;10.6044~16.0000;*;1
5245;*;*;25~32;8.187817259;1.015228426;497;197;7.0696~10.6043;*;1
5246;*;*;17~24;7.095962938;1.070152217;3731;1511;7.0696~10.6043;*;1
5247;*;*;33~40;9.368263473;1.173652695;862;334;*;441000~501999;1
5248;*;*;41~48;8.365591398;0.967741935;238;93;*;380000~501999;1
5249;*;*;49~56;10.34482759;1.213793103;384;145;*;441000~501999;1
5250;*;*;1~32;8.385678392;1.057788945;2092;796;10.6044~16.0000;*;1
5251;*;*;33~40;6.708677686;1.084710744;1065;484;*;441000~501999;1
5252;*;*;1~32;7.27034358;1.03164557;2768;1106;10.6044~16.0000;*;1
5253;*;*;1~32;7.607142857;1.012672811;2336;868;10.6044~16.0000;*;1
5254;*;*;1~32;7.471786834;1.217868339;1500;638;10.6044~16.0000;*;1
5255;*;*;33~40;6.407265774;0.92543021;1564;523;*;441000~501999;1
5256;*;*;33~40;7.457564576;1.012915129;1318;542;*;441000~501999;1
5257;*;*;41~48;9.229032258;1.161290323;829;310;*;380000~501999;1
5258;*;*;33~40;8.321022727;1.039772727;1054;352;*;441000~501999;1
5259;*;*;1~32;8.494816211;1.052780396;2919;1061;10.6044~16.0000;*;1
5260;*;*;33~40;9.29375;1.01875;414;160;*;441000~501999;1
5261;*;*;33~40;7.235138705;1.100396301;1925;757;*;441000~501999;1
5262;*;*;41~48;5.832797428;1.045016077;709;311;*;380000~501999;1
5263;*;*;41~48;5.838235294;0.926470588;819;340;*;380000~501999;1
5264;*;*;1~32;7.27189781;1.041970803;2926;1096;10.6044~16.0000;*;1
5265;*;*;33~40;6.442965779;1.038022814;2540;1052;*;441000~501999;1
5266;*;*;41~48;6.123966942;0.987603306;617;242;*;380000~501999;1
5267;*;*;33~40;7.006688963;1.147157191;662;299;*;441000~501999;1
5268;*;*;17~24;7.175384615;1.073846154;761;325;7.0696~10.6043;*;1
5269;*;*;1~32;7.13878327;0.998098859;1493;526;10.6044~16.0000;*;1
5270;*;*;33~40;5.263921114;1.077726218;3646;1724;*;441000~501999;1
5271;*;*;41~48;7.410447761;0.970149254;368;134;*;380000~501999;1
5272;*;*;41~48;8.46484375;0.9921875;761;256;*;380000~501999;1
5273;*;*;41~48;6.555555556;1.011494253;735;261;*;380000~501999;1
5274;*;*;33~40;6.541353383;1.147368421;1551;665;*;441000~501999;1
5275;*;*;33~40;7.549090909;0.985454545;1461;550;*;441000~501999;1
5276;*;*;33~40;6.348780488;1.112195122;928;410;*;441000~501999;0
5277;*;*;33~40;7.40188383;1.08477237;1660;637;*;441000~501999;1
5278;*;*;41~48;7.432748538;1.111111111;419;171;*;380000~501999;1
5279;*;*;41~48;7.593984962;1.085213033;916;399;*;380000~501999;1
5280;*;*;41~48;7.021317829;1.023255814;1282;516;*;380000~501999;1
5281;*;*;41~48;8.5625;0.964285714;632;224;*;380000~501999;1
5282;*;*;25~32;3.981234867;1.082929782;2937;1652;3.5348~7.0695;380000~501999;1
5283;*;*;17~24;3.778085992;1.062413315;2202;1442;3.5348~7.0695;380000~501999;1
5284;*;*;25~32;4.055806938;1.084464555;1229;663;3.5348~7.0695;380000~501999;1
5285;*;*;25~32;4.008849558;1.131760079;1719;1017;3.5348~7.0695;319000~379999;1
5286;*;*;17~24;3.701932859;1.019328586;1489;983;3.5348~7.0695;380000~501999;1
5287;*;*;17~24;4.652096343;1.064228368;2048;1121;3.5348~7.0695;380000~501999;1
5288;*;*;25~32;4.574844075;1.073804574;1725;962;3.5348~7.0695;380000~501999;1
5289;*;*;33~40;5.411616162;1.095959596;751;396;*;441000~501999;1
5290;*;*;41~48;6.440191388;1.023923445;415;209;*;380000~501999;1
5291;*;*;41~48;9.203947368;0.973684211;410;152;*;380000~501999;1
5292;*;*;33~40;7.296127563;1.10022779;949;439;*;441000~501999;1
5293;*;*;33~40;5.482293423;1.10623946;1251;593;*;441000~501999;1
5294;*;*;25~32;5.307807808;1.123123123;1322;666;7.0696~10.6043;*;1
5295;*;*;33~40;6.665540541;1.121621622;1257;296;*;441000~501999;1
5296;*;*;25~32;4.509803922;1.106113033;1763;867;3.5348~7.0695;380000~501999;1
5297;*;*;1~32;3.258928571;1.174107143;965;224;0.0000~3.5347;258000~501999;1
5298;*;*;1~32;2.441314554;1.370892019;282;213;0.0000~3.5347;258000~501999;1
5299;*;*;1~32;3.42172524;1.159744409;3806;1252;0.0000~3.5347;258000~501999;1
5300;*;*;1~32;3.148148148;1.045484081;3751;1539;0.0000~3.5347;258000~501999;1
5301;*;*;1~32;2.977011494;1.117595049;2667;1131;0.0000~3.5347;258000~501999;1
5302;*;*;41~48;5.761061947;0.951327434;482;226;*;380000~501999;1
5303;*;*;41~48;6.16953317;1.12039312;808;407;*;380000~501999;1
5304;*;*;49~56;7.603773585;0.946540881;850;318;*;441000~501999;1
5305;*;*;41~48;6.193236715;1.111111111;913;414;*;380000~501999;1
5306;*;*;1~32;3.51862069;1.168965517;2609;1450;0.0000~3.5347;258000~501999;1
5307;*;*;17~24;4.613899614;1.150579151;1886;1036;3.5348~7.0695;380000~501999;1
5308;*;*;25~32;4.508393285;1.043165468;798;417;3.5348~7.0695;380000~501999;1
5309;*;*;9~16;4.357142857;1.064935065;2269;1232;3.5348~7.0695;258000~501999;1
5310;*;*;1~16;6.876889849;1.384449244;911;463;7.0696~10.6043;*;1
5311;*;*;41~48;5.479400749;1;601;267;*;380000~501999;1
5312;*;*;17~24;4.825198638;1.217934166;1581;881;3.5348~7.0695;380000~501999;1
5313;*;*;9~16;5.988847584;1.3866171;1649;807;3.5348~7.0695;258000~501999;1
5314;*;*;33~40;5.472014925;1.054104478;1077;536;*;441000~501999;1
5315;*;*;25~32;4.806569343;1.03649635;523;274;7.0696~10.6043;*;1
5316;*;*;33~40;5.213286713;1.160839161;1122;572;*;441000~501999;1
5317;*;*;17~24;4.935622318;1.092274678;1675;932;3.5348~7.0695;380000~501999;1
5318;*;*;41~48;5.494845361;0.927835052;291;97;*;380000~501999;1
5319;*;*;49~56;5.859813084;1.040498442;640;321;*;441000~501999;1
5320;*;*;33~40;5.216648879;1.201707577;1698;937;*;441000~501999;1
5321;*;*;49~56;5.550819672;0.950819672;727;305;*;441000~501999;1
5322;*;*;17~24;4.291153415;1.062709966;1613;893;3.5348~7.0695;380000~501999;1
5323;*;*;17~24;4.158852344;1.076277117;2492;1429;3.5348~7.0695;258000~318999;1
5324;*;*;17~24;5.018963338;1.1011378;1588;791;3.5348~7.0695;380000~501999;1
5325;*;*;49~56;5.88592233;1.055825243;962;412;*;441000~501999;1
5326;*;*;25~32;1.972906404;0.982758621;936;406;0.0000~3.5347;136000~196999;1
5327;*;*;17~24;3.530851064;1.111702128;1848;940;3.5348~7.0695;258000~318999;1
5328;*;*;1~32;3.038678485;1.064464142;2031;1241;0.0000~3.5347;258000~501999;1
5329;*;*;1~32;3.742950108;1.159436009;3136;1844;0.0000~3.5347;258000~501999;1
5330;*;*;17~24;3.368118324;1.057518488;2103;1217;3.5348~7.0695;258000~318999;1
5331;*;*;1~32;3.604912999;1.060388946;1820;977;0.0000~3.5347;258000~501999;1
5332;*;*;1~32;3.55;1.05;2719;1420;0.0000~3.5347;258000~501999;1
5333;*;*;1~32;3.639344262;1.103825137;1837;915;0.0000~3.5347;258000~501999;1
5334;*;*;1~32;3.064377682;1.027181688;1390;699;0.0000~3.5347;258000~501999;1
5335;*;*;25~32;3.530612245;1.084183673;1558;784;3.5348~7.0695;319000~379999;1
5336;*;*;1~32;3.600263852;1.183377309;1404;758;0.0000~3.5347;258000~501999;1
5337;*;*;1~32;3.894502229;1.050520059;1632;673;0.0000~3.5347;258000~501999;1
5338;*;*;17~24;4.753794266;1.092748735;1435;593;3.5348~7.0695;319000~379999;1
5339;*;*;41~48;4.154285714;0.96;520;175;*;258000~318999;1
5340;*;*;33~40;4.564738292;1.107438017;931;363;*;319000~379999;1
5341;*;*;49~56;4.571428571;1;14;7;*;197000~257999;1
5342;*;*;1~32;4.5;1.5;3;4;0.0000~3.5347;258000~501999;1
5343;*;*;1~32;4.231378764;1.049128368;1535;631;0.0000~3.5347;258000~501999;1
5344;*;*;49~56;5.804560261;1.003257329;735;307;*;441000~501999;1
5345;*;*;41~48;5.523809524;1.010989011;639;273;*;380000~501999;1
5346;*;*;41~48;5.281007752;1.102713178;1115;516;*;380000~501999;1
5347;*;*;9~16;5.122696156;1.164296998;3026;1899;3.5348~7.0695;258000~501999;1
5348;*;*;33~40;4.804276316;1.072368421;1124;608;*;441000~501999;1
5349;*;*;49~56;6.562176166;1.041450777;981;386;*;441000~501999;1
5350;*;*;25~32;5.556521739;1.146583851;1518;805;3.5348~7.0695;380000~501999;1
5351;*;*;33~40;7.372340426;0.95035461;720;282;*;441000~501999;1
5352;*;*;41~48;6.831578947;0.915789474;420;190;*;380000~501999;1
5353;*;*;33~40;6.80669145;1.100371747;871;269;*;441000~501999;1
5354;*;*;33~40;4.76584022;1.063360882;994;363;*;441000~501999;1
5355;*;*;49~56;5.669811321;0.896226415;228;106;*;441000~501999;1
5356;*;*;33~40;4.436823105;1.039711191;1047;554;*;380000~440999;1
5357;*;*;41~48;5.847457627;1.052730697;1253;531;*;380000~501999;1
5358;*;*;33~40;4.891203704;1.0625;859;432;*;441000~501999;1
5359;*;*;25~32;4.276595745;1.065349544;1139;658;3.5348~7.0695;380000~501999;1
5360;*;*;49~56;7.658634538;1.048192771;681;249;*;441000~501999;1
5361;*;*;49~56;6.4617737;1.01529052;800;327;*;441000~501999;1
5362;*;*;33~40;5.291161179;1.100519931;1234;577;*;441000~501999;1
5363;*;*;49~56;5.532212885;0.974789916;771;357;*;441000~501999;1
5364;*;*;49~56;5.086142322;1.018726592;574;267;*;441000~501999;1
5365;*;*;41~48;6.849180328;1.02295082;834;305;*;380000~501999;1
5366;*;*;41~48;6.618374558;1.010600707;635;283;*;380000~501999;1
5367;*;*;41~48;7.559686888;1.050880626;1398;511;*;380000~501999;1
5368;*;*;41~48;6.899328859;0.973154362;394;149;*;380000~501999;1
5369;*;*;41~48;7.191176471;0.995098039;577;204;*;380000~501999;1
5370;*;*;33~40;4.119705341;1.090239411;1794;543;*;197000~257999;1
5371;*;*;25~32;4.235119048;1.081845238;2120;672;0.0000~3.5347;197000~257999;1
5372;*;*;41~48;6.5;1.101694915;254;118;*;319000~379999;1
5373;*;*;33~40;3.964379947;1.017150396;2054;758;*;258000~318999;1
5374;*;*;33~40;4.726943942;1.028933092;1665;553;*;258000~318999;1
5375;*;*;41~48;3.366666667;0.766666667;85;30;*;197000~257999;1
5376;*;*;49~56;5.162629758;0.958477509;666;289;*;319000~379999;1
5377;*;*;49~56;4.572490706;1.037174721;669;269;*;258000~318999;1
5378;*;*;25~32;3.58004158;1.114345114;1161;481;0.0000~3.5347;197000~257999;1
5379;*;*;1~32;3.765864333;1.148796499;1890;914;0.0000~3.5347;258000~501999;1
5380;*;*;1~32;3.836236934;1.108013937;491;287;0.0000~3.5347;258000~501999;1
5381;*;*;41~48;5.055276382;1.010050251;520;199;*;319000~379999;1
5382;*;*;1~32;3.5008;1.1152;2435;1250;0.0000~3.5347;258000~501999;1
5383;*;*;1~32;3.403451493;1.087220149;3870;2144;0.0000~3.5347;258000~501999;1
5384;*;*;25~32;2.25877193;0.881578947;397;228;0.0000~3.5347;136000~196999;1
5385;*;*;1~32;3.235396687;1.039232781;1764;1147;0.0000~3.5347;258000~501999;1
5386;*;*;1~32;3.771676301;1.092485549;1322;692;0.0000~3.5347;258000~501999;1
5387;*;*;1~32;3.324771689;1.065068493;3390;1752;0.0000~3.5347;258000~501999;1
5388;*;*;17~24;3.318077803;1.164759725;746;437;0.0000~3.5347;14000~74999;1
5389;*;*;1~32;3.334417344;1.072086721;3397;1845;0.0000~3.5347;258000~501999;1
5390;*;*;33~40;3.986717268;1.079696395;1756;527;*;197000~257999;1
5391;*;*;33~40;3.691891892;1.013513514;1237;370;*;197000~257999;1
5392;*;*;41~48;5.51552795;1.055900621;514;161;*;197000~257999;1
5393;*;*;41~48;4.735602094;1.109947644;1094;382;*;136000~196999;1
5394;*;*;41~48;3.707317073;1.036585366;705;246;*;136000~196999;1
5395;*;*;1~32;4.13740458;1.229007634;442;131;0.0000~3.5347;258000~501999;1
5396;*;*;41~48;5.051724138;0.95862069;727;290;*;258000~318999;1
5397;*;*;41~48;5.71040724;1.009049774;637;221;*;380000~501999;1
5398;*;*;41~48;5.68627451;1.016339869;788;306;*;319000~379999;1
5399;*;*;33~40;4.478036176;1.108527132;855;387;*;319000~379999;1
5400;*;*;1~32;3.92183908;1.186206897;894;435;0.0000~3.5347;258000~501999;1
5401;*;*;41~48;5.721518987;1.113924051;358;158;*;319000~379999;1
5402;*;*;1~32;3.50170068;1.120748299;1349;588;0.0000~3.5347;258000~501999;1
5403;*;*;33~40;4.409090909;1.102272727;867;352;*;319000~379999;1
5404;*;*;33~40;5.325892857;0.915178571;488;224;*;319000~379999;1
5405;*;*;33~40;4.826732673;0.935643564;489;202;*;319000~379999;1
5406;*;*;1~32;3.791970803;1.105839416;606;274;0.0000~3.5347;258000~501999;1
5407;*;*;41~48;4.078947368;1.052631579;711;304;*;258000~318999;1
5408;*;*;41~48;4.330561331;1.097713098;993;481;*;319000~379999;1
5409;*;*;41~48;4.637450199;1.055776892;561;251;*;319000~379999;1
5410;*;*;33~40;4.959501558;0.959501558;783;321;*;380000~440999;1
5411;*;*;41~48;5.866666667;1025;651;240;*;380000~501999;1
5412;*;*;41~48;5.74122807;0.969298246;534;228;*;380000~501999;1
5413;*;*;33~40;5.824561404;1.096491228;626;228;*;380000~440999;1
5414;*;*;33~40;5.943231441;1.048034934;559;229;*;319000~379999;1
5415;*;*;33~40;5.81294964;1.002398082;1123;417;*;380000~440999;1
5416;*;*;25~32;4.863340564;1.062906725;921;461;3.5348~7.0695;380000~501999;1
5417;*;*;41~48;6.020242915;0.979757085;675;247;*;380000~501999;1
5418;*;*;33~40;5.31280389;1.024311183;1321;617;*;441000~501999;1
5419;*;*;33~40;5.902173913;1.1875;830;368;*;441000~501999;1
5420;*;*;41~48;6.314049587;1.008264463;634;242;*;380000~501999;1
5421;*;*;41~48;4.675097276;1.003891051;1001;514;*;380000~501999;1
5422;*;*;41~48;4.032051282;0.83974359;326;156;*;319000~379999;1
5423;*;*;17~24;3.691139241;1.106329114;2165;1185;3.5348~7.0695;380000~501999;1
5424;*;*;17~24;4.153649168;1.043533931;1423;781;3.5348~7.0695;319000~379999;1
5425;*;*;33~40;5.430992736;1.075060533;973;413;*;380000~440999;1
5426;*;*;1~32;4.762406015;1.108270677;1248;665;0.0000~3.5347;258000~501999;1
5427;*;*;33~40;3.162618796;0.994720169;2626;947;*;441000~501999;1
5428;*;*;33~40;3.950276243;0.986187845;805;362;*;258000~318999;1
5429;*;*;1~32;3.665924276;1.262806236;1655;898;0.0000~3.5347;258000~501999;1
5430;*;*;1~32;3.376425856;1.067173638;1745;789;0.0000~3.5347;258000~501999;1
5431;*;*;33~40;4.114285714;1.052380952;1161;420;*;258000~318999;1
5432;*;*;17~24;3.524737631;1.103448276;2636;1334;0.0000~3.5347;197000~257999;1
5433;*;*;1~32;3.5584;0.9888;1594;625;0.0000~3.5347;258000~501999;1
5434;*;*;33~40;5.354901961;1.049019608;1280;510;*;380000~440999;1
5435;*;*;25~32;4.180064309;1.144694534;703;311;3.5348~7.0695;380000~501999;1
5436;*;*;1~32;3.126746507;1.018962076;2242;1002;0.0000~3.5347;258000~501999;1
5437;*;*;41~48;5.357894737;0.978947368;746;285;*;380000~501999;1
5438;*;*;25~32;5.011904762;1.047619048;1046;504;3.5348~7.0695;380000~501999;1
5439;*;*;41~48;5.244274809;1.007633588;907;393;*;380000~501999;1
5440;*;*;41~48;4.287390029;0.991202346;821;341;*;319000~379999;1
5441;*;*;41~48;5.72611465;1.124203822;835;314;*;319000~379999;1
5442;*;*;33~40;5.533333333;1.04057971;867;345;*;319000~379999;1
5443;*;*;33~40;4.138263666;1.112540193;806;311;*;319000~379999;1
5444;*;*;1~32;3.842576029;1.067978533;1341;559;0.0000~3.5347;258000~501999;1
5445;*;*;17~24;3.67318612;1.076971609;3335;1585;0.0000~3.5347;197000~257999;1
5446;*;*;41~48;4.244565217;1.024456522;874;368;*;319000~379999;1
5447;*;*;41~48;4.403314917;1.019337017;952;362;*;319000~379999;1
5448;*;*;25~32;4.445434298;1.08908686;960;449;3.5348~7.0695;319000~379999;1
5449;*;*;25~32;4.707317073;1.112195122;1002;410;3.5348~7.0695;380000~501999;1
5450;*;*;1~32;3.37630854;1.0815427;3586;1815;0.0000~3.5347;258000~501999;1
5451;*;*;41~48;4.980582524;0.951456311;266;103;*;319000~379999;1
5452;*;*;33~40;3.891737892;1.044634378;2054;1053;*;319000~379999;1
5453;*;*;33~40;4.619047619;0.988095238;248;84;*;319000~379999;1
5454;*;*;33~40;5.63562753;1.052631579;679;247;*;319000~379999;1
5455;*;*;33~40;4.647058824;0.967320261;347;153;*;258000~318999;1
5456;*;*;33~40;3.284574468;1.037234043;891;376;*;258000~318999;1
5457;*;*;41~48;4.340782123;1.184357542;1839;537;*;258000~318999;1
5458;*;*;33~40;3.86163522;1.094339623;538;159;*;197000~257999;1
5459;*;*;33~40;3.564638783;0.952471483;1491;526;*;319000~379999;1
5460;*;*;33~40;3.508819539;1.037991859;1801;737;*;258000~318999;1
5461;*;*;1~32;3.975757576;1.139393939;1178;330;0.0000~3.5347;258000~501999;1
5462;*;*;41~48;4.244444444;1.148148148;833;270;*;258000~318999;1
5463;*;*;33~40;4.313131313;1.186868687;645;198;*;197000~257999;1
5464;*;*;33~40;3.238500852;1.156729131;865;587;*;380000~440999;1
5465;*;*;41~48;3.761016949;1.162711864;1107;590;*;380000~501999;1
5466;*;*;49~56;3.280334728;1.048117155;764;478;*;380000~440999;1
5467;*;*;49~56;3.732843137;1.095588235;636;408;*;380000~440999;1
5468;*;*;49~56;3.801754386;1.09122807;1095;570;*;319000~379999;1
5469;*;*;33~40;3.383045526;1.131868132;1082;637;*;258000~318999;1
5470;*;*;1~32;3.456730769;1.091346154;665;416;0.0000~3.5347;258000~501999;1
5471;*;*;49~56;2.265175719;1.051118211;388;313;*;319000~379999;1
5472;*;*;49~56;4.173553719;1.008264463;573;242;*;319000~379999;1
5473;*;*;49~56;4.577075099;1;528;253;*;319000~379999;1
5474;*;*;41~48;4.3828125;1.12109375;531;256;*;319000~379999;1
5475;*;*;41~48;4.567961165;1.116504854;493;206;*;319000~379999;1
5476;*;*;49~56;4.577319588;1.06185567;376;194;*;319000~379999;1
5477;*;*;41~48;5.320359281;1.083832335;896;334;*;319000~379999;1
5478;*;*;41~48;4.536723164;1.152542373;862;354;*;319000~379999;1
5479;*;*;41~48;4.441108545;0.942263279;1142;433;*;319000~379999;1
5480;*;*;33~40;4.382889201;1.100981767;1720;713;*;319000~379999;1
5481;*;*;49~56;4.313679245;1.113207547;779;424;*;319000~379999;1
5482;*;*;41~48;3.302238806;1.063432836;562;268;*;258000~318999;1
5483;*;*;33~40;4.035320088;1.015452539;1075;453;*;319000~379999;1
5484;*;*;25~32;4.294964029;1.06294964;1009;556;3.5348~7.0695;380000~501999;1
5485;*;*;33~40;4.581132075;1.132075472;478;265;*;441000~501999;1
5486;*;*;25~32;4.840611354;1.135371179;806;458;3.5348~7.0695;380000~501999;1
5487;*;*;25~32;3.932471264;1.16091954;1157;696;3.5348~7.0695;380000~501999;1
5488;*;*;41~48;4.287878788;1.018939394;654;264;*;319000~379999;1
5489;*;*;25~32;5.172506739;1.091644205;953;371;3.5348~7.0695;380000~501999;1
5490;*;*;17~24;3.800904977;1.095022624;964;663;3.5348~7.0695;380000~501999;1
5491;*;*;17~24;4.386243386;1.12962963;648;378;3.5348~7.0695;380000~501999;1
5492;*;*;17~24;4.707938093;1.234648028;3408;2003;3.5348~7.0695;380000~501999;1
5493;*;*;17~24;5.505592841;1.165548098;777;447;7.0696~10.6043;*;1
5494;*;*;1~32;6.006711409;1.214765101;237;149;10.6044~16.0000;*;1
5495;*;*;9~16;5.694029851;1.264925373;705;268;3.5348~7.0695;258000~501999;1
5496;*;*;33~40;4.301886792;1.012578616;381;159;*;258000~318999;1
5497;*;*;1~32;4.034090909;1.061363636;3738;880;0.0000~3.5347;258000~501999;1
5498;*;*;1~32;2.86622807;0.967105263;884;456;0.0000~3.5347;258000~501999;1
5499;*;*;1~32;3.855828221;1.206543967;2355;978;0.0000~3.5347;258000~501999;1
5500;*;*;33~40;3.443319838;0.975708502;1428;494;*;258000~318999;1
5501;*;*;33~40;4.823655914;1.064516129;1135;465;*;319000~379999;1
5502;*;*;17~24;5.412223667;1.033810143;2927;1538;7.0696~10.6043;*;1
5503;*;*;41~48;4.575903614;1.110843373;1260;415;*;319000~379999;1
5504;*;*;41~48;5.036511156;1.111561866;1212;493;*;258000~318999;1
5505;*;*;17~24;4.514239219;1.013018714;2847;1229;3.5348~7.0695;319000~379999;1
5506;*;*;1~8;3.104575163;1.013071895;236;153;3.5348~7.0695;258000~501999;1
5507;*;*;41~48;4.728280961;1.03142329;1328;541;*;258000~318999;1
5508;*;*;41~48;4.726072607;1.01650165;782;303;*;258000~318999;1
5509;*;*;33~40;3.879021879;1.057915058;3212;777;*;197000~257999;1
5510;*;*;33~40;3.81443299;0.881443299;599;194;*;197000~257999;1
5511;*;*;33~40;4.375634518;1.063451777;1079;394;*;258000~318999;1
5512;*;*;33~40;3.459283388;0.993485342;1026;307;*;258000~318999;1
5513;*;*;33~40;5.065116279;1.088372093;632;215;*;258000~318999;1
5514;*;*;33~40;4.530898876;1.06741573;1113;356;*;258000~318999;1
5515;*;*;33~40;4.531972789;1.057142857;1695;735;*;258000~318999;1
5516;*;*;33~40;5.516666667;0.972222222;374;180;*;319000~379999;1
5517;*;*;41~48;6.255760369;1.055299539;1151;434;*;319000~379999;1
5518;*;*;41~48;5.92972973;1.005405405;513;185;*;319000~379999;1
5519;*;*;41~48;5.335968379;1.007905138;1146;506;*;319000~379999;1
5520;*;*;41~48;6.56119403;1.050746269;839;335;*;319000~379999;1
5521;*;*;41~48;5.174904943;0.958174905;581;263;*;319000~379999;1
5522;*;*;41~48;4.917808219;1.280821918;662;292;*;319000~379999;1
5523;*;*;33~40;4.818181818;1.012987013;584;231;*;258000~318999;1
5524;*;*;33~40;4.150684932;0.945205479;131;73;*;319000~379999;1
5525;*;*;1~32;4.33873057;1.153497409;2725;1544;0.0000~3.5347;258000~501999;1
5526;*;*;33~40;6.12406015;1.033834586;668;266;*;380000~440999;1
5527;*;*;41~48;6.383333333;1.077777778;849;360;*;319000~379999;1
5528;*;*;41~48;5.865625;0.98125;877;320;*;319000~379999;1
5529;*;*;41~48;6.390070922;1.085106383;753;282;*;319000~379999;1
5530;*;*;41~48;6.310344828;0.965517241;581;232;*;319000~379999;1
5531;*;*;41~48;5.883966245;1.061181435;3732;474;*;319000~379999;1
5532;*;*;41~48;6.168776371;1.012658228;562;237;*;319000~379999;1
5533;*;*;41~48;6.133971292;1.033492823;494;209;*;319000~379999;1
5534;*;*;33~40;6.773006135;1.325153374;415;163;*;380000~440999;1
5535;*;*;9~16;5.23943662;0.971830986;800;355;3.5348~7.0695;258000~501999;1
5536;*;*;33~40;6.261744966;1.098434004;978;447;*;441000~501999;1
5537;*;*;17~24;7.484251969;1.062992126;704;254;7.0696~10.6043;*;1
5538;*;*;1~16;17.5;1.75;17;4;7.0696~10.6043;*;1
5539;*;*;17~24;7.587219344;1.668393782;1257;579;3.5348~7.0695;319000~379999;1
5540;*;*;9~16;4.142141864;1.108205841;6270;3595;3.5348~7.0695;258000~501999;1
5541;*;*;33~40;5.308139535;0.936046512;451;172;*;380000~440999;1
5542;*;*;33~40;6.102564103;1.008547009;314;117;*;380000~440999;1
5543;*;*;33~40;5.727891156;1.024943311;996;441;*;441000~501999;1
5544;*;*;33~40;6.05;0.966666667;502;180;*;380000~440999;1
5545;*;*;33~40;5.636363636;1.024793388;494;242;*;441000~501999;1
5546;*;*;41~48;6.127982646;0.982646421;1221;461;*;319000~379999;1
5547;*;*;41~48;5.907090465;1.11002445;1028;409;*;319000~379999;1
5548;*;*;41~48;5.267241379;1.020114943;847;348;*;258000~318999;1
5549;*;*;41~48;5.702453988;1.033742331;813;326;*;258000~318999;1
5550;*;*;41~48;5.322222222;1.017777778;1287;450;*;258000~318999;1
5551;*;*;33~40;3.542391304;1.051086957;2003;920;*;380000~440999;1
5552;*;*;25~32;3.481835564;1.124282983;1397;523;0.0000~3.5347;136000~196999;1
5553;*;*;1~16;4.441251596;1.316730524;3591;1566;0.0000~3.5347;197000~257999;1
5554;*;*;41~48;4.99122807;1;497;228;*;258000~318999;1
5555;*;*;9~16;3.00729927;0.934306569;310;137;3.5348~7.0695;258000~501999;1
5556;*;*;25~32;4.702702703;0.986486486;567;222;3.5348~7.0695;258000~318999;1
5557;*;*;41~48;5.266149871;1.018087855;1086;387;*;258000~318999;1
5558;*;*;17~24;4.846635368;1.237871674;1075;639;3.5348~7.0695;380000~501999;1
5559;*;*;33~40;5.246628131;1.053949904;1090;519;*;441000~501999;1
5560;*;*;33~40;6.348623853;1.01529052;771;327;*;441000~501999;1
5561;*;*;33~40;4.932773109;1.145658263;1309;357;*;136000~196999;1
5562;*;*;41~48;3.827160494;0.820987654;642;162;*;136000~196999;1
5563;*;*;41~48;3.658045977;0.887931034;1203;348;*;136000~196999;1
5564;*;*;41~48;5.265957447;1.131914894;1416;470;*;136000~196999;1
5565;*;*;25~32;3.414839798;1.042158516;2231;593;0.0000~3.5347;136000~196999;1
5566;*;*;17~24;4.956435644;1.053465347;1735;505;0.0000~3.5347;136000~196999;1
5567;*;*;17~24;4.666666667;1.14213198;2047;591;0.0000~3.5347;136000~196999;1
5568;*;*;25~32;4.369318182;0.933712121;1754;528;3.5348~7.0695;197000~257999;1
5569;*;*;25~32;3.799270073;1.116788321;2009;548;0.0000~3.5347;136000~196999;1
5570;*;*;33~40;4.675540765;1.021630616;1578;601;*;197000~257999;1
5571;*;*;25~32;5.362776025;1.072555205;864;317;3.5348~7.0695;197000~257999;1
5572;*;*;33~40;5.463414634;0.989159892;1083;369;*;197000~257999;1
5573;*;*;33~40;4.905844156;0.88961039;853;308;*;197000~257999;1
5574;*;*;1~16;3.689655172;1.114058355;1378;377;0.0000~3.5347;197000~257999;1
5575;*;*;1~16;4.482367758;1.094458438;2965;794;0.0000~3.5347;197000~257999;1
5576;*;*;33~40;5712;1072;825;250;*;197000~257999;1
5577;*;*;33~40;4.866666667;0.88627451;621;255;*;197000~257999;1
5578;*;*;33~40;3075;0.9;142;40;*;197000~257999;1
5579;*;*;25~32;4.357605178;1.069579288;1598;618;0.0000~3.5347;197000~257999;1
5580;*;*;33~40;4.10892587;0.998487141;1807;661;*;197000~257999;1
5581;*;*;25~32;3.961485557;1.103163686;2083;727;0.0000~3.5347;197000~257999;1
5582;*;*;33~40;4.598159509;1.042944785;1141;326;*;197000~257999;1
5583;*;*;25~32;4.110671937;1.106719368;2096;506;0.0000~3.5347;136000~196999;1
5584;*;*;25~32;3.662534435;1.053719008;2629;726;0.0000~3.5347;136000~196999;1
5585;*;*;17~24;5.341040462;1.028901734;3008;1038;3.5348~7.0695;258000~318999;1
5586;*;*;25~32;5.375722543;0.988439306;1498;519;3.5348~7.0695;258000~318999;1
5587;*;*;25~32;4.397727273;1.075284091;2048;704;0.0000~3.5347;197000~257999;1
5588;*;*;33~40;4.095307918;1.005865103;2255;682;*;197000~257999;1
5589;*;*;1~16;3.719251337;1.181818182;1790;748;0.0000~3.5347;197000~257999;1
5590;*;*;1~16;4.055681818;1.05;2159;880;0.0000~3.5347;197000~257999;1
5591;*;*;33~40;4.955684008;0.971098266;1172;519;*;258000~318999;1
5592;*;*;41~48;4.394736842;1.054824561;1658;456;*;136000~196999;1
5593;*;*;33~40;4.285353535;0.994949495;1274;396;*;136000~196999;1
5594;*;*;25~32;6.004651163;1.069767442;835;215;3.5348~7.0695;136000~196999;1
5595;*;*;25~32;3.256756757;0.918918919;1799;370;0.0000~3.5347;75000~135999;0
5596;*;*;25~32;4.447552448;1.181818182;788;143;3.5348~7.0695;14000~135999;0
5597;*;*;25~32;2.133928571;1.205357143;165;112;0.0000~3.5347;136000~196999;0
5598;*;*;33~40;4.532915361;1.02507837;980;319;*;136000~196999;1
5599;*;*;33~40;4.208728653;1.064516129;1789;527;*;136000~196999;1
5600;*;*;33~40;4.274011299;1.031073446;1227;354;*;136000~196999;1
5601;*;*;33~40;4.391044776;0.982089552;1207;335;*;136000~196999;1
5602;*;*;25~32;4.871465296;1.079691517;1422;389;3.5348~7.0695;136000~196999;1
5603;*;*;33~40;4.371428571;1.006593407;1668;455;*;136000~196999;1
5604;*;*;17~24;4.001792115;1.059139785;1915;558;0.0000~3.5347;136000~196999;1
5605;*;*;1~16;3.911392405;1.071729958;2855;948;0.0000~3.5347;136000~196999;1
5606;*;*;1~16;3.748995984;1.146586345;951;498;0.0000~3.5347;136000~196999;1
5607;*;*;17~24;3.897810219;1.032846715;1180;274;0.0000~3.5347;136000~196999;1
5608;*;*;1~16;2.815656566;1.04040404;1472;396;0.0000~3.5347;136000~196999;1
5609;*;*;25~32;4.514705882;1.085294118;1291;340;0.0000~3.5347;136000~196999;1
5610;*;*;25~32;3.619047619;1.062770563;1723;462;0.0000~3.5347;136000~196999;0
5611;*;*;25~32;3.485950413;1.076033058;2120;605;0.0000~3.5347;136000~196999;1
5612;*;*;33~40;3.861035422;0.978201635;1450;367;*;136000~196999;1
5613;*;*;33~40;3.55;0.976315789;1716;380;*;136000~196999;0
5614;*;*;33~40;4.080188679;1.08490566;1724;424;*;136000~196999;0
5615;*;*;33~40;3.291946309;0.959731544;1183;298;*;136000~196999;0
5616;*;*;17~24;3.355828221;1.082822086;2265;652;0.0000~3.5347;136000~196999;0
5617;*;*;41~48;4.821576763;1.095435685;1044;241;*;197000~257999;1
5618;*;*;1~32;2.565217391;1.043478261;69;23;0.0000~3.5347;258000~501999;0
5619;*;*;33~40;3.201550388;1.222222222;1524;387;*;136000~196999;0
5620;*;*;25~32;2.22556391;1.045112782;511;133;0.0000~3.5347;136000~196999;0
5621;*;*;17~24;3.543209877;1.067901235;784;162;0.0000~3.5347;136000~196999;0
5622;*;*;33~40;3.166184971;1.067919075;2931;692;*;136000~196999;0
5623;*;*;33~40;4.0456621;1.155251142;809;219;*;136000~196999;0
5624;*;*;25~32;3.818487395;1.166386555;2567;595;0.0000~3.5347;136000~196999;0
5625;*;*;17~24;3.021621622;1.057657658;4426;1110;0.0000~3.5347;136000~196999;1
5626;*;*;33~40;4.136518771;1.037542662;1076;293;*;136000~196999;1
5627;*;*;33~40;3.621338912;1.014644351;2115;478;*;136000~196999;0
5628;*;*;41~48;3.142857143;1.571428571;32;7;0.0000~3.5347;75000~135999;0
5629;*;*;1~32;4.968790637;1.033810143;2831;769;0.0000~3.5347;258000~501999;1
5630;*;*;17~24;5.770011947;1.025089606;4336;1674;3.5348~7.0695;258000~318999;1
5631;*;*;41~48;4.723076923;1.061538462;374;65;*;136000~196999;1
5632;*;*;41~48;3.536585366;1.032520325;1384;369;*;136000~196999;0
5633;*;*;17~24;2.090425532;1.005319149;429;188;0.0000~3.5347;136000~196999;0
5634;*;*;33~40;3.48111332;1.017892644;1939;503;*;197000~257999;0
5635;*;*;17~24;3.780185759;1.113003096;1916;646;0.0000~3.5347;197000~257999;0
5636;*;*;1~32;3.42;1084;486;250;0.0000~3.5347;258000~501999;0
5637;*;*;17~24;5.636363636;1.052631579;1291;418;3.5348~7.0695;380000~501999;1
5638;*;*;1~8;4.973083197;1.03588907;2678;1226;3.5348~7.0695;258000~501999;1
5639;*;*;41~48;5.932515337;1.073619632;481;163;*;258000~318999;1
5640;*;*;41~48;5.152631579;1.015789474;1098;380;*;258000~318999;1
5641;*;*;41~48;5.382566586;0.992736077;1163;413;*;258000~318999;0
5642;*;*;33~40;5.391684902;1.032822757;1111;457;*;319000~379999;0
5643;*;*;17~24;5.392513369;1.04171123;2260;935;3.5348~7.0695;319000~379999;0
5644;*;*;25~32;4.274611399;1.147668394;1359;386;0.0000~3.5347;136000~196999;0
5645;*;*;17~24;3.720532319;0.982889734;1454;526;0.0000~3.5347;197000~257999;1
5646;*;*;33~40;4.628070175;1.024561404;766;285;*;197000~257999;0
5647;*;*;25~32;3.853846154;1.053846154;1368;390;0.0000~3.5347;136000~196999;0
5648;*;*;49~56;3.604010025;1.182957393;1018;399;*;258000~318999;0
5649;*;*;41~48;4.01744186;1.049418605;905;344;*;197000~257999;0
5650;*;*;25~32;3.905838041;1.003766478;1311;531;0.0000~3.5347;197000~257999;0
5651;*;*;41~48;3.814814815;1.067901235;1151;486;*;197000~257999;0
5652;*;*;17~24;3.708333333;1.058035714;1699;672;0.0000~3.5347;197000~257999;0
5653;*;*;1~32;4.348159509;1.090490798;1669;652;0.0000~3.5347;258000~501999;0
5654;*;*;41~48;4.29528536;1.079404467;866;403;*;197000~257999;0
5655;*;*;1~32;3.815136476;1.066997519;1584;806;0.0000~3.5347;258000~501999;0
5656;*;*;33~40;5.637254902;0.964052288;799;306;*;319000~379999;0
5657;*;*;49~56;5.904255319;0.992907801;656;282;*;319000~379999;0
5658;*;*;17~24;4.331683168;1.110561056;1184;606;3.5348~7.0695;258000~318999;0
5659;*;*;41~48;5.092857143;1.076785714;1130;560;*;258000~318999;0
5660;*;*;49~56;5.578512397;0.994490358;957;363;*;319000~379999;0
5661;*;*;41~48;3.437847866;1.031539889;2090;539;*;197000~257999;0
5662;*;*;33~40;3.530529172;1.088195387;2178;737;*;197000~257999;0
5663;*;*;49~56;4.040697674;1.139534884;1767;516;*;197000~257999;0
5664;*;*;41~48;4.039697543;1.056710775;1550;529;*;197000~257999;0
5665;*;*;25~32;4.099870298;0.564202335;1865;771;0.0000~3.5347;197000~257999;0
5666;*;*;25~32;4.614953271;1.091588785;1253;535;0.0000~3.5347;197000~257999;0
5667;*;*;25~32;4.448739496;1.105882353;1459;595;0.0000~3.5347;197000~257999;0
5668;*;*;1~32;4.530685921;1.05234657;1388;554;0.0000~3.5347;258000~501999;0
5669;*;*;33~40;4.391156463;1.030612245;1304;588;*;258000~318999;0
5670;*;*;49~56;5.701388889;0.996527778;692;288;*;319000~379999;0
5671;*;*;25~32;5.906318083;1.106753813;1372;459;3.5348~7.0695;319000~379999;0
5672;*;*;41~48;5.796791444;0.954545455;1171;374;*;258000~318999;0
5673;*;*;33~40;5.837628866;0.943298969;986;388;*;380000~440999;0
5674;*;*;25~32;6.911949686;1.056603774;407;159;7.0696~10.6043;*;0
5675;*;*;25~32;6.051808407;1.056695992;2297;1023;3.5348~7.0695;380000~501999;0
5676;*;*;33~40;4.49784792;1.070301291;1815;697;*;258000~318999;0
5677;*;*;41~48;5.359504132;1.016528926;611;242;*;380000~501999;0
5678;*;*;33~40;6.326530612;0.986394558;1167;441;*;319000~379999;0
5679;*;*;33~40;3.951923077;1.132211538;780;416;*;441000~501999;0
5680;*;*;33~40;4.691747573;1.152912621;902;412;*;319000~379999;0
5681;*;*;25~32;4.437598736;1.052132701;1316;633;3.5348~7.0695;258000~318999;0
5682;*;*;33~40;5.218503937;1.161417323;1103;508;*;197000~257999;0
5683;*;*;17~24;3.71563981;1.071090047;801;422;0.0000~3.5347;197000~257999;0
5684;*;*;1~8;5.57254902;1.023529412;1624;510;3.5348~7.0695;258000~501999;0
5685;*;*;25~32;6.743006993;1.061188811;1695;572;7.0696~10.6043;*;1
5686;*;*;33~40;6.566298343;1;1055;362;*;319000~379999;1
5687;*;*;25~32;6.534632035;1.015151515;1349;462;7.0696~10.6043;*;1
5688;*;*;25~32;6.450084602;1.00676819;1645;591;7.0696~10.6043;*;1
5689;*;*;33~40;5.271889401;1.011520737;1079;434;*;319000~379999;1
5690;*;*;41~48;6.089171975;0.98089172;896;314;*;319000~379999;1
5691;*;*;41~48;5.100961538;1;514;208;*;197000~257999;1
5692;*;*;41~48;5.837121212;1.060606061;753;264;*;258000~318999;1
5693;*;*;33~40;5.276951673;1.100371747;1413;538;*;258000~318999;1
5694;*;*;33~40;6.5625;1.079166667;1392;480;*;319000~379999;1
5695;*;*;33~40;5.332599119;1.046255507;1232;454;*;258000~318999;1
5696;*;*;33~40;5.348432056;0.986062718;816;287;*;258000~318999;1
5697;*;*;33~40;6.102564103;1.025641026;788;273;*;319000~379999;1
5698;*;*;33~40;6.120689655;1.02955665;1226;406;*;319000~379999;1
5699;*;*;41~48;4.45;895;555;200;*;258000~318999;1
5700;*;*;41~48;4.311546841;1.080610022;1157;459;*;197000~257999;1
5701;*;*;25~32;5.498666667;1056;1089;375;3.5348~7.0695;258000~318999;1
5702;*;*;33~40;5.281081081;0.994594595;967;370;*;258000~318999;1
5703;*;*;41~48;4.728476821;1.07615894;836;302;*;197000~257999;1
5704;*;*;33~40;5.676923077;0.994871795;518;195;*;258000~318999;1
5705;*;*;33~40;5.996677741;1.006644518;838;301;*;319000~379999;1
5706;*;*;25~32;5.503797468;1.058227848;1030;395;3.5348~7.0695;319000~379999;1
5707;*;*;33~40;4.547945205;1.094368341;1357;657;*;258000~318999;1
5708;*;*;1~32;4.549295775;1.070422535;1217;568;0.0000~3.5347;258000~501999;1
5709;*;*;25~32;3.852631579;1.068421053;693;380;0.0000~3.5347;197000~257999;1
5710;*;*;33~40;3.624352332;1.010362694;859;386;*;197000~257999;1
5711;*;*;41~48;5.105154639;1.043298969;1271;485;*;258000~318999;1
5712;*;*;33~40;4.641509434;1.094339623;926;371;*;197000~257999;1
5713;*;*;33~40;4.63099631;0.987084871;1516;542;*;258000~318999;1
5714;*;*;49~56;6.866666667;1.044444444;121;45;*;258000~318999;1
5715;*;*;49~56;5.006779661;0.949152542;750;295;*;258000~318999;1
5716;*;*;41~48;4.976351351;0.993243243;807;296;*;258000~318999;1
5717;*;*;41~48;4.542857143;0.993406593;1282;455;*;258000~318999;1
5718;*;*;25~32;4.604342581;1.068757539;1888;829;3.5348~7.0695;197000~257999;1
5719;*;*;33~40;5.334042553;1.1;1232;470;*;197000~257999;1
5720;*;*;33~40;7.135652174;1.031304348;3141;1150;*;441000~501999;1
5721;*;*;41~48;5.977419355;1.112903226;757;310;*;380000~501999;1
5722;*;*;41~48;6.188405797;1.014492754;768;276;*;380000~501999;1
5723;*;*;41~48;6.879056047;1.283185841;943;339;*;380000~501999;1
5724;*;*;25~32;7.216658404;1.029747149;5459;2017;7.0696~10.6043;*;1
5725;*;*;33~40;4.566666667;0.971428571;446;210;*;319000~379999;1
5726;*;*;25~32;5.309255079;1.038374718;1895;886;3.5348~7.0695;380000~501999;1
5727;*;*;33~40;4.955375254;0.997971602;1115;493;*;380000~440999;1
5728;*;*;1~32;8.402515723;1.053459119;1113;318;10.6044~16.0000;*;1
5729;*;*;33~40;4.828175027;1.072572038;2099;937;*;319000~379999;1
5730;*;*;17~24;7.292020374;1.044991511;3401;1178;7.0696~10.6043;*;1
5731;*;*;25~32;5.786666667;0.986666667;199;75;3.5348~7.0695;380000~501999;1
5732;*;*;49~56;6.721804511;1.003759398;735;266;*;319000~379999;1
5733;*;*;25~32;6.438515081;1.022041763;2465;862;3.5348~7.0695;380000~501999;1
5734;*;*;25~32;5.676416819;1.063985375;1359;547;3.5348~7.0695;380000~501999;1
5735;*;*;25~32;3.414078675;1.080745342;1332;483;0.0000~3.5347;197000~257999;1
5736;*;*;33~40;5.709677419;0.994623656;998;372;*;319000~379999;1
5737;*;*;33~40;4.668498168;1.082417582;1156;546;*;319000~379999;1
5738;*;*;49~56;7.981751825;1.03649635;733;274;*;380000~440999;1
5739;*;*;49~56;6.657342657;1.038461538;797;286;*;380000~440999;1
5740;*;*;49~56;6.676549865;1.037735849;993;371;*;319000~379999;1
5741;*;*;49~56;5.570909091;1.061818182;631;275;*;319000~379999;1
5742;*;*;1~32;3.742523705;1.047410649;2690;1371;0.0000~3.5347;258000~501999;1
5743;*;*;17~24;4.449513837;1.059835453;2593;1337;3.5348~7.0695;258000~318999;1
5744;*;*;17~24;4.486280488;1.172256098;1312;656;0.0000~3.5347;136000~196999;1
5745;*;*;17~24;3.599260173;1.056720099;1866;811;0.0000~3.5347;197000~257999;1
5746;*;*;17~24;3.916091954;1.017241379;1883;870;3.5348~7.0695;319000~379999;1
5747;*;*;41~48;5.799256506;1.040892193;825;269;*;319000~379999;1
5748;*;*;1~16;4.285957447;1.105531915;3164;1175;0.0000~3.5347;197000~257999;1
5749;*;*;41~48;5.343839542;1.031518625;973;349;*;319000~379999;1
5750;*;*;49~56;5.3;0.984090909;1135;440;*;319000~379999;1
5751;*;*;49~56;6.165644172;1.334355828;908;326;*;319000~379999;1
5752;*;*;49~56;7.726351351;0.996621622;829;296;*;441000~501999;1
5753;*;*;49~56;7.604010025;1.01754386;1158;399;*;441000~501999;1
5754;*;*;41~48;7.031347962;1.062695925;911;319;*;380000~501999;1
5755;*;*;49~56;6.210023866;0.997613365;1137;419;*;319000~379999;1
5756;*;*;49~56;6.38247012;1.055776892;667;251;*;319000~379999;1
5757;*;*;49~56;7.103559871;1.087378641;878;309;*;319000~379999;1
5758;*;*;17~24;4.235294118;1.034976153;1553;629;3.5348~7.0695;197000~257999;1
5759;*;*;17~24;3.879154079;1.073514602;2986;993;0.0000~3.5347;197000~257999;1
5760;*;*;49~56;5.569131833;0.980707395;875;311;*;258000~318999;1
5761;*;*;9~16;4.348530902;1.089159068;2719;987;3.5348~7.0695;258000~501999;1
5762;*;*;25~32;3.801204819;1.018072289;1019;332;3.5348~7.0695;197000~257999;1
5763;*;*;41~48;3.859813084;1;349;107;*;136000~196999;1
5764;*;*;1~16;3.662847791;1.116202946;1882;611;0.0000~3.5347;197000~257999;1
5765;*;*;17~24;3.617726052;1.046553268;3309;1117;0.0000~3.5347;197000~257999;1
5766;*;*;25~32;3;875;74;16;3.5348~7.0695;136000~196999;1
5767;*;*;33~40;3.940438871;0.996865204;764;319;*;197000~257999;1
5768;*;*;33~40;4.280821918;1.050228311;869;438;*;197000~257999;1
5769;*;*;33~40;3.923076923;1.067155067;2401;819;*;197000~257999;1
5770;*;*;41~48;4.211594203;1.031884058;787;345;*;197000~257999;1
5771;*;*;17~24;4.037433155;1.135472371;1684;561;0.0000~3.5347;197000~257999;1
5772;*;*;25~32;4.067385445;1.086253369;2205;742;0.0000~3.5347;197000~257999;1
5773;*;*;1~16;3.284369115;1.009416196;1494;531;0.0000~3.5347;197000~257999;1
5774;*;*;49~56;4.636871508;1.022346369;479;179;*;197000~257999;1
5775;*;*;41~48;5.003846154;0.973076923;637;260;*;197000~257999;1
5776;*;*;49~56;4.939716312;1.028368794;605;282;*;197000~257999;1
5777;*;*;17~24;3.400383142;1.005747126;950;522;3.5348~7.0695;136000~196999;1
5778;*;*;1~16;3.454229432;1.035921205;1941;863;0.0000~3.5347;136000~196999;1
5779;*;*;1~16;3.947990544;1.117021277;2315;846;0.0000~3.5347;197000~257999;1
5780;*;*;17~24;3.675555556;1.12;1763;675;0.0000~3.5347;197000~257999;1
5781;*;*;49~56;5.3125;1.0125;493;160;*;258000~318999;1
5782;*;*;1~32;4.504118616;1.084019769;1562;607;0.0000~3.5347;258000~501999;1
5783;*;*;41~48;4.69581749;1.030418251;499;263;*;258000~318999;1
5784;*;*;9~16;4.170786517;1.129213483;1888;890;3.5348~7.0695;197000~257999;1
5785;*;*;9~16;4.08839779;1.044198895;1681;905;3.5348~7.0695;197000~257999;1
5786;*;*;17~24;3.355781449;1.019695044;4116;1574;0.0000~3.5347;197000~257999;1
5787;*;*;17~24;3.642642643;1.09984985;3171;1332;0.0000~3.5347;136000~196999;1
5788;*;*;25~32;3.740181269;1.021148036;605;331;0.0000~3.5347;197000~257999;1
5789;*;*;25~32;3.263033175;1.052132701;768;422;0.0000~3.5347;136000~196999;1
5790;*;*;17~24;4.049079755;1.050102249;1729;978;0.0000~3.5347;136000~196999;1
5791;*;*;33~40;3.626582278;1.093670886;2061;790;*;197000~257999;1
5792;*;*;17~24;3.251271617;1.011190234;2929;983;0.0000~3.5347;197000~257999;1
5793;*;*;25~32;3.111229947;1.09197861;2614;935;0.0000~3.5347;197000~257999;1
5794;*;*;1~32;3.373529412;1.052941176;1686;680;0.0000~3.5347;258000~501999;1
5795;*;*;25~32;3.566625156;1.051058531;1745;803;0.0000~3.5347;197000~257999;1
5796;*;*;25~32;3.599609375;1.08203125;1402;512;0.0000~3.5347;197000~257999;1
5797;*;*;33~40;3.332720588;1.029411765;1501;544;*;197000~257999;1
5798;*;*;33~40;4.292428198;1.031331593;959;383;*;197000~257999;1
5799;*;*;41~48;5.507614213;1.017766497;1043;394;*;258000~318999;1
5800;*;*;1~16;3.208398134;1.041990669;1892;643;0.0000~3.5347;197000~257999;1
5801;*;*;1~16;3.344993141;1.020576132;4486;1458;0.0000~3.5347;197000~257999;1
5802;*;*;25~32;2.96875;1.047794118;1245;544;0.0000~3.5347;136000~196999;1
5803;*;*;33~40;2.485106383;1.106382979;552;235;*;258000~318999;1
5804;*;*;1~16;2.498871332;1.081264108;616;443;0.0000~3.5347;136000~196999;1
5805;*;*;49~56;2.700598802;0.958083832;650;334;*;258000~318999;1
5806;*;*;25~32;2.847302905;1.014107884;4094;1205;0.0000~3.5347;197000~257999;1
5807;*;*;1~16;3.680555556;1.152777778;1025;288;0.0000~3.5347;136000~196999;1
5808;*;*;1~8;3.933940774;1.15261959;1200;439;3.5348~7.0695;197000~257999;1
5809;*;*;1~16;3.854619565;1.054347826;2287;736;0.0000~3.5347;197000~257999;1
5810;*;*;25~32;3.192039801;1.105472637;2843;1005;0.0000~3.5347;197000~257999;1
5811;*;*;33~40;3.066518847;1.042128603;1185;451;*;197000~257999;1
5812;*;*;33~40;2.882352941;1.088235294;194;68;*;197000~257999;1
5813;*;*;17~24;3.721448468;1.103064067;1255;359;0.0000~3.5347;197000~257999;1
5814;*;*;1~16;3.252798507;1.055037313;3749;1072;0.0000~3.5347;197000~257999;1
5815;*;*;25~32;3.374717833;1.047404063;5217;1772;0.0000~3.5347;136000~196999;1
5816;*;*;17~24;3.103448276;1.025198939;2226;754;0.0000~3.5347;197000~257999;1
5817;*;*;41~48;4.58372093;1.020930233;1245;430;*;258000~318999;1
5818;*;*;49~56;3.617977528;0.988764045;229;89;*;197000~257999;1
5819;*;*;33~40;3.230263158;1.123903509;2542;912;*;197000~257999;1
5820;*;*;17~24;3.004065041;1.077235772;861;246;0.0000~3.5347;136000~196999;1
5821;*;*;25~32;7.012727273;1.029090909;3199;1100;7.0696~10.6043;*;1
5822;*;*;25~32;6.645833333;1.01875;1362;480;3.5348~7.0695;380000~501999;1
5823;*;*;33~40;5.935275081;1.022653722;864;309;*;258000~318999;1
5824;*;*;33~40;5.098039216;1.013071895;1441;612;*;319000~379999;1
5825;*;*;1~32;4.242957746;1.071596244;1924;852;0.0000~3.5347;258000~501999;1
5826;*;*;49~56;6.503816794;1.057251908;746;262;*;319000~379999;1
5827;*;*;49~56;6.502164502;1.051948052;586;231;*;319000~379999;1
5828;*;*;25~32;4.376044568;1.08542247;2372;1077;3.5348~7.0695;258000~318999;1
5829;*;*;49~56;6.356223176;1.004291845;1364;466;*;319000~379999;1
5830;*;*;33~40;6.086330935;0.946043165;778;278;*;319000~379999;1
5831;*;*;33~40;6.169590643;1.011695906;984;342;*;319000~379999;1
5832;*;*;33~40;5.622222222;1.007407407;372;135;*;319000~379999;1
5833;*;*;33~40;6.360128617;1.083601286;834;311;*;258000~318999;1
5834;*;*;41~48;5.342741935;1.024193548;613;248;*;258000~318999;1
5835;*;*;41~48;5.362586605;0.965357968;1106;433;*;258000~318999;1
5836;*;*;41~48;4.60547504;1.098228663;1516;621;*;258000~318999;1
5837;*;*;41~48;4064;1048;1176;375;*;136000~196999;1
5838;*;*;1~16;3.359570662;1.098389982;1874;559;0.0000~3.5347;197000~257999;1
5839;*;*;25~32;5.481389578;1.101736973;952;403;3.5348~7.0695;319000~379999;1
5840;*;*;33~40;5.5625;1.0375;485;240;*;319000~379999;1
5841;*;*;33~40;4.822222222;1.050793651;613;315;*;258000~318999;1
5842;*;*;41~48;4.826666667;0.993333333;420;150;*;319000~379999;1
5843;*;*;33~40;4.827868852;0.975409836;375;122;*;197000~257999;1
5844;*;*;17~24;3.731288981;1.031704782;4757;1924;0.0000~3.5347;197000~257999;1
5845;*;*;1~16;3.832264957;1.066773504;4293;1872;0.0000~3.5347;197000~257999;1
5846;*;*;33~40;3.153153153;1.036036036;342;111;*;197000~257999;1
5847;*;*;1~16;3.908896797;1.102491103;2997;1405;0.0000~3.5347;136000~196999;1
5848;*;*;1~16;3.656874266;1.045828437;1700;851;0.0000~3.5347;136000~196999;1
5849;*;*;1~16;3.525974026;1.035250464;1986;1078;0.0000~3.5347;197000~257999;1
5850;*;*;49~56;5.052631579;1.078947368;83;38;*;14000~135999;1
5851;*;*;41~48;4.688235294;1.144117647;832;340;*;197000~257999;1
5852;*;*;33~40;3.667279412;1.036764706;1202;544;*;197000~257999;1
5853;*;*;41~48;5.33814433;0.958762887;1284;485;*;197000~257999;1
5854;*;*;41~48;5.62962963;1.052287582;1118;459;*;197000~257999;1
5855;*;*;41~48;4.817767654;1.054669704;1133;439;*;197000~257999;1
5856;*;*;41~48;5.039215686;1.01372549;1256;510;*;197000~257999;1
5857;*;*;41~48;4.717868339;1.087774295;799;319;*;197000~257999;1
5858;*;*;41~48;4625;0.9375;490;176;*;197000~257999;1
5859;*;*;41~48;4.911392405;0.996835443;785;316;*;197000~257999;1
5860;*;*;49~56;5.365122616;1.027247956;977;367;*;197000~257999;1
5861;*;*;41~48;5.861878453;1.063535912;926;362;*;197000~257999;1
5862;*;*;41~48;4.035294118;0.988235294;613;255;*;197000~257999;1
5863;*;*;41~48;5.152694611;1.026946108;834;334;*;197000~257999;1
5864;*;*;41~48;5.085141903;1.056761269;1448;599;*;197000~257999;1
5865;*;*;41~48;4.722033898;1.020338983;714;295;*;197000~257999;1
5866;*;*;41~48;4.426470588;0.931372549;557;204;*;197000~257999;1
5867;*;*;41~48;5.681355932;1.091525424;846;295;*;197000~257999;1
5868;*;*;41~48;5.532653061;1.002040816;1277;490;*;197000~257999;1
5869;*;*;41~48;5.111111111;1.052777778;866;360;*;197000~257999;1
5870;*;*;41~48;4.512280702;1.075438596;1280;570;*;197000~257999;1
5871;*;*;41~48;5.01754386;0.994152047;365;171;*;197000~257999;1
5872;*;*;41~48;4.875379939;0.990881459;814;329;*;197000~257999;1
5873;*;*;41~48;5.305439331;1.0041841;661;239;*;197000~257999;1
5874;*;*;41~48;4.595155709;1.003460208;720;289;*;197000~257999;1
5875;*;*;41~48;5.460949464;1.073506891;1601;653;*;197000~257999;1
5876;*;*;49~56;5.406417112;1.033868093;1284;561;*;197000~257999;1
5877;*;*;41~48;4.949781659;1.043668122;1083;458;*;197000~257999;1
5878;*;*;41~48;5.148148148;1.040740741;538;270;*;258000~318999;1
5879;*;*;49~56;5.117647059;0.894117647;584;255;*;258000~318999;1
5880;*;*;41~48;5.298630137;1.02739726;750;365;*;197000~257999;1
5881;*;*;33~40;4.771543086;1.152304609;1235;499;*;197000~257999;1
5882;*;*;41~48;5.008746356;1.002915452;756;343;*;197000~257999;1
5883;*;*;49~56;5.103603604;0.954954955;545;222;*;197000~257999;1
5884;*;*;41~48;4.864022663;1.107648725;848;353;*;197000~257999;1
5885;*;*;41~48;5.674796748;1.195121951;608;246;*;197000~257999;1
5886;*;*;41~48;4.136085627;0.99235474;1676;654;*;197000~257999;1
5887;*;*;33~40;3.572463768;1.217391304;259;138;0.0000~3.5347;14000~74999;1
5888;*;*;41~48;4.388704319;1.006644518;471;301;*;319000~379999;1
5889;*;*;33~40;4.414388489;1.087769784;1190;695;*;441000~501999;1
5890;*;*;9~16;4.610465116;1.095930233;625;344;3.5348~7.0695;258000~501999;1
5891;*;*;25~32;3.699513382;1.072384428;2616;1644;3.5348~7.0695;197000~257999;1
5892;*;*;41~48;5.362363919;1.073094868;1562;643;*;258000~318999;1
5893;*;*;33~40;4.290676417;1.215722121;1317;547;*;319000~379999;1
5894;*;*;49~56;5.163461538;0.817307692;403;208;*;319000~379999;1
5895;*;*;33~40;4.635235732;0.88337469;799;403;*;258000~318999;1
5896;*;*;17~24;3.576315789;1.126315789;770;380;0.0000~3.5347;197000~257999;1
5897;*;*;41~48;5.491803279;1.06088993;1031;427;*;258000~318999;1
5898;*;*;1~16;3.789915966;1.114845938;1211;357;0.0000~3.5347;197000~257999;1
5899;*;*;33~40;4.928735632;1.025287356;860;435;*;258000~318999;1
5900;*;*;1~16;3.750588235;1.095294118;2118;850;0.0000~3.5347;197000~257999;1
5901;*;*;17~24;3.333333333;1.050400916;2522;873;0.0000~3.5347;197000~257999;1
5902;*;*;33~40;5.047520661;1.02892562;1601;484;*;136000~196999;1
5903;*;*;33~40;4.262996942;0.957186544;1111;327;*;136000~196999;1
5904;*;*;33~40;4.535897436;1.051282051;1499;390;*;136000~196999;1
5905;*;*;33~40;4.757188498;1.041533546;1389;313;*;136000~196999;1
5906;*;*;25~32;4.370967742;0.983870968;246;62;0.0000~3.5347;136000~196999;1
5907;*;*;33~40;6.45049505;1.106435644;1555;404;*;136000~196999;1
5908;*;*;33~40;4.556149733;0.927807487;1384;374;*;136000~196999;1
5909;*;*;33~40;4.221843003;1.017064846;1073;293;*;136000~196999;1
5910;*;*;49~56;4.390334572;0.985130112;1196;269;*;136000~196999;1
5911;*;*;25~32;3.228464419;1.048689139;1243;267;0.0000~3.5347;136000~196999;1
5912;*;*;25~32;3.684210526;1.116959064;1434;342;0.0000~3.5347;75000~135999;1
5913;*;*;25~32;4.069825436;1;1357;401;0.0000~3.5347;136000~196999;1
5914;*;*;25~32;3.371681416;1.008849558;840;226;0.0000~3.5347;136000~196999;1
5915;*;*;25~32;3.685314685;1.020979021;582;143;0.0000~3.5347;136000~196999;1
5916;*;*;41~48;0.846153846;0.846153846;24;13;*;136000~196999;1
5917;*;*;33~40;4.017021277;1.038297872;1107;235;*;136000~196999;1
5918;*;*;41~48;4.683333333;1.077777778;800;180;*;136000~196999;1
5919;*;*;33~40;4;1.055363322;1359;289;*;136000~196999;1
5920;*;*;33~40;4.196774194;1.029032258;2780;620;*;136000~196999;1
5921;*;*;17~24;7.662197232;1.025086505;7665;2312;7.0696~10.6043;*;2
5922;*;*;25~32;8.146496815;1.038216561;412;157;3.5348~7.0695;258000~318999;2
5923;*;*;17~24;6.355338223;0.946210269;3710;1227;3.5348~7.0695;258000~318999;2
5924;*;*;1~16;7.773191095;1.054730983;7249;2156;7.0696~10.6043;*;2
5925;*;*;9~16;6.777969019;1.078313253;3699;1162;3.5348~7.0695;197000~257999;2
5926;*;*;25~32;6.283042394;1.023690773;2654;802;3.5348~7.0695;197000~257999;2
5927;*;*;17~24;4.758079409;1.074792244;2949;1083;3.5348~7.0695;136000~196999;2
5928;*;*;9~16;6.456896552;1.066810345;1187;464;3.5348~7.0695;136000~196999;2
5929;*;*;9~16;5.439461883;0.955156951;1319;446;3.5348~7.0695;197000~257999;2
5930;*;*;17~24;5.511560694;1.041907514;1881;692;3.5348~7.0695;197000~257999;2
5931;*;*;25~32;7.297966401;1.019451813;3460;1131;3.5348~7.0695;319000~379999;2
5932;*;*;17~24;8.124161074;1.026845638;1023;298;7.0696~10.6043;*;2
5933;*;*;25~32;6.708185053;1.019572954;1606;562;3.5348~7.0695;258000~318999;2
5934;*;*;25~32;5.484011628;1.00872093;2103;688;3.5348~7.0695;197000~257999;2
5935;*;*;17~24;8.460972018;1.082474227;2061;679;7.0696~10.6043;*;2
5936;*;*;9~16;5.039328789;1.051389617;4723;1907;3.5348~7.0695;136000~196999;2
5937;*;*;17~24;4.792540793;1.074592075;1332;429;0.0000~3.5347;197000~257999;2
5938;*;*;25~32;5.503685504;1.122850123;1187;407;3.5348~7.0695;136000~196999;1
5939;*;*;33~40;4.438113949;0.992141454;1561;509;*;136000~196999;1
5940;*;*;41~48;4.795258621;1.045258621;1544;464;*;136000~196999;2
5941;*;*;1~16;5.356401384;1.115340254;2855;867;0.0000~3.5347;197000~257999;1
5942;*;*;17~24;7.280757098;1.015772871;1001;317;7.0696~10.6043;*;2
5943;*;*;25~32;5.361702128;1.109422492;924;329;3.5348~7.0695;136000~196999;2
5944;*;*;33~40;5.156944444;0.997222222;2106;720;*;136000~196999;1
5945;*;*;33~40;6.757575758;1;1251;429;*;258000~318999;2
5946;*;*;33~40;7.158371041;1.122171946;654;221;*;258000~318999;2
5947;*;*;33~40;6.529247911;1.011142061;1098;359;*;258000~318999;2
5948;*;*;33~40;6.620947631;1.034912718;1056;401;*;258000~318999;2
5949;*;*;33~40;4.884858044;1.052050473;1484;634;*;197000~257999;2
5950;*;*;25~32;4.46332737;1.048300537;1139;559;0.0000~3.5347;197000~257999;2
5951;*;*;25~32;6.465346535;1.04950495;1021;303;3.5348~7.0695;197000~257999;2
5952;*;*;25~32;4.577568134;1.082809224;2524;954;0.0000~3.5347;136000~196999;2
5953;*;*;33~40;5.660332542;1.016627078;1269;421;*;197000~257999;2
5954;*;*;33~40;5.09375;1.09375;607;256;*;197000~257999;2
5955;*;*;25~32;4.256756757;0.97972973;378;148;0.0000~3.5347;136000~196999;2
5956;*;*;25~32;5.228228228;1.12012012;872;333;0.0000~3.5347;136000~196999;1
5957;*;*;25~32;4.1925;1.0325;873;400;0.0000~3.5347;136000~196999;1
5958;*;*;25~32;5.721100917;0.968807339;1546;545;3.5348~7.0695;197000~257999;2
5959;*;*;25~32;6.464552239;1.055970149;1722;536;3.5348~7.0695;197000~257999;2
5960;*;*;25~32;6.002247191;0.982022472;1484;445;3.5348~7.0695;197000~257999;2
5961;*;*;17~24;5.634460548;1;1911;621;3.5348~7.0695;136000~196999;2
5962;*;*;33~40;6.102409639;1.039156627;1142;332;*;136000~196999;2
5963;*;*;25~32;5.688383528;1.019668101;4944;1627;3.5348~7.0695;197000~257999;2
5964;*;*;1~16;7.696287025;1.032123488;7775;2397;7.0696~10.6043;*;2
5965;*;*;17~24;6.351618705;1.057553957;3100;1112;3.5348~7.0695;136000~196999;2
5966;*;*;17~24;4.666219839;1.08310992;1866;746;3.5348~7.0695;136000~196999;2
5967;*;*;17~24;4.974293059;1.025706941;1126;389;3.5348~7.0695;136000~196999;2
5968;*;*;17~24;5.73374935;1.028601144;5407;1923;3.5348~7.0695;197000~257999;2
5969;*;*;25~32;4.790152403;1.021101993;1973;853;0.0000~3.5347;197000~257999;2
5970;*;*;25~32;5.529288703;1.079497908;1862;478;3.5348~7.0695;136000~196999;2
5971;*;*;25~32;4.908554572;1.014749263;1024;339;0.0000~3.5347;136000~196999;2
5972;*;*;9~16;6.069986541;1.015477793;3575;1486;3.5348~7.0695;258000~501999;2
5973;*;*;9~16;6.129496403;1.107913669;2007;695;3.5348~7.0695;197000~257999;2
5974;*;*;17~24;5.26119403;1.017057569;2874;938;3.5348~7.0695;136000~196999;2
5975;*;*;49~56;5.202614379;1.076252723;1241;459;*;136000~196999;2
5976;*;*;25~32;5.136246787;1.064267352;1124;389;3.5348~7.0695;136000~196999;2
5977;*;*;17~24;5.334589299;1.040693293;3205;1327;0.0000~3.5347;197000~257999;2
5978;*;*;25~32;6.69348659;1.084291188;1391;522;3.5348~7.0695;197000~257999;2
5979;*;*;25~32;5.310107949;0.97939156;2243;1019;3.5348~7.0695;197000~257999;2
5980;*;*;25~32;5.467871486;1.212851406;1847;498;0.0000~3.5347;136000~196999;2
5981;*;*;25~32;5.154135338;0.917293233;2477;532;0.0000~3.5347;75000~135999;2
5982;*;*;17~24;3.963163065;1.067779961;4369;2036;0.0000~3.5347;136000~196999;2
5983;*;*;17~24;6.051640667;1.018289403;4952;1859;3.5348~7.0695;197000~257999;2
5984;*;*;25~32;7.298305085;1.010169492;2487;885;3.5348~7.0695;258000~318999;2
5985;*;*;41~48;4.512195122;1.056910569;1492;123;0.0000~3.5347;75000~135999;2
5986;*;*;49~56;4.5;1.206349206;2688;126;*;197000~257999;2
5987;*;*;49~56;5.588693957;0.966861598;978;513;*;258000~318999;2
5988;*;*;25~32;4.001234568;1.104938272;1592;810;0.0000~3.5347;136000~196999;2
5989;*;*;41~48;5.443956044;1.006593407;1034;455;*;258000~318999;2
5990;*;*;33~40;6.522641509;0.820754717;1344;530;*;197000~257999;2
5991;*;*;33~40;5.459627329;0.985507246;1385;483;*;136000~196999;2
5992;*;*;25~32;5.901075269;1.062365591;1411;465;3.5348~7.0695;136000~196999;2
5993;*;*;33~40;4.926421405;1.096989967;785;299;*;136000~196999;2
5994;*;*;33~40;5.696796339;1.068649886;2575;874;*;136000~196999;2
5995;*;*;25~32;5.165198238;1.092511013;1897;454;0.0000~3.5347;75000~135999;2
5996;*;*;33~40;5.092409241;0.98019802;1355;303;0.0000~3.5347;75000~135999;2
5997;*;*;33~40;5.252918288;1.031128405;1251;257;0.0000~3.5347;75000~135999;2
5998;*;*;25~32;5.682060391;1.04973357;2192;563;0.0000~3.5347;136000~196999;2
5999;*;*;33~48;5.728194726;1.060851927;1797;493;3.5348~7.0695;14000~135999;2
6000;*;*;33~40;5.308457711;0.965174129;600;201;*;136000~196999;2
6001;*;*;33~40;5.67706422;1.020183486;1672;545;*;136000~196999;2
6002;*;*;33~40;4.335249042;0.961685824;1677;522;*;136000~196999;2
6003;*;*;25~32;7.160628019;1.125603865;2817;828;3.5348~7.0695;197000~257999;2
6004;*;*;33~40;4.645468998;1.036565978;2392;629;0.0000~3.5347;75000~135999;2
6005;*;*;25~32;4.701421801;1.045813586;2452;633;0.0000~3.5347;75000~135999;2
6006;*;*;49~56;4.513119534;1.014577259;1131;343;*;14000~135999;2
6007;*;*;49~56;3.963917526;1.015463918;1173;388;*;14000~135999;2
6008;*;*;41~48;5.30733945;1.133027523;677;218;0.0000~3.5347;75000~135999;2
6009;*;*;33~40;3.879237288;1.029661017;1625;472;0.0000~3.5347;75000~135999;2
6010;*;*;41~48;5.906976744;1.255813953;384;86;0.0000~3.5347;75000~135999;2
6011;*;*;25~32;3.685279188;1.0642978;2379;591;0.0000~3.5347;75000~135999;2
6012;*;*;17~24;4.718954248;1.009150327;2899;765;3.5348~7.0695;14000~135999;2
6013;*;*;25~32;3.581589958;1.027196653;1807;478;0.0000~3.5347;75000~135999;2
6014;*;*;33~48;5.627906977;1.106312292;1689;301;3.5348~7.0695;14000~135999;2
6015;*;*;33~48;5.327868852;1.049180328;870;183;3.5348~7.0695;14000~135999;2
6016;*;*;33~40;3.52;0.906666667;964;300;0.0000~3.5347;75000~135999;2
6017;*;*;33~48;5.332727273;1.072727273;1886;550;3.5348~7.0695;14000~135999;2
6018;*;*;1~8;4.99009901;1.295929593;2485;909;3.5348~7.0695;14000~135999;1
6019;*;*;33~48;4.28968254;0.813492063;1325;252;3.5348~7.0695;14000~135999;2
6020;*;*;17~24;4.833333333;1.106714628;2558;834;0.0000~3.5347;75000~135999;1
6021;*;*;25~32;3.703703704;1.098039216;1719;459;0.0000~3.5347;75000~135999;2
6022;*;*;33~40;3.721227621;1.047314578;3055;782;0.0000~3.5347;75000~135999;2
6023;*;*;33~40;4.144230769;1.086538462;1494;312;0.0000~3.5347;75000~135999;2
6024;*;*;33~40;4.07537155;1.06581741;4711;942;0.0000~3.5347;75000~135999;2
6025;*;*;33~40;5.505119454;1.017064846;911;293;0.0000~3.5347;75000~135999;2
6026;*;*;41~48;4.919449902;1.086444008;1550;509;0.0000~3.5347;75000~135999;2
6027;*;*;41~48;4.448905109;1.093065693;1508;548;0.0000~3.5347;75000~135999;2
6028;*;*;49~56;5.695121951;0.963414634;947;328;*;136000~196999;2
6029;*;*;49~56;6.269607843;1.044117647;444;204;*;136000~196999;2
6030;*;*;49~56;4.427083333;1.017361111;1246;576;*;136000~196999;2
6031;*;*;33~40;5.528225806;0.989919355;1761;496;0.0000~3.5347;75000~135999;2
6032;*;*;33~48;5.616438356;1.01369863;2580;730;3.5348~7.0695;14000~135999;2
6033;*;*;25~32;5.422431866;1.120545073;3502;954;3.5348~7.0695;14000~135999;2
6034;*;*;33~48;5.320158103;0.955204216;2716;759;3.5348~7.0695;14000~135999;2
6035;*;*;25~32;3.882249561;1.149384886;1718;569;0.0000~3.5347;75000~135999;2
6036;*;*;33~40;2.890756303;0.907563025;315;119;0.0000~3.5347;75000~135999;2
6037;*;*;49~56;4.446428571;1.026785714;368;112;*;14000~135999;2
6038;*;*;33~40;4.113490364;1.047109208;1430;467;0.0000~3.5347;75000~135999;2
6039;*;*;33~40;3.810408922;0.970260223;854;269;0.0000~3.5347;75000~135999;2
6040;*;*;33~40;4.184549356;1.042918455;809;233;0.0000~3.5347;75000~135999;2
6041;*;*;25~32;3.974063401;1.110951009;2877;694;0.0000~3.5347;75000~135999;2
6042;*;*;25~32;3.92384106;1.049668874;1466;302;0.0000~3.5347;75000~135999;2
6043;*;*;25~32;3.687218045;1.052631579;3029;665;0.0000~3.5347;75000~135999;2
6044;*;*;25~32;3.85520362;1.07239819;1024;221;0.0000~3.5347;75000~135999;2
6045;*;*;41~48;4.252873563;1.028735632;1511;348;0.0000~3.5347;75000~135999;2
6046;*;*;25~32;4.724691358;1.004938272;3367;810;0.0000~3.5347;75000~135999;2
6047;*;*;41~48;5.652298851;1.086206897;1459;348;0.0000~3.5347;75000~135999;2
6048;*;*;33~48;5.139689579;1.028824834;1904;451;3.5348~7.0695;14000~135999;2
6049;*;*;25~32;4.933184855;0.979955457;1987;449;0.0000~3.5347;75000~135999;2
6050;*;*;25~32;4.805039788;1.072944297;3712;754;0.0000~3.5347;75000~135999;2
6051;*;*;17~24;4.897009967;1.056478405;2600;602;0.0000~3.5347;75000~135999;2
6052;*;*;33~40;5.835365854;1.326219512;1564;328;0.0000~3.5347;75000~135999;2
6053;*;*;33~40;5.015659955;1.002237136;2052;447;0.0000~3.5347;75000~135999;2
6054;*;*;25~32;7.193633952;1.066312997;1389;377;3.5348~7.0695;197000~257999;1
6055;*;*;9~16;6.684171043;1.054763691;8686;2666;3.5348~7.0695;258000~501999;1
6056;*;*;25~32;6.656200942;1.009419152;1885;637;3.5348~7.0695;197000~257999;1
6057;*;*;1~8;6.347326733;1.047524752;15507;5050;3.5348~7.0695;197000~257999;1
6058;*;*;9~16;6.157757497;1.075619296;4911;1534;3.5348~7.0695;197000~257999;1
6059;*;*;17~24;6.41954023;1.132183908;1535;522;3.5348~7.0695;197000~257999;1
6060;*;*;9~16;5.918275418;1.056628057;4332;1554;3.5348~7.0695;258000~501999;1
6061;*;*;1~8;6.73028448;1.03060857;9427;2777;3.5348~7.0695;258000~501999;1
6062;*;*;25~32;6.99122807;1.026315789;383;114;3.5348~7.0695;197000~257999;1
6063;*;*;9~16;6.549701046;1.028026906;8380;2676;3.5348~7.0695;258000~501999;1
6064;*;*;25~32;6.134907251;0.939291737;1993;593;3.5348~7.0695;197000~257999;1
6065;*;*;9~16;7.450865052;1.065051903;9671;2890;3.5348~7.0695;258000~501999;1
6066;*;*;1~8;6.802554028;1.026277014;15037;4072;3.5348~7.0695;258000~501999;1
6067;*;*;17~24;6.680805938;0.993637328;3671;943;3.5348~7.0695;258000~318999;1
6068;*;*;9~16;6.371389271;0.598349381;3038;727;3.5348~7.0695;258000~501999;1
6069;*;*;9~16;6.19895288;1.003490401;2120;573;3.5348~7.0695;258000~501999;1
6070;*;*;1~8;6.969209237;1.080475857;4904;1429;3.5348~7.0695;258000~501999;1
6071;*;*;17~24;6.627118644;1.052966102;1406;472;7.0696~10.6043;*;1
6072;*;*;17~24;6.516853933;0.93258427;467;178;7.0696~10.6043;*;1
6073;*;*;1~32;8.010526316;1.063157895;295;95;10.6044~16.0000;*;1
6074;*;*;25~32;7.358600583;1.017492711;1003;343;7.0696~10.6043;*;1
6075;*;*;33~40;5.913612565;0.937172775;2037;764;*;258000~318999;1
6076;*;*;17~24;6.149739583;1.1484375;2210;768;3.5348~7.0695;258000~318999;1
6077;*;*;17~24;5.858597285;1.067873303;2315;884;3.5348~7.0695;136000~196999;1
6078;*;*;25~32;6.330049261;0.960591133;2205;609;3.5348~7.0695;197000~257999;1
6079;*;*;9~16;6.998463902;0.98156682;2066;651;3.5348~7.0695;258000~501999;1
6080;*;*;25~32;6.276243094;0.998158379;1664;543;3.5348~7.0695;197000~257999;1
6081;*;*;25~32;5.20754717;1125;1084;424;3.5348~7.0695;136000~196999;1
6082;*;*;25~32;4.681388013;1.031545741;927;317;3.5348~7.0695;136000~196999;1
6083;*;*;25~32;5.55794702;1.028145695;1696;604;3.5348~7.0695;197000~257999;1
6084;*;*;33~40;5.454819277;0.963855422;1005;332;*;136000~196999;1
6085;*;*;33~40;6335;955;640;200;*;197000~257999;1
6086;*;*;33~40;4.560301508;1.005025126;2257;796;*;197000~257999;1
6087;*;*;25~32;4.692307692;1.085164835;2223;728;0.0000~3.5347;136000~196999;1
6088;*;*;17~24;5.439914163;1.051502146;1327;466;3.5348~7.0695;136000~196999;1
6089;*;*;25~32;6.045918367;1.005102041;588;196;3.5348~7.0695;136000~196999;1
6090;*;*;9~16;5.058405683;1.075769534;3359;1267;3.5348~7.0695;136000~196999;1
6091;*;*;17~24;5.134993447;1.064220183;4419;1526;3.5348~7.0695;136000~196999;1
6092;*;*;25~32;4.201923077;0.96875;985;416;0.0000~3.5347;136000~196999;2
6093;*;*;33~40;6.073746313;1.064896755;1073;339;*;136000~196999;1
6094;*;*;33~40;5.755813953;1.062015504;1006;258;*;136000~196999;1
6095;*;*;33~40;6.08;1.1;522;150;*;136000~196999;1
6096;*;*;33~40;4.626728111;1.013824885;772;217;*;136000~196999;1
6097;*;*;17~24;5.516960651;1.111261872;2105;737;3.5348~7.0695;197000~257999;1
6098;*;*;33~40;5.807017544;0.925438596;799;228;*;136000~196999;1
6099;*;*;25~32;4.978998384;0.972536349;2008;619;3.5348~7.0695;136000~196999;1
6100;*;*;33~40;5.975609756;0.979674797;885;246;*;136000~196999;1
6101;*;*;33~40;5.446366782;0.955017301;1088;289;*;136000~196999;1
6102;*;*;33~40;5.267973856;0.960784314;446;153;*;136000~196999;1
6103;*;*;17~24;4.455792683;1.021341463;1751;656;0.0000~3.5347;136000~196999;1
6104;*;*;33~40;5.399253731;1.014925373;1224;268;*;136000~196999;1
6105;*;*;33~40;4.940063091;1.012618297;1396;317;*;136000~196999;1
6106;*;*;25~32;4.887550201;1.074297189;1623;498;3.5348~7.0695;136000~196999;1
6107;*;*;33~40;5.164658635;1.024096386;1047;249;*;136000~196999;1
6108;*;*;25~32;4.107544141;1.04975923;1674;623;0.0000~3.5347;136000~196999;1
6109;*;*;33~40;5.574175824;0.964285714;1327;364;*;136000~196999;1
6110;*;*;33~40;5.607792208;1.002597403;1443;385;*;136000~196999;1
6111;*;*;25~32;4.090425532;1.138297872;2868;752;0.0000~3.5347;75000~135999;1
6112;*;*;25~32;4.581005587;1.092178771;1312;358;0.0000~3.5347;136000~196999;1
6113;*;*;1~16;3.620578778;1.01607717;819;311;0.0000~3.5347;136000~196999;1
6114;*;*;33~40;4.237647059;0.992941176;1564;425;0.0000~3.5347;75000~135999;1
6115;*;*;33~40;4.952908587;1.263157895;1787;361;0.0000~3.5347;75000~135999;1
6116;*;*;33~40;4.028497409;0.935233161;1571;386;*;136000~196999;1
6117;*;*;33~40;4.330316742;0.877828054;804;221;*;136000~196999;1
6118;*;*;33~40;4.858044164;1.034700315;1037;317;*;136000~196999;1
6119;*;*;41~48;4.82739726;1.090410959;1526;365;0.0000~3.5347;75000~135999;2
6120;*;*;41~48;4.515202703;0.976351351;2259;592;*;136000~196999;1
6121;*;*;33~40;4.667785235;1.036912752;1038;298;*;136000~196999;1
6122;*;*;25~32;4.656934307;1.051094891;2161;548;0.0000~3.5347;136000~196999;1
6123;*;*;33~48;3675;0.8375;266;80;3.5348~7.0695;14000~135999;2
6124;*;*;17~24;4.02358888;1.108677338;4797;1187;0.0000~3.5347;136000~196999;1
6125;*;*;17~24;4.429172511;0.959326788;2396;713;0.0000~3.5347;136000~196999;1
6126;*;*;17~24;4.4;1.07751938;2151;645;0.0000~3.5347;75000~135999;1
6127;*;*;25~32;5.077868852;1.040983607;929;244;0.0000~3.5347;136000~196999;1
6128;*;*;17~24;4.730769231;1.076923077;121;26;0.0000~3.5347;136000~196999;2
6129;*;*;9~16;4.517890772;0.992467043;2307;531;3.5348~7.0695;136000~196999;2
6130;*;*;25~32;4.342939481;1.063400576;1548;347;0.0000~3.5347;136000~196999;2
6131;*;*;1~16;4.304981774;1.078979344;3131;823;0.0000~3.5347;136000~196999;2
6132;*;*;25~32;4.083333333;0.981481481;504;108;0.0000~3.5347;136000~196999;2
6133;*;*;25~32;4.186554622;1.035294118;2660;595;0.0000~3.5347;136000~196999;2
6134;*;*;33~40;3.981220657;1.070422535;1609;426;*;136000~196999;2
6135;*;*;33~40;4.506702413;0.965147453;1648;373;*;136000~196999;2
6136;*;*;33~40;5.403141361;1.083769634;954;191;0.0000~3.5347;75000~135999;2
6137;*;*;1~16;4.534675615;1.073825503;1781;447;0.0000~3.5347;136000~196999;2
6138;*;*;25~32;4.62993763;0.985446985;1961;481;0.0000~3.5347;136000~196999;2
6139;*;*;25~32;4.343283582;1.058208955;2583;670;3.5348~7.0695;136000~196999;1
6140;*;*;17~24;4.408119658;1.05982906;1573;468;0.0000~3.5347;136000~196999;1
6141;*;*;17~24;4.292537313;1.086567164;1325;335;0.0000~3.5347;136000~196999;1
6142;*;*;17~24;4.510532838;1.02850062;3537;807;0.0000~3.5347;136000~196999;2
6143;*;*;17~24;4.805602716;1.026315789;5389;1178;3.5348~7.0695;136000~196999;2
6144;*;*;25~32;5.173400673;1.038720539;2640;594;0.0000~3.5347;136000~196999;2
6145;*;*;25~32;4.683727034;0.998687664;3339;762;3.5348~7.0695;136000~196999;2
6146;*;*;25~32;4.597222222;1.037037037;2013;432;0.0000~3.5347;136000~196999;2
6147;*;*;33~40;4.770685579;1.06855792;3878;846;*;136000~196999;2
6148;*;*;33~40;4.609467456;0.934911243;1600;338;*;136000~196999;2
6149;*;*;25~32;5.06884058;1.003623188;1285;276;3.5348~7.0695;136000~196999;2
6150;*;*;25~32;4.687609075;1.069808028;2477;573;0.0000~3.5347;136000~196999;2
6151;*;*;1~8;3.939516129;1.076612903;1584;496;0.0000~3.5347;14000~135999;2
6152;*;*;25~32;4.322429907;1.023364486;2847;642;0.0000~3.5347;136000~196999;2
6153;*;*;25~32;4.147761194;0.953731343;2259;670;0.0000~3.5347;136000~196999;2
6154;*;*;17~24;5.286396181;1.155131265;1792;419;0.0000~3.5347;136000~196999;1
6155;*;*;33~40;5.084821429;1.0625;1728;448;*;136000~196999;1
6156;*;*;17~24;3.561933535;0.978851964;1296;331;0.0000~3.5347;136000~196999;1
6157;*;*;33~40;3.240963855;1.018072289;1242;332;*;136000~196999;1
6158;*;*;33~40;4.89504717;1.002358491;3563;848;*;136000~196999;1
6159;*;*;25~32;5.082585278;0.991023339;2330;557;3.5348~7.0695;136000~196999;1
6160;*;*;17~24;4.32428115;1.07827476;1742;626;0.0000~3.5347;136000~196999;1
6161;*;*;25~32;5.440643863;1.034205231;1669;497;3.5348~7.0695;136000~196999;1
6162;*;*;33~40;4.852216749;1.172413793;1269;406;*;197000~257999;1
6163;*;*;33~40;5.724880383;0.997607656;1336;418;*;136000~196999;1
6164;*;*;33~40;5.030973451;0.898230088;672;226;*;136000~196999;1
6165;*;*;33~40;5.256613757;1.055555556;1279;378;*;136000~196999;1
6166;*;*;33~40;5.121495327;1.007009346;1376;428;*;136000~196999;1
6167;*;*;33~40;4.797546012;0.938650307;499;163;*;136000~196999;1
6168;*;*;33~40;4.95026178;0.92408377;1093;382;*;136000~196999;1
6169;*;*;33~40;5.042553191;0.957446809;769;235;*;136000~196999;1
6170;*;*;33~40;5.562770563;0.987012987;679;231;*;136000~196999;1
6171;*;*;33~40;5.09178744;0.985507246;1257;414;*;136000~196999;1
6172;*;*;33~40;5.161172161;1.117216117;819;273;*;136000~196999;1
6173;*;*;33~40;5.68879668;1.020746888;806;241;*;136000~196999;1
6174;*;*;33~40;5.3828125;1;379;128;*;197000~257999;1
6175;*;*;33~40;5.871323529;1.047794118;901;272;*;197000~257999;1
6176;*;*;33~40;5.5875;0.990625;1139;320;*;136000~196999;1
6177;*;*;33~40;5.224719101;1.015730337;1170;445;*;197000~257999;1
6178;*;*;33~40;5.507633588;1.015267176;861;262;*;136000~196999;1
6179;*;*;33~40;6.036734694;1.024489796;741;245;*;136000~196999;1
6180;*;*;33~40;6.098360656;1.059016393;1011;305;*;197000~257999;1
6181;*;*;33~40;5.873065015;0.962848297;965;323;*;197000~257999;1
6182;*;*;25~32;5.144846797;1.005571031;1999;718;0.0000~3.5347;136000~196999;1
6183;*;*;17~24;4.49325026;1.076843198;2296;963;0.0000~3.5347;136000~196999;1
6184;*;*;33~40;5.451807229;0.957831325;1164;332;*;136000~196999;1
6185;*;*;33~40;4.888040712;1.010178117;1492;393;*;136000~196999;1
6186;*;*;25~32;4.881493506;1.060064935;1766;616;3.5348~7.0695;136000~196999;1
6187;*;*;33~40;5.481037924;0.954091816;1779;501;*;136000~196999;1
6188;*;*;33~40;5.336898396;1.07486631;1933;561;*;136000~196999;1
6189;*;*;25~32;4.920471281;1.072164948;1762;679;0.0000~3.5347;136000~196999;1
6190;*;*;33~40;5.647163121;0.964539007;1858;564;*;136000~196999;1
6191;*;*;33~40;4.923076923;0.987980769;1456;416;*;136000~196999;1
6192;*;*;33~40;5.670807453;0.983436853;1481;483;*;136000~196999;1
6193;*;*;33~40;5.872180451;1.022556391;825;266;*;197000~257999;1
6194;*;*;25~32;5.589189189;0.962162162;976;370;3.5348~7.0695;197000~257999;1
6195;*;*;33~40;5.121359223;1.359223301;538;206;*;136000~196999;1
6196;*;*;33~40;3.777429467;1.034482759;583;319;*;136000~196999;1
6197;*;*;33~40;4.834666667;1.050666667;1100;375;*;136000~196999;1
6198;*;*;33~40;5.152238806;0.994029851;892;335;*;136000~196999;1
6199;*;*;25~32;4.231884058;1.06142167;3147;1449;0.0000~3.5347;136000~196999;1
6200;*;*;33~40;4.806179775;0.941011236;825;356;*;197000~257999;1
6201;*;*;25~32;4.433962264;1.025157233;1107;477;0.0000~3.5347;197000~257999;1
6202;*;*;25~32;5.55971897;1.053864169;1580;427;3.5348~7.0695;197000~257999;1
6203;*;*;25~32;4.90778872;1.11996419;3426;1117;0.0000~3.5347;197000~257999;1
6204;*;*;25~32;7.545454545;0.97107438;1525;484;7.0696~10.6043;*;1
6205;*;*;17~24;6.388729704;1.073543457;3081;1047;3.5348~7.0695;380000~501999;1
6206;*;*;33~40;6.282296651;0.928229665;599;209;*;258000~318999;1
6207;*;*;33~40;6.185454545;1.054545455;831;275;*;258000~318999;1
6208;*;*;33~40;6.927083333;1.088541667;578;192;*;258000~318999;1
6209;*;*;33~40;5.3099631;0.963099631;804;271;*;136000~196999;1
6210;*;*;33~40;5.878571429;1.05;1056;280;*;136000~196999;1
6211;*;*;33~40;6.780487805;1.113821138;392;123;*;197000~257999;1
6212;*;*;33~40;6.370689655;1.010775862;1488;464;*;258000~318999;1
6213;*;*;33~40;6.771812081;1.100671141;466;149;*;197000~257999;1
6214;*;*;33~40;5.22556391;1.015037594;887;266;*;136000~196999;1
6215;*;*;33~40;5.35154827;1.021857923;1519;549;*;197000~257999;1
6216;*;*;33~40;5.051971326;1.091397849;1718;558;*;197000~257999;1
6217;*;*;33~40;5.106280193;1;658;207;*;136000~196999;1
6218;*;*;25~32;4.133819951;0.97080292;1052;411;0.0000~3.5347;136000~196999;1
6219;*;*;25~32;6.335282651;1.015594542;1382;513;3.5348~7.0695;197000~257999;1
6220;*;*;33~40;6378;0.87;1727;500;*;197000~257999;1
6221;*;*;33~40;6.041753653;0.974947808;1420;479;*;197000~257999;1
6222;*;*;33~40;5.810810811;1.011583012;798;259;*;197000~257999;1
6223;*;*;33~40;5.465240642;0.978609626;628;187;*;136000~196999;1
6224;*;*;33~40;5.491803279;0.905737705;848;244;*;197000~257999;1
6225;*;*;25~32;5.407079646;1.102654867;1902;565;3.5348~7.0695;136000~196999;1
6226;*;*;33~40;8.75;1.1;129;20;*;136000~196999;1
6227;*;*;25~32;5.165378671;1.063369397;2210;647;0.0000~3.5347;197000~257999;1
6228;*;*;33~40;5.734939759;0.911646586;890;249;*;197000~257999;1
6229;*;*;25~32;5.495176849;1.064308682;2003;622;3.5348~7.0695;197000~257999;1
6230;*;*;33~40;4.29753915;0.944071588;1230;447;*;136000~196999;1
6231;*;*;33~40;5.666666667;0.981220657;683;213;*;197000~257999;1
6232;*;*;25~32;4.997245179;1.112947658;1187;363;0.0000~3.5347;136000~196999;1
6233;*;*;33~40;5.055147059;0.955882353;951;272;*;136000~196999;1
6234;*;*;25~32;5.479318735;1.00973236;1370;411;3.5348~7.0695;136000~196999;1
6235;*;*;33~40;5.812371134;1.090721649;1508;485;*;136000~196999;1
6236;*;*;33~40;6.098630137;1.043835616;1464;365;*;136000~196999;1
6237;*;*;25~32;4.41356674;1.010940919;1462;457;0.0000~3.5347;136000~196999;1
6238;*;*;33~40;5.223021583;0.964028777;1274;278;*;136000~196999;1
6239;*;*;33~40;5.628930818;1.075471698;2786;636;*;136000~196999;1
6240;*;*;33~40;5.708860759;0.962025316;1079;237;*;136000~196999;1
6241;*;*;25~32;5.062374245;0.875251509;2194;497;0.0000~3.5347;136000~196999;1
6242;*;*;33~40;6.007537688;1.022613065;1967;398;*;136000~196999;1
6243;*;*;33~40;5.629807692;1.024038462;2176;416;*;136000~196999;1
6244;*;*;33~40;5.85620915;1.035947712;1441;306;*;136000~196999;1
6245;*;*;33~40;5.466307278;1.137466307;1727;371;*;136000~196999;1
6246;*;*;33~40;4.631840796;0.7960199;746;201;*;136000~196999;1
6247;*;*;33~40;6.013888889;0.953703704;763;216;*;136000~196999;1
6248;*;*;33~40;4.408602151;1.064516129;1832;465;*;136000~196999;1
6249;*;*;33~40;4.984025559;1.006389776;1467;313;*;136000~196999;1
6250;*;*;33~40;5.114457831;1.078313253;2108;498;*;136000~196999;1
6251;*;*;25~32;4.651234568;0.910493827;1326;324;3.5348~7.0695;136000~196999;1
6252;*;*;25~32;4.345360825;1.074742268;1355;388;0.0000~3.5347;136000~196999;1
6253;*;*;33~40;5.193548387;1.079404467;1755;403;*;136000~196999;1
6254;*;*;33~40;5.201923077;1.060897436;1462;312;*;136000~196999;1
6255;*;*;33~40;4.554858934;1.021943574;1609;319;*;136000~196999;1
6256;*;*;33~40;4.491620112;0.888268156;727;179;*;136000~196999;1
6257;*;*;33~40;4.679104478;0.981343284;1092;268;*;136000~196999;1
6258;*;*;33~40;5.193661972;0.950704225;1149;284;*;136000~196999;1
6259;*;*;33~40;5.173913043;1.090909091;1113;253;*;136000~196999;1
6260;*;*;33~40;5.092682927;0.975609756;982;205;*;136000~196999;1
6261;*;*;33~40;5.382075472;1;924;212;*;136000~196999;1
6262;*;*;33~40;5.673151751;1.042801556;1115;257;*;136000~196999;1
6263;*;*;33~40;5.152985075;0.98880597;1020;268;*;136000~196999;1
6264;*;*;25~32;5.244736842;1.021052632;1385;380;3.5348~7.0695;136000~196999;1
6265;*;*;33~40;5.336419753;1;1341;324;*;136000~196999;1
6266;*;*;33~40;4.284431138;1.05988024;1367;334;*;136000~196999;1
6267;*;*;33~40;5.459143969;1.06614786;977;257;*;136000~196999;1
6268;*;*;33~40;5.063333333;1.013333333;1262;300;*;136000~196999;1
6269;*;*;25~32;4.508637236;1.034548944;2028;521;0.0000~3.5347;136000~196999;1
6270;*;*;33~40;4.217514124;0.935028249;1571;354;*;136000~196999;1
6271;*;*;25~32;3.48;1128;2296;750;0.0000~3.5347;136000~196999;1
6272;*;*;33~40;5.593283582;1.078358209;1112;268;*;136000~196999;1
6273;*;*;33~40;5.753138075;1.041841004;1015;239;*;136000~196999;1
6274;*;*;33~40;4.739361702;1.04787234;1517;376;*;136000~196999;1
6275;*;*;17~24;3.795238095;0.995238095;3883;840;0.0000~3.5347;136000~196999;1
6276;*;*;33~40;4.621333333;0.962666667;1757;375;*;136000~196999;1
6277;*;*;25~32;5.404301075;1.02688172;3899;930;3.5348~7.0695;136000~196999;1
6278;*;*;17~24;4.951754386;1.131578947;900;228;3.5348~7.0695;14000~135999;1
6279;*;*;17~24;5.286501377;1.132231405;1203;363;3.5348~7.0695;136000~196999;1
6280;*;*;33~40;6.208333333;1.078703704;898;216;*;136000~196999;1
6281;*;*;25~32;4.850666667;1;1728;375;3.5348~7.0695;136000~196999;1
6282;*;*;33~40;4.769480519;0.993506494;1285;308;*;136000~196999;1
6283;*;*;33~40;5.359801489;0.990074442;1694;403;*;136000~196999;1
6284;*;*;25~32;5.211136891;1.034802784;1837;431;3.5348~7.0695;136000~196999;1
6285;*;*;17~24;5.735798016;1.053201082;4580;1109;3.5348~7.0695;136000~196999;1
6286;*;*;25~32;5.280632411;0.944664032;905;253;3.5348~7.0695;136000~196999;1
6287;*;*;9~16;5.761172513;1.049975973;6652;2081;3.5348~7.0695;258000~501999;1
6288;*;*;33~40;8.386666667;1.013333333;253;75;*;319000~379999;1
6289;*;*;9~16;5.17386162;1.041395624;5278;1691;3.5348~7.0695;136000~196999;1
6290;*;*;33~40;5.002232143;0.935267857;1743;448;*;136000~196999;1
6291;*;*;9~16;5.200923788;1.025404157;4429;1299;3.5348~7.0695;136000~196999;1
6292;*;*;17~24;5.022079117;0.999080037;3394;1087;3.5348~7.0695;136000~196999;1
6293;*;*;17~24;4.876344086;1.02688172;3881;930;3.5348~7.0695;136000~196999;1
6294;*;*;25~32;4.835227273;1.082386364;2091;352;3.5348~7.0695;14000~135999;1
6295;*;*;25~32;4.82388664;0.955465587;2079;494;3.5348~7.0695;136000~196999;1
6296;*;*;17~24;4.86004882;1.126118796;4349;1229;0.0000~3.5347;197000~257999;1
6297;*;*;9~16;5.629955947;0.995594714;8997;2497;3.5348~7.0695;197000~257999;1
6298;*;*;17~24;5.011191047;0.347721823;5587;1251;3.5348~7.0695;136000~196999;1
6299;*;*;33~40;4.967479675;1.030894309;3738;615;0.0000~3.5347;75000~135999;1
6300;*;*;25~32;5.31884058;1.123188406;1390;276;3.5348~7.0695;136000~196999;1
6301;*;*;33~40;4.204819277;1.493975904;460;83;0.0000~3.5347;75000~135999;1
6302;*;*;17~24;4.801204819;0.975903614;484;166;0.0000~3.5347;136000~196999;1
6303;*;*;17~24;4.731107206;1.048037493;5325;1707;0.0000~3.5347;136000~196999;1
6304;*;*;33~40;3.314285714;0.857142857;193;35;*;136000~196999;1
6305;*;*;25~32;5.3;1.02;170;50;3.5348~7.0695;136000~196999;1
6306;*;*;17~24;5.536379019;1.045685279;1784;591;3.5348~7.0695;197000~257999;1
6307;*;*;17~24;5.111711712;0.927927928;2031;555;3.5348~7.0695;197000~257999;1
6308;*;*;33~40;3.942196532;0.994219653;813;173;*;136000~196999;1
6309;*;*;25~32;4.763326226;1.02238806;4027;938;0.0000~3.5347;136000~196999;1
6310;*;*;25~32;5.766871166;1.023517382;3538;978;3.5348~7.0695;197000~257999;1
6311;*;*;25~32;6.163247101;1.029438002;3912;1121;3.5348~7.0695;197000~257999;1
6312;*;*;25~32;4.516871166;0.998466258;2044;652;0.0000~3.5347;136000~196999;1
6313;*;*;33~40;5.872909699;1.056856187;1971;598;*;136000~196999;1
6314;*;*;25~32;6.937007874;1.097112861;1344;381;3.5348~7.0695;258000~318999;1
6315;*;*;25~32;7.2;0.956626506;1371;415;3.5348~7.0695;380000~501999;1
6316;*;*;17~24;6.18369453;1.01754386;2647;969;3.5348~7.0695;258000~318999;1
6317;*;*;33~40;5.198821797;1.030927835;2959;679;*;136000~196999;1
6318;*;*;33~40;5.797687861;1.101156069;1410;346;*;136000~196999;1
6319;*;*;25~32;5.403269755;1.021798365;1407;367;3.5348~7.0695;136000~196999;1
6320;*;*;17~24;5.669527897;1.053648069;2613;932;3.5348~7.0695;258000~318999;1
6321;*;*;17~24;6.416961131;0.950530035;1968;566;3.5348~7.0695;319000~379999;1
6322;*;*;25~32;7.315098468;0.995623632;1429;457;7.0696~10.6043;*;1
6323;*;*;25~32;6.831831832;1.039039039;1039;333;3.5348~7.0695;319000~379999;1
6324;*;*;17~24;7.587172538;1.033423668;3727;1107;3.5348~7.0695;319000~379999;1
6325;*;*;33~40;5.291759465;1.042316258;1858;449;*;136000~196999;1
6326;*;*;33~40;5.975929978;1.041575492;3527;914;*;136000~196999;1
6327;*;*;33~40;5.319923372;1.034482759;1954;522;*;136000~196999;1
6328;*;*;9~16;6.047899779;1.075534267;8907;2714;3.5348~7.0695;258000~501999;1
6329;*;*;9~16;6.286050157;1.019592476;7732;2552;3.5348~7.0695;258000~501999;1
6330;*;*;17~24;6.211812627;1.036659878;3112;982;3.5348~7.0695;258000~318999;1
6331;*;*;9~16;5.981954887;1.040601504;2418;665;3.5348~7.0695;258000~501999;1
6332;*;*;17~24;6.589189189;0.956756757;610;185;3.5348~7.0695;319000~379999;1
6333;*;*;25~32;8.143939394;1.045454545;451;132;3.5348~7.0695;319000~379999;1
6334;*;*;25~32;6.74;1.05;660;200;3.5348~7.0695;258000~318999;1
6335;*;*;25~32;7.195372751;0.997429306;1348;389;3.5348~7.0695;258000~318999;1
6336;*;*;17~24;6.009009009;1.027027027;1560;555;3.5348~7.0695;258000~318999;1
6337;*;*;25~32;7.405882353;1.082352941;599;170;3.5348~7.0695;258000~318999;1
6338;*;*;9~16;6.226396602;1.005880431;10988;3061;3.5348~7.0695;258000~501999;1
6339;*;*;1~16;4.817472699;1.109204368;1415;641;0.0000~3.5347;136000~196999;1
6340;*;*;17~24;4.582213988;1.057433997;7228;2159;0.0000~3.5347;136000~196999;1
6341;*;*;17~24;6.541814947;1.116548043;4014;1124;3.5348~7.0695;197000~257999;1
6342;*;*;49~56;4.242753623;1.152173913;1126;276;*;14000~135999;2
6343;*;*;49~56;3875;0.5625;44;16;*;14000~135999;2
6344;*;*;1~16;3.769647696;1.371273713;727;369;0.0000~3.5347;136000~196999;2
6345;*;*;25~32;4.505154639;1.113402062;469;97;0.0000~3.5347;75000~135999;2
6346;*;*;33~40;3.669902913;0.893203883;503;103;0.0000~3.5347;75000~135999;2
6347;*;*;41~48;4.076923077;1.153846154;502;117;0.0000~3.5347;75000~135999;2
6348;*;*;49~56;3.428571429;0.857142857;46;7;*;14000~135999;2
6349;*;*;33~40;6.224637681;1.043478261;421;138;*;197000~257999;2
6350;*;*;17~24;6.570637119;1.005540166;3538;1083;3.5348~7.0695;258000~318999;2
6351;*;*;33~40;5.890909091;1.029090909;868;275;*;197000~257999;2
6352;*;*;9~16;5.084321476;0.93544137;2283;759;3.5348~7.0695;136000~196999;2
6353;*;*;33~40;5.504249292;1.246458924;1526;353;*;136000~196999;2
6354;*;*;25~32;4.24665392;1.036328872;1328;523;0.0000~3.5347;136000~196999;2
6355;*;*;33~40;4.947890819;1.004962779;993;403;*;136000~196999;2
6356;*;*;9~16;4.675257732;1.067010309;619;194;3.5348~7.0695;136000~196999;2
6357;*;*;1~16;4.099201824;1.099201824;1839;877;0.0000~3.5347;136000~196999;2
6358;*;*;33~40;4.036474164;1.05775076;903;329;*;136000~196999;2
6359;*;*;41~48;4.949275362;0.920289855;541;138;*;136000~196999;2
6360;*;*;17~24;4.534090909;1.102272727;1329;352;0.0000~3.5347;136000~196999;2
6361;*;*;33~40;4.345415778;1.008528785;1546;469;*;136000~196999;2
6362;*;*;33~40;4.989655172;1.065517241;1279;290;*;136000~196999;2
6363;*;*;25~32;4.709821429;1.026785714;1890;448;3.5348~7.0695;14000~135999;2
6364;*;*;33~40;5.661327231;1.080091533;1268;437;*;441000~501999;2
6365;*;*;33~40;6.156211562;1.043050431;2112;813;*;258000~318999;2
6366;*;*;41~48;6.496815287;0.993630573;398;157;*;258000~318999;2
6367;*;*;41~48;6.345454545;0.981818182;753;275;*;258000~318999;2
6368;*;*;33~40;6.821510297;0.988558352;1063;437;*;319000~379999;2
6369;*;*;33~40;5.694362018;1.03264095;1851;674;*;258000~318999;2
6370;*;*;49~56;6.572815534;1.101941748;531;206;*;258000~318999;2
6371;*;*;41~48;5.302469136;1.038580247;1540;648;*;197000~257999;2
6372;*;*;49~56;5.088838269;1.075170843;986;439;*;258000~318999;2
6373;*;*;41~48;5.599537037;1.011574074;1045;432;*;258000~318999;2
6374;*;*;25~32;7.325757576;1.037878788;1558;528;7.0696~10.6043;*;2
6375;*;*;33~40;6.482213439;0.944664032;693;253;*;441000~501999;2
6376;*;*;41~48;6.344569288;1.059925094;674;267;*;380000~501999;2
6377;*;*;41~48;6.094086022;1.14516129;980;372;*;258000~318999;2
6378;*;*;33~40;7.173684211;1.047368421;1059;380;*;380000~440999;2
6379;*;*;41~48;5.800915332;1.041189931;1036;437;*;380000~501999;2
6380;*;*;49~56;5.053619303;1.075067024;764;373;*;258000~318999;2
6381;*;*;33~40;6.169291339;1.047244094;1220;508;*;441000~501999;2
6382;*;*;33~40;6.453441296;1.008097166;633;247;*;319000~379999;2
6383;*;*;33~40;5.390344828;1.009655172;1688;725;*;319000~379999;2
6384;*;*;41~48;5.037936267;1.081942337;1236;659;*;258000~318999;2
6385;*;*;41~48;5.494382022;1.116104869;816;267;*;258000~318999;2
6386;*;*;33~40;5.575242718;1.016990291;909;412;*;319000~379999;2
6387;*;*;33~40;5.754414125;1.077046549;1401;623;*;319000~379999;2
6388;*;*;33~40;6.226666667;0.968888889;667;225;*;441000~501999;2
6389;*;*;33~40;8.079881657;1.082840237;1034;338;*;441000~501999;2
6390;*;*;25~32;8.249196141;1.069131833;1877;622;7.0696~10.6043;*;2
6391;*;*;33~40;8.761061947;1;697;226;*;441000~501999;2
6392;*;*;33~40;7.01320132;0.97359736;862;303;*;441000~501999;2
6393;*;*;33~40;5.09704142;1.086390533;1769;845;*;380000~440999;2
6394;*;*;41~48;6.836111111;1.052777778;1179;360;*;380000~501999;2
6395;*;*;33~40;6.878552972;0.979328165;1151;387;*;441000~501999;2
6396;*;*;41~48;5.950617284;1.028806584;721;243;*;319000~379999;2
6397;*;*;17~24;5.712585034;1.093537415;1227;588;3.5348~7.0695;258000~318999;2
6398;*;*;33~40;5.162711864;1.054237288;676;295;*;319000~379999;2
6399;*;*;33~40;8.586206897;1.068965517;268;29;*;441000~501999;2
6400;*;*;17~24;4.886227545;1.091317365;1475;668;3.5348~7.0695;197000~257999;2
6401;*;*;25~32;4.444891981;1.051995606;5359;2731;0.0000~3.5347;197000~257999;2
6402;*;*;33~40;5.412060302;1.291457286;478;199;*;197000~257999;2
6403;*;*;25~32;4.95952024;1.076461769;1803;667;3.5348~7.0695;258000~318999;2
6404;*;*;25~32;4.197685632;1.077145612;2338;1037;0.0000~3.5347;197000~257999;2
6405;*;*;33~40;6.561576355;1.068965517;648;203;*;319000~379999;2
6406;*;*;33~40;6.668213457;1.062645012;1239;431;*;380000~440999;2
6407;*;*;33~40;6.61952862;1.074074074;980;297;*;380000~440999;2
6408;*;*;33~40;6.551532033;1.038997214;995;359;*;441000~501999;2
6409;*;*;33~40;6.838905775;1.094224924;989;329;*;319000~379999;2
6410;*;*;33~40;5.64137931;1.052873563;1110;435;*;380000~440999;2
6411;*;*;33~40;6.395652174;1.069565217;751;230;*;380000~440999;2
6412;*;*;33~40;6.327402135;1.024911032;870;281;*;380000~440999;2
6413;*;*;33~40;6.194323144;1.004366812;1344;458;*;380000~440999;2
6414;*;*;17~24;4.502688172;1.116935484;1816;744;0.0000~3.5347;136000~196999;2
6415;*;*;17~24;4.698216735;1.034293553;2202;729;0.0000~3.5347;136000~196999;2
6416;*;*;25~32;4.497375328;1.035433071;4131;1524;3.5348~7.0695;197000~257999;2
6417;*;*;41~48;4.181208054;1.025167785;1951;596;*;136000~196999;2
6418;*;*;41~48;4.186385737;1.025931929;1544;617;*;136000~196999;2
6419;*;*;25~32;4.52159013;1.082248115;3689;1459;0.0000~3.5347;136000~196999;2
6420;*;*;25~32;5.319630872;1.081375839;2899;1192;3.5348~7.0695;197000~257999;2
6421;*;*;25~32;4.949367089;0.917721519;1988;474;0.0000~3.5347;136000~196999;2
6422;*;*;17~24;5.137176938;1.033797217;1869;503;0.0000~3.5347;136000~196999;2
6423;*;*;25~32;3.054117647;1.014117647;1131;425;0.0000~3.5347;136000~196999;2
6424;*;*;33~40;4.474226804;1.041237113;800;291;*;136000~196999;2
6425;*;*;33~40;4.547511312;1.013574661;742;221;*;136000~196999;2
6426;*;*;33~40;4.48;1.06;1618;350;0.0000~3.5347;75000~135999;2
6427;*;*;33~40;4.712962963;1.021604938;1504;324;0.0000~3.5347;75000~135999;2
6428;*;*;33~40;4.297520661;0.954545455;1040;242;*;136000~196999;2
6429;*;*;33~40;4.024024024;0.975975976;928;333;*;136000~196999;2
6430;*;*;41~48;5.304878049;1.036585366;546;164;*;136000~196999;2
6431;*;*;33~40;5.271875;1.0484375;1906;640;*;197000~257999;2
6432;*;*;41~48;5.984848485;1.045454545;657;198;*;197000~257999;2
6433;*;*;25~32;5.697058824;0.976470588;922;340;3.5348~7.0695;258000~318999;2
6434;*;*;25~32;4.208510638;1.140425532;826;470;0.0000~3.5347;197000~257999;2
6435;*;*;41~48;5.647416413;1.048632219;1054;329;*;197000~257999;2
6436;*;*;33~40;5.347826087;0.99378882;794;322;*;197000~257999;2
6437;*;*;33~40;5.239130435;0.980978261;1008;368;*;197000~257999;2
6438;*;*;33~40;5.445783133;0.963855422;248;83;*;197000~257999;2
6439;*;*;33~40;5.762452107;1.072796935;718;261;*;197000~257999;2
6440;*;*;33~40;5.781407035;1.045226131;1079;398;*;197000~257999;2
6441;*;*;25~32;5.135185185;1.174074074;1376;540;0.0000~3.5347;197000~257999;2
6442;*;*;25~32;5.090384615;1.036538462;1473;520;3.5348~7.0695;197000~257999;2
6443;*;*;25~32;4.931608133;1.125693161;1512;541;0.0000~3.5347;197000~257999;2
6444;*;*;33~40;6.253012048;1.087349398;988;332;*;380000~440999;2
6445;*;*;41~48;6.388429752;0.991735537;405;121;*;380000~501999;2
6446;*;*;33~40;7.327586207;1.017241379;598;174;*;441000~501999;2
6447;*;*;41~48;5.911575563;1.008038585;1779;622;*;380000~501999;2
6448;*;*;33~40;7.266081871;1.116959064;1072;342;*;380000~440999;2
6449;*;*;33~40;7.06442577;1.06442577;1113;357;*;441000~501999;2
6450;*;*;41~48;6.537459283;0.938110749;921;307;*;380000~501999;2
6451;*;*;25~32;7.022653722;1.029126214;984;309;3.5348~7.0695;380000~501999;2
6452;*;*;17~24;6.138823529;1.128235294;2302;850;3.5348~7.0695;380000~501999;2
6453;*;*;25~32;5.126482213;1.117259552;1848;759;3.5348~7.0695;197000~257999;2
6454;*;*;33~40;5.105902778;0.96875;1660;576;*;258000~318999;2
6455;*;*;33~40;5.474666667;984;1044;375;*;258000~318999;2
6456;*;*;41~48;5.145985401;1.109489051;677;274;*;258000~318999;2
6457;*;*;33~40;5.286407767;1.177184466;914;412;*;197000~257999;2
6458;*;*;33~40;5.344969199;1.123203285;1196;487;*;197000~257999;2
6459;*;*;33~40;5.669950739;1.014778325;1590;406;*;258000~318999;2
6460;*;*;33~40;5.462585034;1.081632653;889;294;*;258000~318999;2
6461;*;*;33~40;5.302134647;1.044334975;1599;609;*;197000~257999;1
6462;*;*;41~48;5.588652482;1.109929078;697;282;*;258000~318999;1
6463;*;*;41~48;5.488023952;1.062874251;786;334;*;197000~257999;1
6464;*;*;33~40;5.288503254;0.958785249;1308;461;*;258000~318999;1
6465;*;*;33~40;5.438967136;1.058685446;1155;426;*;197000~257999;2
6466;*;*;33~40;5.525531915;0.980851064;1542;470;*;197000~257999;2
6467;*;*;25~32;5.151442308;1.026442308;1107;416;3.5348~7.0695;197000~257999;2
6468;*;*;41~48;5.13681592;1.004975124;1313;402;*;258000~318999;2
6469;*;*;33~40;5.48787062;1.045822102;1096;371;*;258000~318999;1
6470;*;*;33~40;6.363636364;1.071428571;874;308;*;258000~318999;1
6471;*;*;33~40;5.227848101;1.004219409;717;237;*;258000~318999;1
6472;*;*;33~40;5.224867725;1.029100529;1116;378;*;197000~257999;1
6473;*;*;33~40;4.887955182;1.036414566;1293;357;*;197000~257999;1
6474;*;*;33~40;4.434782609;0.967391304;887;276;*;197000~257999;1
6475;*;*;33~40;4.824528302;1.090566038;1715;530;*;197000~257999;1
6476;*;*;33~40;4.546134663;1.139650873;1485;401;*;197000~257999;1
6477;*;*;25~32;4.279627164;0.956058589;2316;751;3.5348~7.0695;197000~257999;1
6478;*;*;33~40;5.040302267;0.977329975;1461;397;*;136000~196999;2
6479;*;*;33~40;4.537549407;1.019762846;975;253;*;136000~196999;1
6480;*;*;25~32;3.836676218;0.957020057;817;349;0.0000~3.5347;136000~196999;2
6481;*;*;17~24;4.894308943;1.097560976;409;123;0.0000~3.5347;136000~196999;1
6482;*;*;25~32;4.345771144;0.992537313;1199;402;0.0000~3.5347;136000~196999;2
6483;*;*;25~32;4.048744461;0.985228951;2449;677;3.5348~7.0695;136000~196999;2
6484;*;*;17~24;4.351464435;1.075313808;1976;478;0.0000~3.5347;136000~196999;2
6485;*;*;25~32;3.773993808;1.046439628;1152;323;0.0000~3.5347;136000~196999;2
6486;*;*;25~32;3.920704846;1.066079295;1732;454;0.0000~3.5347;136000~196999;2
6487;*;*;33~40;5.099773243;1.0430839;1544;441;*;136000~196999;2
6488;*;*;25~32;4.930434783;1.082608696;2331;690;3.5348~7.0695;136000~196999;2
6489;*;*;25~32;4.351885099;0.973070018;1713;557;3.5348~7.0695;136000~196999;2
6490;*;*;33~40;5.234567901;1.017283951;1375;405;*;136000~196999;2
6491;*;*;25~32;5.502747253;1.101648352;1520;364;3.5348~7.0695;136000~196999;2
6492;*;*;25~32;4562;1044;1969;500;3.5348~7.0695;136000~196999;2
6493;*;*;25~32;4.765920826;1.08605852;2452;581;0.0000~3.5347;136000~196999;2
6494;*;*;33~40;5.337175793;1.031700288;1414;347;*;136000~196999;2
6495;*;*;25~32;3.992574257;0.893564356;1283;404;0.0000~3.5347;136000~196999;2
6496;*;*;17~24;5.629757785;1.100346021;1279;289;3.5348~7.0695;136000~196999;2
6497;*;*;25~32;3.983416252;1.048092869;2830;603;0.0000~3.5347;136000~196999;2
6498;*;*;33~40;4.234972678;0.978142077;726;183;*;136000~196999;2
6499;*;*;41~48;4.536931818;1.059659091;1311;352;*;136000~196999;2
6500;*;*;49~56;2.36;0.786666667;269;75;*;14000~135999;1
6501;*;*;33~40;3.142857143;0.846153846;752;182;*;136000~196999;1
6502;*;*;25~32;3.796597061;1.099767981;4983;1293;0.0000~3.5347;136000~196999;1
6503;*;*;25~32;3.672897196;0.997663551;1857;428;0.0000~3.5347;136000~196999;1
6504;*;*;33~40;3.929292929;1.035353535;850;198;*;136000~196999;1
6505;*;*;33~40;4.885714286;1.06122449;942;245;*;136000~196999;1
6506;*;*;41~48;4.945273632;1;1239;402;*;197000~257999;1
6507;*;*;33~40;4.576208178;1.027881041;1843;538;*;197000~257999;1
6508;*;*;17~24;4.2;1.062162162;1427;370;0.0000~3.5347;197000~257999;1
6509;*;*;33~40;4.979423868;1.037037037;733;243;*;197000~257999;1
6510;*;*;25~32;4.340096618;1.038647343;4119;1035;0.0000~3.5347;136000~196999;1
6511;*;*;25~32;3.340086831;0.975397974;3034;691;0.0000~3.5347;136000~196999;1
6512;*;*;33~40;4.508264463;1.111570248;905;242;*;136000~196999;1
6513;*;*;33~40;3.48630137;1.044520548;1307;292;*;136000~196999;1
6514;*;*;33~40;4.487012987;1.022727273;1090;308;*;136000~196999;1
6515;*;*;33~40;3.782407407;1.00154321;2536;648;*;136000~196999;1
6516;*;*;17~24;4.334478022;1.07967033;6666;1456;0.0000~3.5347;136000~196999;2
6517;*;*;25~32;2.841836735;0.780612245;455;196;0.0000~3.5347;136000~196999;2
6518;*;*;17~24;3.837947333;1.002700878;6626;1481;0.0000~3.5347;136000~196999;2
6519;*;*;17~24;3.658399098;1.081172492;3528;887;0.0000~3.5347;136000~196999;2
6520;*;*;25~32;4.156593407;1.068681319;1396;364;0.0000~3.5347;136000~196999;1
6521;*;*;17~24;2.843446602;1.012135922;3537;824;0.0000~3.5347;75000~135999;1
6522;*;*;25~32;3.457300275;1.078512397;3481;726;0.0000~3.5347;136000~196999;1
6523;*;*;25~32;3.334494774;1.027874564;1300;287;0.0000~3.5347;136000~196999;1
6524;*;*;25~32;4.171487603;1.138429752;2481;484;0.0000~3.5347;136000~196999;1
6525;*;*;33~40;5.51754386;1.074561404;988;228;*;136000~196999;1
6526;*;*;25~32;3.490076336;0.998473282;2991;655;0.0000~3.5347;136000~196999;1
6527;*;*;41~48;3.198795181;0.987951807;722;166;*;136000~196999;1
6528;*;*;25~32;3.441077441;0.97979798;1570;297;0.0000~3.5347;136000~196999;1
6529;*;*;25~32;3.430645161;1.008064516;3160;620;0.0000~3.5347;136000~196999;1
6530;*;*;25~32;3.097560976;1.054006969;2184;574;0.0000~3.5347;136000~196999;1
6531;*;*;25~32;4.945848375;1.025270758;1062;277;0.0000~3.5347;197000~257999;1
6532;*;*;25~32;4.281675393;1.020942408;3775;955;0.0000~3.5347;197000~257999;1
6533;*;*;33~40;4.110157368;1.027181688;2758;699;*;136000~196999;1
6534;*;*;25~32;4.760456274;1.038022814;1337;263;0.0000~3.5347;136000~196999;1
6535;*;*;33~40;5.447236181;1.015075377;920;199;*;136000~196999;1
6536;*;*;25~32;4.406976744;1.055232558;1011;344;0.0000~3.5347;136000~196999;1
6537;*;*;17~24;3.467696629;1.026685393;3818;712;0.0000~3.5347;136000~196999;1
6538;*;*;33~40;4.620087336;1.004366812;1043;229;*;136000~196999;1
6539;*;*;33~40;5.040697674;1.055232558;1527;344;*;136000~196999;1
6540;*;*;25~32;4.733918129;0.944444444;1492;342;0.0000~3.5347;136000~196999;1
6541;*;*;33~40;5.245136187;1.692607004;1098;257;*;136000~196999;1
6542;*;*;33~40;2.333333333;0.777777778;21;9;*;136000~196999;1
6543;*;*;25~32;3.585067319;1.187270502;3792;817;0.0000~3.5347;136000~196999;1
6544;*;*;33~40;3.169291339;1.00984252;2050;508;*;136000~196999;1
6545;*;*;33~40;3.672972973;0.856756757;1557;370;*;136000~196999;1
6546;*;*;33~40;4.352750809;1.071197411;1511;309;*;136000~196999;1
6547;*;*;25~32;3.08423913;0.964673913;1717;368;0.0000~3.5347;136000~196999;1
6548;*;*;25~32;3.739622642;0.962264151;1145;265;0.0000~3.5347;136000~196999;1
6549;*;*;33~40;4.338028169;1.103873239;2932;568;*;136000~196999;1
6550;*;*;25~32;4.385653409;1.029119318;5041;1408;0.0000~3.5347;136000~196999;1
6551;*;*;33~40;7.447368421;0.9784689;1139;418;*;441000~501999;2
6552;*;*;33~40;7.176678445;1.054770318;1525;566;*;441000~501999;2
6553;*;*;33~40;5.847457627;0.953995157;1215;413;*;319000~379999;2
6554;*;*;33~40;5.727272727;0.997326203;986;374;*;319000~379999;2
6555;*;*;33~40;6.84660767;0.991150442;880;339;*;441000~501999;2
6556;*;*;49~56;7.114427861;0.925373134;620;201;*;441000~501999;2
6557;*;*;49~56;7.539184953;0.937304075;970;319;*;441000~501999;2
6558;*;*;33~40;7.021428571;1.035714286;1897;700;*;319000~379999;2
6559;*;*;41~48;6.774683544;1.081012658;1022;395;*;258000~318999;2
6560;*;*;41~48;6.975274725;1.167582418;930;364;*;258000~318999;2
6561;*;*;33~40;6.9;1.119047619;621;210;*;258000~318999;2
6562;*;*;41~48;5.251082251;0.891774892;529;231;*;197000~257999;2
6563;*;*;41~48;6.052380952;1.123809524;573;210;*;197000~257999;2
6564;*;*;41~48;4.927051672;1.109422492;1015;329;*;197000~257999;2
6565;*;*;41~48;5.922570016;1.019769357;1686;607;*;197000~257999;2
6566;*;*;33~40;5.946759259;0.986111111;1282;432;*;197000~257999;2
6567;*;*;33~40;5.50137741;0.994490358;1037;363;*;197000~257999;2
6568;*;*;49~56;5.546583851;0.950310559;1018;322;*;136000~196999;2
6569;*;*;41~48;5.594795539;0.970260223;857;269;*;136000~196999;2
6570;*;*;33~40;6.312785388;1.175799087;1422;438;*;197000~257999;2
6571;*;*;41~48;4.853403141;0.942408377;1126;382;*;136000~196999;1
6572;*;*;41~48;5.820338983;1.06440678;868;295;*;136000~196999;1
6573;*;*;33~40;5.30259366;1.031700288;1218;347;*;136000~196999;1
6574;*;*;41~48;5.895765472;1.117263844;988;307;*;136000~196999;1
6575;*;*;33~40;7.317343173;1.099630996;853;271;*;197000~257999;1
6576;*;*;25~32;7.170040486;1.014844804;4353;1482;7.0696~10.6043;*;1
6577;*;*;33~40;7.458745875;1.062706271;941;303;*;441000~501999;1
6578;*;*;41~48;6.163179916;1.046025105;668;239;*;380000~501999;1
6579;*;*;41~48;6.725165563;0.973509934;859;302;*;380000~501999;1
6580;*;*;41~48;7.12;1.013333333;680;225;*;380000~501999;1
6581;*;*;33~40;6.59375;1.017857143;609;224;*;441000~501999;1
6582;*;*;41~48;6.665178571;1.058035714;665;224;*;380000~501999;1
6583;*;*;41~48;6.57254902;1.031372549;757;255;*;380000~501999;1
6584;*;*;33~40;6.89539749;1.010460251;1268;478;*;441000~501999;1
6585;*;*;33~40;8.12972973;1.043243243;1240;370;*;441000~501999;1
6586;*;*;33~40;6.68159204;1.037313433;1094;402;*;441000~501999;1
6587;*;*;33~40;6.088495575;1.048672566;618;226;*;380000~440999;1
6588;*;*;33~40;6.827715356;1.033707865;1409;534;*;441000~501999;1
6589;*;*;41~48;6.736596737;1.020979021;1219;429;*;380000~501999;1
6590;*;*;41~48;8.84516129;2.806451613;528;155;*;380000~501999;1
6591;*;*;33~40;8.114173228;1.023622047;825;254;*;441000~501999;1
6592;*;*;33~40;8.95473251;1.094650206;798;243;*;441000~501999;1
6593;*;*;41~48;7.335051546;1.015463918;1467;582;*;380000~501999;1
6594;*;*;33~40;7.00979021;1.043356643;1699;715;*;441000~501999;1
6595;*;*;41~48;4.890350877;1.070175439;1985;456;*;136000~196999;1
6596;*;*;41~48;5.18902439;1.134146341;1740;492;0.0000~3.5347;75000~135999;1
6597;*;*;41~48;4.782608696;0.99488491;1345;391;*;136000~196999;1
6598;*;*;41~48;4.207407407;1.074074074;559;135;0.0000~3.5347;75000~135999;1
6599;*;*;49~56;5.398190045;1.031674208;703;221;*;136000~196999;1
6600;*;*;41~48;5.169741697;0.907749077;607;271;*;197000~257999;1
6601;*;*;41~48;4.890675241;1.028938907;1118;311;*;136000~196999;1
6602;*;*;41~48;4.76146789;1.059633028;1641;436;*;136000~196999;1
6603;*;*;41~48;5.263788969;1.076738609;1377;417;*;136000~196999;1
6604;*;*;33~40;5.400843882;0.974683544;828;237;*;136000~196999;1
6605;*;*;41~48;5.737179487;1.012820513;1035;312;*;136000~196999;1
6606;*;*;41~48;5.843501326;1.092838196;1012;377;*;197000~257999;2
6607;*;*;41~48;5.970639033;1.074265976;1700;579;*;197000~257999;1
6608;*;*;49~56;5.846689895;0.965156794;737;287;*;197000~257999;2
6609;*;*;33~40;4.278728606;1.004889976;1398;409;*;136000~196999;1
6610;*;*;41~48;6.005540166;0.975069252;902;361;*;258000~318999;2
6611;*;*;49~56;7.287755102;1.040816327;1434;490;*;319000~379999;2
6612;*;*;41~48;6.994065282;1.014836795;891;337;*;319000~379999;2
6613;*;*;49~56;6.340163934;1.06352459;1309;488;*;258000~318999;2
6614;*;*;41~48;5.375757576;0.954545455;753;330;*;258000~318999;2
6615;*;*;41~48;5.5;1.133663366;421;202;*;258000~318999;2
6616;*;*;49~56;5.92970123;1.050966608;1484;569;*;258000~318999;2
6617;*;*;41~48;5.167577413;1.078324226;1453;549;*;197000~257999;2
6618;*;*;41~48;4.873180873;1.066528067;1537;481;*;197000~257999;2
6619;*;*;49~56;6.477876106;0.933628319;603;226;*;258000~318999;2
6620;*;*;33~40;4.449013158;1.111842105;1551;608;*;197000~257999;2
6621;*;*;49~56;5.788643533;1.041009464;777;317;*;258000~318999;2
6622;*;*;49~56;5.171014493;1.066666667;966;345;*;258000~318999;1
6623;*;*;49~56;5.167173252;0.963525836;996;329;*;136000~196999;1
6624;*;*;49~56;5.291666667;0.964285714;1681;504;*;136000~196999;1
6625;*;*;41~48;4.222052067;1.091883614;2112;653;*;136000~196999;1
6626;*;*;49~56;4.622291022;1.009287926;1000;323;*;136000~196999;1
6627;*;*;33~40;3.81884058;0.90942029;1056;276;*;136000~196999;1
6628;*;*;41~48;4.47260274;1.136986301;3117;584;*;136000~196999;1
6629;*;*;17~24;4.122891566;0.922891566;1474;415;0.0000~3.5347;136000~196999;1
6630;*;*;33~40;5.603174603;1.199546485;1661;441;*;136000~196999;1
6631;*;*;41~48;4.91954023;1.0651341;925;261;*;136000~196999;1
6632;*;*;41~48;5.91372549;1.023529412;674;255;*;136000~196999;1
6633;*;*;41~48;6.105263158;1.081339713;545;209;*;197000~257999;1
6634;*;*;49~56;6.329317269;0.959839357;696;249;*;258000~318999;1
6635;*;*;17~24;6.190647482;1.043165468;571;278;3.5348~7.0695;380000~501999;1
6636;*;*;17~24;5.006097561;0.993902439;229;164;7.0696~10.6043;*;1
6637;*;*;33~40;3.591203105;1.086675291;2546;773;*;136000~196999;1
6638;*;*;49~56;2.75;1.081081081;227;148;*;136000~196999;1
6639;*;*;49~56;2.477477477;1.108108108;273;111;*;441000~501999;1
6640;*;*;49~56;3.240740741;1.005050505;2258;594;*;136000~196999;1
6641;*;*;49~56;4.686046512;1.156976744;698;172;*;136000~196999;1
6642;*;*;33~40;4.414814815;1.118518519;2073;540;*;136000~196999;1
6643;*;*;25~32;3.378413524;0.984395319;2869;769;0.0000~3.5347;136000~196999;1
6644;*;*;17~24;4.169550173;1.093425606;2135;578;0.0000~3.5347;136000~196999;1
6645;*;*;33~40;3.1;0.933333333;1024;300;*;136000~196999;1
6646;*;*;49~56;4.29321663;0.951859956;1329;457;*;197000~257999;1
6647;*;*;33~40;3.792091837;1.029336735;2846;784;*;136000~196999;1
6648;*;*;49~56;4.939338235;1.102941176;1716;544;*;197000~257999;1
6649;*;*;33~40;3.66440678;1.115254237;1337;590;*;136000~196999;1
6650;*;*;17~24;3.504672897;1.062305296;579;321;0.0000~3.5347;136000~196999;1
6651;*;*;41~48;3.279373368;1.062663185;855;383;*;380000~501999;1
6652;*;*;17~24;2.90797546;1.033742331;971;652;0.0000~3.5347;136000~196999;1
6653;*;*;33~40;3.517175573;1.078244275;1449;524;*;197000~257999;1
6654;*;*;25~32;4.427135678;1.045226131;940;398;0.0000~3.5347;136000~196999;1
6655;*;*;33~40;3.875722543;1.034682081;2050;692;*;136000~196999;1
6656;*;*;17~24;4.269230769;1.223076923;1095;390;0.0000~3.5347;136000~196999;1
6657;*;*;17~24;2.627358491;1.018867925;673;212;0.0000~3.5347;136000~196999;1
6658;*;*;17~24;3.772009029;1.083521445;1005;443;0.0000~3.5347;136000~196999;1
6659;*;*;1~16;3.788808664;1.128158845;1252;554;0.0000~3.5347;136000~196999;1
6660;*;*;25~32;3.464396285;1.034055728;739;323;0.0000~3.5347;75000~135999;1
6661;*;*;49~56;5.955555556;1.094949495;1363;495;*;258000~318999;2
6662;*;*;49~56;5.142857143;0.980769231;984;364;*;197000~257999;1
6663;*;*;49~56;5.465753425;1.075342466;1024;292;*;197000~257999;1
6664;*;*;49~56;4.358536585;1.041463415;1107;410;*;197000~257999;1
6665;*;*;33~40;6.277292576;1.205240175;1131;458;*;258000~318999;2
6666;*;*;41~48;5.959488273;1.057569296;1235;469;*;258000~318999;2
6667;*;*;41~48;5.011123471;0.994438265;2296;899;*;258000~318999;2
6668;*;*;49~56;4.638115632;1.034261242;1308;467;*;197000~257999;2
6669;*;*;49~56;7.112612613;1.033783784;1229;444;*;319000~379999;2
6670;*;*;49~56;5.682648402;0.997716895;1101;438;*;319000~379999;2
6671;*;*;49~56;4.421568627;0.895424837;852;306;*;197000~257999;2
6672;*;*;33~40;4.452054795;1.162100457;1038;438;*;136000~196999;1
6673;*;*;25~32;3.923076923;0.998211091;1186;559;3.5348~7.0695;136000~196999;1
6674;*;*;33~40;4.583333333;1.1640625;984;384;*;197000~257999;1
6675;*;*;49~56;5.255924171;1.035545024;1211;422;*;197000~257999;1
6676;*;*;41~48;5.748995984;1.030120482;1412;498;*;319000~379999;2
6677;*;*;25~32;4.63507109;1.075829384;543;211;0.0000~3.5347;197000~257999;2
6678;*;*;1~16;4.204081633;1.075801749;782;343;0.0000~3.5347;136000~196999;2
6679;*;*;41~48;5.629032258;1.072580645;1713;620;*;197000~257999;2
6680;*;*;41~48;4.927272727;1.345454545;150;55;*;197000~257999;2
6681;*;*;49~56;6.090909091;1.281818182;268;110;*;197000~257999;2
6682;*;*;49~56;5.642307692;0.996153846;688;260;*;258000~318999;2
6683;*;*;41~48;6.229461756;1.014164306;942;353;*;319000~379999;2
6684;*;*;33~40;6.536231884;0.960144928;730;276;*;380000~440999;2
6685;*;*;33~40;5.627002288;1.00228833;970;437;*;319000~379999;2
6686;*;*;41~48;4.679487179;1.012820513;672;234;*;197000~257999;2
6687;*;*;41~48;5.095541401;1.090764331;1668;628;*;258000~318999;2
6688;*;*;1~32;7.677419355;1.870967742;142;31;0.0000~3.5347;258000~501999;2
6689;*;*;41~48;5.219642857;1.078571429;1903;560;*;197000~257999;2
6690;*;*;49~56;6.855614973;1.010695187;431;187;*;441000~501999;2
6691;*;*;41~48;8.537931034;1.013793103;377;145;*;380000~501999;2
6692;*;*;33~40;6.518900344;0.958762887;733;291;*;441000~501999;2
6693;*;*;41~48;5.028037383;1.100934579;1149;535;*;258000~318999;2
6694;*;*;33~40;5.768656716;1.024253731;1457;536;*;319000~379999;2
6695;*;*;41~48;4.113149847;1.088685015;749;327;*;197000~257999;2
6696;*;*;41~48;4.9056;1.0544;1287;625;*;319000~379999;1
6697;*;*;49~56;7.795454545;1.077922078;810;308;*;319000~379999;1
6698;*;*;25~32;4.160797342;1.093023256;3001;1505;3.5348~7.0695;197000~257999;1
6699;*;*;41~48;5.129082426;0.956454121;1417;643;*;380000~501999;1
6700;*;*;49~56;7125;1.073170732;981;328;*;441000~501999;1
6701;*;*;25~32;3.611404435;1.031678986;1718;947;0.0000~3.5347;197000~257999;1
6702;*;*;33~40;5.523684211;1.044736842;1500;380;*;441000~501999;1
6703;*;*;17~24;4.02133922;1.099337748;2511;1359;0.0000~3.5347;197000~257999;1
6704;*;*;25~32;3.688082902;1.071502591;1658;965;0.0000~3.5347;136000~196999;1
6705;*;*;17~24;3.991812865;1.100584795;4210;2565;3.5348~7.0695;197000~257999;1
6706;*;*;1~32;3.586933614;1.065331928;1694;949;0.0000~3.5347;258000~501999;1
6707;*;*;25~32;3.620772947;1.028985507;755;414;3.5348~7.0695;258000~318999;1
6708;*;*;41~48;3;1.055248619;454;181;0.0000~3.5347;14000~74999;1
6709;*;*;49~56;3.838095238;1.114285714;361;105;*;136000~196999;1
6710;*;*;25~32;6.656652361;1.090128755;816;233;7.0696~10.6043;*;1
6711;*;*;41~48;6.813901345;1.080717489;973;446;*;380000~501999;1
6712;*;*;41~48;7.4;0.93442623;759;305;*;380000~501999;1
6713;*;*;41~48;6.448113208;0.978773585;1057;424;*;380000~501999;1
6714;*;*;33~40;6.90952381;1.095238095;1007;420;*;319000~379999;1
6715;*;*;33~40;6.535483871;1.047311828;1131;465;*;319000~379999;1
6716;*;*;25~32;5.941935484;1.11827957;1143;465;3.5348~7.0695;380000~501999;1
6717;*;*;49~56;5.416851441;1.095343681;947;451;*;258000~318999;1
6718;*;*;33~40;6.343898574;1.025356577;1337;631;*;441000~501999;1
6719;*;*;49~56;7.742465753;1.043835616;924;365;*;441000~501999;1
6720;*;*;41~48;7.460992908;1.016548463;1109;423;*;380000~501999;1
6721;*;*;9~16;4.558109834;1.04853129;1505;783;3.5348~7.0695;197000~257999;1
6722;*;*;49~56;5.989203779;1.083670715;1650;741;*;441000~501999;1
6723;*;*;33~40;3.868544601;1.051643192;430;213;*;197000~257999;1
6724;*;*;49~56;8.975535168;1.042813456;975;327;*;441000~501999;1
6725;*;*;41~48;8.171617162;1.0330033;900;303;*;380000~501999;1
6726;*;*;49~56;8.5129683;1.069164265;1152;347;*;441000~501999;1
6727;*;*;49~56;10.41935484;1.136200717;956;279;*;441000~501999;1
6728;*;*;49~56;7.656593407;0.96978022;1057;364;*;441000~501999;1
6729;*;*;49~56;7.443478261;1;1102;345;*;441000~501999;1
6730;*;*;49~56;6.623188406;1.019323671;1153;414;*;441000~501999;1
6731;*;*;41~48;7.459143969;1.031128405;754;257;*;380000~501999;1
6732;*;*;41~48;7.036290323;0.955645161;693;248;*;380000~501999;1
6733;*;*;41~48;7.251833741;1.014669927;1231;409;*;380000~501999;1
6734;*;*;49~56;7.018552876;1.074211503;1601;539;*;441000~501999;1
6735;*;*;49~56;8.696682464;1.09478673;636;211;*;441000~501999;1
6736;*;*;41~48;8.592307692;1.061538462;749;260;*;380000~501999;1
6737;*;*;33~40;5.669064748;0.920863309;413;139;*;380000~440999;2
6738;*;*;41~48;5.666666667;0.992907801;807;282;*;319000~379999;1
6739;*;*;33~40;6.092378753;0.997690531;1284;433;*;319000~379999;1
6740;*;*;33~40;5.98951049;0.996503497;779;286;*;319000~379999;1
6741;*;*;25~32;4.439624853;1.070339977;1992;853;0.0000~3.5347;197000~257999;2
6742;*;*;25~32;4.704952582;1.037934668;2273;949;3.5348~7.0695;197000~257999;2
6743;*;*;25~32;4.145009416;1.052730697;1194;531;3.5348~7.0695;258000~318999;2
6744;*;*;41~48;5.610108303;1.036101083;802;277;*;258000~318999;2
6745;*;*;33~40;5.197508897;1.140569395;1541;562;*;258000~318999;1
6746;*;*;25~32;5.315457413;1.075709779;757;317;3.5348~7.0695;258000~318999;1
6747;*;*;41~48;5.382739212;1.056285178;1627;533;*;258000~318999;1
6748;*;*;41~48;5.333333333;1.243589744;419;156;*;197000~257999;1
6749;*;*;41~48;5.024856597;1.003824092;1494;523;*;197000~257999;1
6750;*;*;41~48;5.562146893;0.997175141;927;354;*;258000~318999;1
6751;*;*;25~32;5.370018975;1.223908918;1500;527;0.0000~3.5347;197000~257999;1
6752;*;*;33~40;6.153526971;1.093360996;1231;482;*;258000~318999;1
6753;*;*;41~48;6.515570934;0.951557093;764;289;*;380000~501999;1
6754;*;*;49~56;6.081632653;1.06462585;792;294;*;258000~318999;1
6755;*;*;49~56;6.802020202;1.056565657;1317;495;*;319000~379999;1
6756;*;*;49~56;7.503521127;1.035211268;753;284;*;319000~379999;1
6757;*;*;49~56;5.73877551;0.975510204;1329;490;*;258000~318999;1
6758;*;*;41~48;6.65830721;1;785;319;*;319000~379999;1
6759;*;*;49~56;4.968599034;1.038647343;1103;414;*;258000~318999;1
6760;*;*;33~40;5.137323944;0.977112676;1435;568;*;258000~318999;1
6761;*;*;17~24;3.900426743;1.075391181;1396;703;0.0000~3.5347;197000~257999;1
6762;*;*;17~24;3.504537205;1.076225045;2773;1102;0.0000~3.5347;136000~196999;1
6763;*;*;25~32;3.950777202;1.06865285;2153;772;0.0000~3.5347;197000~257999;1
6764;*;*;17~24;3.690578158;1.078158458;2622;934;0.0000~3.5347;197000~257999;1
6765;*;*;41~48;5.426829268;0.881097561;755;328;*;319000~379999;1
6766;*;*;17~24;4.218608853;1.070460705;2478;1107;0.0000~3.5347;197000~257999;1
6767;*;*;49~56;5.140506329;1.089873418;2290;790;*;258000~318999;1
6768;*;*;49~56;6.293457944;1.018691589;1427;535;*;441000~501999;1
6769;*;*;49~56;5.440251572;1.035220126;1927;795;*;380000~440999;1
6770;*;*;49~56;6.766381766;1.051282051;930;351;*;441000~501999;1
6771;*;*;49~56;5.705882353;1.078431373;704;306;*;319000~379999;1
6772;*;*;49~56;6.329113924;1.215189873;363;158;*;319000~379999;1
6773;*;*;33~40;4.364479315;1.079172611;2719;1402;*;319000~379999;1
6774;*;*;41~48;4.219114219;0.995337995;742;429;*;319000~379999;1
6775;*;*;49~56;5.128378378;1.162162162;725;296;*;197000~257999;1
6776;*;*;49~56;5.752411576;0.926045016;848;311;*;441000~501999;1
6777;*;*;33~40;4.609504132;1.010330579;940;484;*;380000~440999;1
6778;*;*;33~40;4.893246187;1.047930283;995;459;*;319000~379999;1
6779;*;*;33~40;4.921052632;1.093984962;1314;532;*;258000~318999;1
6780;*;*;33~40;4.645783133;1.044578313;1847;830;*;319000~379999;1
6781;*;*;25~32;5.296570899;1.069508804;2639;1079;3.5348~7.0695;319000~379999;1
6782;*;*;41~48;4.662393162;1.008547009;632;234;*;258000~318999;1
6783;*;*;33~40;3.932885906;0.975391499;892;447;*;258000~318999;1
6784;*;*;25~32;5.333690987;1.068669528;2370;932;3.5348~7.0695;380000~501999;1
6785;*;*;25~32;6.81595092;0.992331288;1922;652;7.0696~10.6043;*;1
6786;*;*;25~32;4.365487674;1.085744909;2411;933;0.0000~3.5347;197000~257999;1
6787;*;*;25~32;5.065445026;1.204188482;1456;382;0.0000~3.5347;136000~196999;1
6788;*;*;49~56;5.466501241;1.066997519;1238;403;*;197000~257999;1
6789;*;*;49~56;4.051764706;1.054117647;1122;425;*;197000~257999;1
6790;*;*;33~40;4.243961353;0.987922705;2277;828;*;197000~257999;1
6791;*;*;41~48;4.11328125;0.98046875;941;256;*;197000~257999;1
6792;*;*;41~48;4.697585769;1.036848793;2446;787;*;197000~257999;1
6793;*;*;25~32;4.106508876;1.111439842;2934;1014;0.0000~3.5347;197000~257999;1
6794;*;*;33~40;3.793478261;0.993478261;1547;460;*;197000~257999;1
6795;*;*;17~24;3.856866538;1.061895551;2909;1034;0.0000~3.5347;136000~196999;1
6796;*;*;25~32;4.141618497;1.147398844;1110;346;0.0000~3.5347;136000~196999;1
6797;*;*;17~24;3.76758794;0.987437186;2937;796;0.0000~3.5347;197000~257999;1
6798;*;*;49~56;4.088235294;0.852941176;523;170;*;197000~257999;1
6799;*;*;41~48;4.412280702;0.953947368;1454;456;*;197000~257999;1
6800;*;*;25~32;3.757716049;1.05787037;3518;1296;0.0000~3.5347;136000~196999;1
6801;*;*;41~48;3.333333333;1.00952381;662;210;*;136000~196999;1
6802;*;*;41~48;3.729257642;1.136826783;1936;687;*;197000~257999;1
6803;*;*;33~40;4.329596413;1.006726457;1367;446;*;197000~257999;1
6804;*;*;25~32;4.15916955;1.060207612;3620;1445;0.0000~3.5347;197000~257999;1
6805;*;*;41~48;4.462783172;1.019417476;1249;309;*;136000~196999;1
6806;*;*;33~40;4272;984;949;250;*;136000~196999;1
6807;*;*;41~48;5.079913607;1.045356371;1517;463;*;258000~318999;1
6808;*;*;25~32;4.473441109;1.034642032;1352;433;3.5348~7.0695;197000~257999;1
6809;*;*;17~24;4.18699187;1.086720867;2109;738;0.0000~3.5347;136000~196999;1
6810;*;*;33~40;4.17828201;1.045380875;1628;617;*;197000~257999;1
6811;*;*;33~40;4.409001957;1.021526419;1262;511;*;258000~318999;1
6812;*;*;33~40;5445;1.1125;1153;400;*;197000~257999;1
6813;*;*;25~32;3.654054054;0.956756757;543;185;0.0000~3.5347;136000~196999;1
6814;*;*;25~32;4.2243083;0.429841897;2812;1012;0.0000~3.5347;197000~257999;1
6815;*;*;33~40;5.026266417;1.028142589;1605;533;*;197000~257999;1
6816;*;*;33~40;5.230769231;1.07967033;1183;364;*;197000~257999;1
6817;*;*;33~40;4.77020202;1.027777778;1330;396;*;197000~257999;1
6818;*;*;41~48;4.445595855;1.041450777;1343;386;*;197000~257999;1
6819;*;*;33~40;3.851351351;0.936936937;745;222;*;197000~257999;1
6820;*;*;33~40;4.50297619;1.142857143;986;336;*;197000~257999;1
6821;*;*;33~40;4.359756098;1.048780488;1165;328;*;197000~257999;1
6822;*;*;41~48;4.341991342;1.021645022;769;231;*;197000~257999;1
6823;*;*;41~48;5.347985348;1.058608059;829;273;*;197000~257999;1
6824;*;*;33~40;4.550314465;1.036163522;1977;636;*;197000~257999;1
6825;*;*;17~24;3.637096774;1.04516129;3985;1240;0.0000~3.5347;197000~257999;1
6826;*;*;41~48;5.426923077;1.009615385;1434;520;*;197000~257999;1
6827;*;*;41~48;4.940809969;1.003115265;1829;642;*;197000~257999;1
6828;*;*;25~32;5.032119914;1.010706638;945;467;0.0000~3.5347;197000~257999;1
6829;*;*;41~48;5.395121951;1.102439024;779;205;*;197000~257999;1
6830;*;*;41~48;5.406698565;1.09569378;698;209;*;197000~257999;1
6831;*;*;25~32;3.946330778;1.098576123;2719;913;0.0000~3.5347;197000~257999;1
6832;*;*;49~56;5.095744681;1.028368794;980;282;*;197000~257999;1
6833;*;*;49~56;4.855585831;1.019073569;1010;367;*;258000~318999;1
6834;*;*;33~40;3.958847737;1.019547325;2814;972;*;197000~257999;1
6835;*;*;33~40;3.61414791;0.699356913;1762;622;*;197000~257999;1
6836;*;*;33~40;4.146622735;1.090609555;1883;607;*;197000~257999;1
6837;*;*;33~40;4.321492007;1.039076377;1565;563;*;197000~257999;1
6838;*;*;25~32;4.433962264;1.009433962;1404;424;0.0000~3.5347;197000~257999;1
6839;*;*;41~48;4.550128535;1.087403599;1410;389;*;197000~257999;1
6840;*;*;41~48;4.303278689;1.032786885;820;244;*;197000~257999;1
6841;*;*;17~24;3.639143731;1.06116208;965;327;0.0000~3.5347;197000~257999;1
6842;*;*;17~24;3.017605634;1.007042254;1590;568;0.0000~3.5347;136000~196999;1
6843;*;*;17~24;3.685121107;1.131487889;1870;578;0.0000~3.5347;136000~196999;1
6844;*;*;17~24;3.346579805;1.051465798;4945;1535;0.0000~3.5347;136000~196999;1
6845;*;*;17~24;3.695402299;1.042528736;3072;870;0.0000~3.5347;197000~257999;1
6846;*;*;17~24;3.711237553;1.025604552;2221;703;0.0000~3.5347;136000~196999;1
6847;*;*;41~48;4.818604651;0.925581395;656;215;*;197000~257999;1
6848;*;*;33~40;5.663507109;1.052132701;1246;422;*;197000~257999;1
6849;*;*;33~40;5.62605042;1.084033613;706;238;*;197000~257999;1
6850;*;*;49~56;5.990936556;1.039274924;887;331;*;197000~257999;1
6851;*;*;41~48;4.868263473;1.146706587;1063;334;*;197000~257999;1
6852;*;*;41~48;5.336898396;0.967914439;1651;561;*;197000~257999;1
6853;*;*;41~48;5.087533156;1.030503979;2118;754;*;197000~257999;1
6854;*;*;33~40;5.36;1.02;940;200;*;197000~257999;1
6855;*;*;25~32;4.410755149;1.054919908;2517;874;0.0000~3.5347;197000~257999;1
6856;*;*;25~32;6.111269615;1.057061341;2163;701;3.5348~7.0695;258000~318999;1
6857;*;*;25~32;6.090909091;0.996363636;785;275;3.5348~7.0695;258000~318999;1
6858;*;*;1~32;4.998175182;1.03649635;3062;1096;0.0000~3.5347;258000~501999;1
6859;*;*;1~32;4.458885942;1.059681698;1939;754;0.0000~3.5347;258000~501999;1
6860;*;*;33~40;5.033690658;0.993874426;1783;653;*;258000~318999;1
6861;*;*;25~32;4.635616438;1.090410959;1130;365;0.0000~3.5347;197000~257999;1
6862;*;*;25~32;5.074324324;1.044401544;3496;1036;0.0000~3.5347;197000~257999;1
6863;*;*;33~40;5.426890756;1.035294118;1879;595;*;258000~318999;1
6864;*;*;33~40;5.386819484;1.051575931;954;349;*;197000~257999;1
6865;*;*;33~40;4.196601942;1.063106796;1308;412;*;197000~257999;1
6866;*;*;25~32;4.046263345;1.042704626;800;281;0.0000~3.5347;197000~257999;1
6867;*;*;25~32;4.037037037;1.026455026;1304;378;0.0000~3.5347;197000~257999;1
6868;*;*;25~32;3.45923913;0.934782609;1148;368;0.0000~3.5347;197000~257999;1
6869;*;*;1~16;4.700389105;1.09922179;1750;514;0.0000~3.5347;136000~196999;1
6870;*;*;1~16;4.578397213;1.163763066;2208;574;0.0000~3.5347;136000~196999;1
6871;*;*;41~48;4.6328125;1.0390625;481;128;*;197000~257999;1
6872;*;*;33~40;4.408510638;0.961702128;1058;235;*;136000~196999;1
6873;*;*;17~24;4.087878788;1.066666667;1188;330;0.0000~3.5347;136000~196999;1
6874;*;*;25~32;3.827922078;1.016233766;1255;308;0.0000~3.5347;136000~196999;1
6875;*;*;33~40;4.568345324;1.075539568;1073;278;*;136000~196999;1
6876;*;*;33~40;3.668639053;1.032544379;1383;338;*;136000~196999;1
6877;*;*;33~40;3.932330827;1.026852846;3816;931;*;136000~196999;1
6878;*;*;25~32;4.670588235;1.070588235;709;170;0.0000~3.5347;136000~196999;1
6879;*;*;33~40;3.298464491;1.037428023;3817;1042;*;197000~257999;1
6880;*;*;41~48;4.5375;0.9125;568;160;*;136000~196999;1
6881;*;*;25~32;4.085271318;0.976744186;1032;258;0.0000~3.5347;136000~196999;1
6882;*;*;25~32;3.874755382;1.080234834;2264;511;0.0000~3.5347;136000~196999;1
6883;*;*;33~40;3.905683192;1.015719468;3485;827;*;136000~196999;1
6884;*;*;17~24;5.164456233;1.013262599;3273;1131;3.5348~7.0695;136000~196999;1
6885;*;*;25~32;4.441860465;1.120155039;1163;258;0.0000~3.5347;136000~196999;1
6886;*;*;25~32;3.933793103;1.020689655;3100;725;0.0000~3.5347;136000~196999;1
6887;*;*;33~40;3.99726776;1.008196721;1492;366;*;136000~196999;1
6888;*;*;25~32;3.773170732;1.063414634;1700;410;0.0000~3.5347;136000~196999;1
6889;*;*;17~24;4.859504132;0.983471074;1379;363;3.5348~7.0695;197000~257999;1
6890;*;*;25~32;4.977622378;1.026573427;2975;715;3.5348~7.0695;136000~196999;1
6891;*;*;25~32;4.917763158;1.078947368;1296;304;0.0000~3.5347;136000~196999;1
6892;*;*;17~24;4.373040752;1.072884013;3842;1276;3.5348~7.0695;136000~196999;1
6893;*;*;17~24;5.693726937;0.948339483;824;271;3.5348~7.0695;258000~318999;1
6894;*;*;17~24;6.495274102;1.06805293;1729;529;3.5348~7.0695;258000~318999;1
6895;*;*;25~32;5.614060258;0.99856528;2264;697;3.5348~7.0695;258000~318999;1
6896;*;*;25~32;4.766414141;0.992424242;2416;792;3.5348~7.0695;197000~257999;1
6897;*;*;33~40;5.463157895;1.1;598;190;*;197000~257999;1
6898;*;*;33~40;5.181818182;0.973262032;1118;374;*;197000~257999;1
6899;*;*;33~40;4.765676568;1.02970297;881;303;*;197000~257999;1
6900;*;*;33~40;5.095070423;1.031690141;1042;284;*;197000~257999;1
6901;*;*;33~40;4.131313131;0.984848485;664;198;*;197000~257999;1
6902;*;*;41~48;4.264770241;1.015317287;1216;457;*;197000~257999;1
6903;*;*;33~40;5.430939227;1.080110497;1120;362;*;197000~257999;1
6904;*;*;33~40;5.589108911;1.04950495;509;202;*;197000~257999;1
6905;*;*;33~40;5.09556314;1.078498294;989;293;*;197000~257999;1
6906;*;*;41~48;5.212765957;1.066193853;1392;423;*;197000~257999;1
6907;*;*;33~40;4.84562212;0.983870968;1355;434;*;197000~257999;1
6908;*;*;33~40;5.293532338;1.009950249;608;201;*;197000~257999;1
6909;*;*;25~32;8.275862069;1.075862069;1382;435;7.0696~10.6043;*;1
6910;*;*;25~32;7.711388456;1.051482059;1913;641;3.5348~7.0695;319000~379999;1
6911;*;*;33~40;8.124087591;1.058394161;424;137;*;441000~501999;1
6912;*;*;25~32;7.637931034;1.045454545;1995;638;7.0696~10.6043;*;1
6913;*;*;33~40;6.345852895;1.020344288;1758;639;*;258000~318999;1
6914;*;*;33~40;6.138571429;1.024285714;2038;700;*;258000~318999;1
6915;*;*;25~32;7.618556701;0.975945017;851;291;7.0696~10.6043;*;1
6916;*;*;33~40;6.718309859;0.985915493;505;213;*;380000~440999;1
6917;*;*;33~40;6.051724138;1.110344828;774;290;*;258000~318999;1
6918;*;*;33~40;7.914754098;1.059016393;878;305;*;441000~501999;1
6919;*;*;1~32;8.460580913;1.004149378;1490;482;10.6044~16.0000;*;1
6920;*;*;1~32;5.714285714;1.142857143;25;7;0.0000~3.5347;258000~501999;1
6921;*;*;9~16;6.415520629;1.017681729;2975;1018;3.5348~7.0695;258000~501999;1
6922;*;*;25~32;5.343373494;0.962349398;2653;664;3.5348~7.0695;136000~196999;1
6923;*;*;33~40;5.909638554;1.192771084;1488;332;*;136000~196999;1
6924;*;*;33~40;5.357995227;1.059665871;1540;419;*;136000~196999;1
6925;*;*;33~40;5.058181818;1.029090909;1025;275;*;136000~196999;1
6926;*;*;25~32;5.111398964;1.038860104;1322;386;0.0000~3.5347;136000~196999;1
6927;*;*;41~48;4;1.00862069;1471;348;*;136000~196999;1
6928;*;*;33~40;3.578313253;1.030120482;1373;332;*;136000~196999;1
6929;*;*;33~40;3.618147448;1.037807183;2122;529;*;136000~196999;1
6930;*;*;1~16;4.778058008;1.021437579;2551;793;0.0000~3.5347;136000~196999;1
6931;*;*;33~40;4.827433628;1.030973451;890;226;*;136000~196999;1
6932;*;*;33~40;3.828220859;0.987730061;1282;326;*;136000~196999;1
6933;*;*;33~40;4.283625731;1.061403509;1538;342;*;136000~196999;1
6934;*;*;41~48;3.768907563;0.962184874;1094;238;0.0000~3.5347;75000~135999;1
6935;*;*;25~32;4.838427948;1.03930131;1151;229;3.5348~7.0695;136000~196999;1
6936;*;*;33~40;5.140298507;1.053731343;1174;335;*;136000~196999;1
6937;*;*;33~40;4.674556213;0.979289941;1290;338;*;136000~196999;1
6938;*;*;33~40;5.033088235;0.992647059;1005;272;*;136000~196999;1
6939;*;*;33~40;5.327526132;1.010452962;1271;287;*;136000~196999;1
6940;*;*;33~40;4.966292135;1.018726592;933;267;*;136000~196999;1
6941;*;*;25~32;4.684466019;1.053398058;599;206;0.0000~3.5347;136000~196999;1
6942;*;*;33~40;5.525925926;1.044444444;1041;270;*;136000~196999;1
6943;*;*;33~40;4.570175439;0.969298246;863;228;*;136000~196999;1
6944;*;*;33~40;4.635036496;0.99270073;1092;274;*;136000~196999;1
6945;*;*;33~40;4.539087948;1.040716612;1923;614;*;136000~196999;1
6946;*;*;33~40;4.96460177;0.967551622;1369;339;*;136000~196999;1
6947;*;*;33~40;4.793918919;1.047297297;1125;296;*;136000~196999;1
6948;*;*;33~40;3.532286213;1.029668412;2028;573;*;136000~196999;1
6949;*;*;25~32;3.227146814;0.991689751;997;361;0.0000~3.5347;136000~196999;1
6950;*;*;33~40;5.642361111;1.048611111;1134;288;*;136000~196999;1
6951;*;*;41~48;4.85483871;1.016129032;1002;248;*;136000~196999;1
6952;*;*;33~40;3.285714286;0.898809524;807;168;*;136000~196999;1
6953;*;*;33~40;4.656756757;1;1221;370;*;136000~196999;1
6954;*;*;33~40;5.164835165;0.934065934;932;273;*;136000~196999;1
6955;*;*;41~48;6.451923077;1.168269231;615;208;*;136000~196999;1
6956;*;*;49~56;5.38028169;1.117370892;579;213;*;136000~196999;1
6957;*;*;33~40;6.104918033;1.045901639;975;305;*;136000~196999;1
6958;*;*;33~40;5.601343785;1.0268757;2597;893;*;197000~257999;1
6959;*;*;33~40;4.976588629;1.063545151;2117;598;*;136000~196999;1
6960;*;*;41~48;5.662100457;0.915525114;1085;438;*;258000~318999;1
6961;*;*;33~40;5.065997131;1.081779053;1613;697;*;197000~257999;1
6962;*;*;33~40;4.535014006;1.218487395;886;357;*;136000~196999;1
6963;*;*;33~40;4.897727273;1.011363636;484;176;*;136000~196999;1
6964;*;*;41~48;5.438356164;1.058219178;827;292;*;136000~196999;1
6965;*;*;41~48;5.701421801;1.037914692;637;211;*;136000~196999;1
6966;*;*;41~48;5884;1.02;670;250;*;136000~196999;1
6967;*;*;49~56;4.297356828;1.008810573;1362;454;*;136000~196999;1
6968;*;*;41~48;3.605128205;1.097435897;1174;390;*;136000~196999;1
6969;*;*;41~48;4.377260982;1.067183463;1222;387;*;136000~196999;1
6970;*;*;25~32;6.334128878;1.019093079;2114;838;3.5348~7.0695;258000~318999;1
6971;*;*;49~56;6.359908884;1.050113895;1177;439;*;197000~257999;1
6972;*;*;41~48;4.476190476;1.054421769;880;441;*;197000~257999;1
6973;*;*;41~48;3.534682081;1.104046243;1699;692;*;136000~196999;1
6974;*;*;25~32;3.327160494;1.043209877;1158;486;0.0000~3.5347;136000~196999;1
6975;*;*;25~32;4.136054422;1.130612245;1580;735;0.0000~3.5347;136000~196999;1
6976;*;*;41~48;4.970530452;1.110019646;1262;509;*;197000~257999;1
6977;*;*;17~24;6.80887372;1.044368601;707;293;7.0696~10.6043;*;1
6978;*;*;25~32;5.152400835;1.152400835;1190;479;3.5348~7.0695;197000~257999;1
6979;*;*;33~40;6.218954248;0.95751634;887;306;*;258000~318999;1
6980;*;*;33~40;5.898373984;0.910569106;608;246;*;258000~318999;1
6981;*;*;25~32;6.862539349;1.039874082;3124;953;3.5348~7.0695;319000~379999;1
6982;*;*;33~40;5.86038961;0.935064935;882;308;*;258000~318999;1
6983;*;*;33~40;6.437299035;1.160771704;913;311;*;197000~257999;1
6984;*;*;33~40;5.126237624;0.985148515;988;404;*;197000~257999;1
6985;*;*;33~40;5.637323944;1.021126761;715;284;*;197000~257999;1
6986;*;*;33~40;5.157622739;1.005167959;1029;387;*;197000~257999;1
6987;*;*;33~40;4.909930716;1.002309469;1103;433;*;136000~196999;1
6988;*;*;33~40;4.467775468;1.095634096;1359;481;*;136000~196999;1
6989;*;*;25~32;3.494117647;1.029411765;1968;680;0.0000~3.5347;136000~196999;1
6990;*;*;25~32;3.539663462;1.098557692;2313;832;0.0000~3.5347;136000~196999;1
6991;*;*;17~24;3.605610561;1.028052805;1644;606;0.0000~3.5347;136000~196999;1
6992;*;*;33~40;5.191747573;1.033980583;1138;412;*;136000~196999;1
6993;*;*;33~40;5.405144695;1.057877814;964;311;*;136000~196999;1
6994;*;*;33~40;4.741847826;0.991847826;1022;368;*;136000~196999;1
6995;*;*;33~40;4.876033058;1.05785124;614;242;*;136000~196999;1
6996;*;*;33~40;5.018666667;1.141333333;1034;375;*;136000~196999;1
6997;*;*;33~40;5.435582822;0.984662577;934;326;*;136000~196999;1
6998;*;*;33~40;5.600823045;1.059670782;1390;486;*;136000~196999;1
6999;*;*;33~40;5.139841689;1.042216359;1163;379;*;136000~196999;1
7000;*;*;41~48;4.45482866;1.052959502;1269;321;*;136000~196999;1
7001;*;*;33~40;4.071428571;1.01242236;2778;644;*;136000~196999;1
7002;*;*;33~40;4.498721228;1.10230179;1282;391;*;136000~196999;1
7003;*;*;33~40;5.275862069;0.960591133;1305;406;*;136000~196999;1
7004;*;*;33~40;4.240713224;1.022288262;2816;673;*;136000~196999;1
7005;*;*;33~40;5.140625;0.9625;1077;320;*;136000~196999;1
7006;*;*;25~32;4.788405797;1.034782609;2032;690;0.0000~3.5347;136000~196999;1
7007;*;*;41~48;5.259786477;0.971530249;916;281;*;136000~196999;1
7008;*;*;33~40;5.30420712;0.970873786;988;309;*;136000~196999;1
7009;*;*;33~40;5.73556231;1.124620061;1006;329;*;136000~196999;1
7010;*;*;33~40;5.316062176;0.984455959;789;193;*;136000~196999;1
7011;*;*;25~32;4.287515763;1.041614124;3017;793;0.0000~3.5347;136000~196999;1
7012;*;*;25~32;4.336448598;1.074766355;913;214;0.0000~3.5347;136000~196999;1
7013;*;*;33~40;5;1.079051383;1052;253;*;136000~196999;1
7014;*;*;33~40;5.242718447;0.964401294;1258;309;*;136000~196999;1
7015;*;*;33~40;5.729166667;1.076388889;590;144;*;136000~196999;1
7016;*;*;33~40;4.767045455;0.917613636;1380;352;*;136000~196999;1
7017;*;*;33~40;4.436018957;0.91943128;691;211;*;136000~196999;1
7018;*;*;33~40;5.010204082;1.010204082;1108;294;*;136000~196999;1
7019;*;*;33~40;5.425661914;1.101832994;2033;491;*;136000~196999;1
7020;*;*;33~40;4.719844358;1.029182879;2010;514;*;136000~196999;1
7021;*;*;33~40;4.728222997;1.080139373;1042;287;*;136000~196999;1
7022;*;*;33~40;4.52398524;0.94095941;1068;271;*;136000~196999;1
7023;*;*;33~40;4.022964509;1.006263048;1623;479;*;136000~196999;1
7024;*;*;33~40;4.464285714;1.050420168;1672;476;*;136000~196999;1
7025;*;*;33~40;3.811965812;0.923076923;410;117;*;136000~196999;1
7026;*;*;33~40;5.310064935;0.978896104;2593;616;*;136000~196999;1
7027;*;*;33~40;4.789699571;0.982832618;719;233;*;136000~196999;1
7028;*;*;33~40;4.94044665;0.982630273;1306;403;*;136000~196999;1
7029;*;*;33~40;5.362459547;1.084142395;1195;309;*;136000~196999;1
7030;*;*;33~40;5.103448276;1.034482759;946;232;*;136000~196999;1
7031;*;*;17~24;3.639534884;1.062015504;1461;516;0.0000~3.5347;136000~196999;1
7032;*;*;33~40;4.237894737;0.915789474;1476;475;*;136000~196999;1
7033;*;*;33~40;5.989690722;1.127147766;981;291;*;136000~196999;1
7034;*;*;25~32;4.929648241;0.972361809;1274;398;3.5348~7.0695;136000~196999;1
7035;*;*;33~40;4.923728814;0.983050847;1328;354;*;136000~196999;1
7036;*;*;33~40;5.436692506;1.031007752;1659;387;*;136000~196999;1
7037;*;*;33~40;4.96875;1.076388889;1162;288;*;136000~196999;1
7038;*;*;17~24;4.109677419;1.015053763;1407;465;0.0000~3.5347;136000~196999;1
7039;*;*;25~32;4.967889908;0.944954128;737;218;3.5348~7.0695;136000~196999;1
7040;*;*;33~40;5.602434077;0.957403651;1576;493;*;136000~196999;1
7041;*;*;33~40;4.620991254;0.941690962;1205;343;*;136000~196999;1
7042;*;*;33~40;5.002531646;1.02278481;1379;395;*;136000~196999;1
7043;*;*;17~24;4.796341463;1.157317073;2219;820;0.0000~3.5347;136000~196999;1
7044;*;*;33~40;5.417827298;0.994428969;1227;359;*;136000~196999;1
7045;*;*;25~32;5.76969697;1.015151515;2430;660;3.5348~7.0695;136000~196999;1
7046;*;*;33~40;5.566197183;1.036619718;1236;355;*;136000~196999;1
7047;*;*;33~40;5.196808511;1.037234043;1600;376;*;136000~196999;1
7048;*;*;33~40;3.807692308;0.923076923;527;130;*;136000~196999;1
7049;*;*;33~40;4.543478261;1.039130435;1165;230;*;136000~196999;1
7050;*;*;25~32;4.705263158;1.068421053;883;190;3.5348~7.0695;136000~196999;1
7051;*;*;33~40;4.756207675;1.083521445;2241;443;*;136000~196999;1
7052;*;*;33~40;4.289699571;1.008583691;2170;466;*;136000~196999;1
7053;*;*;17~24;4.31377551;1.020408163;2688;784;3.5348~7.0695;136000~196999;1
7054;*;*;33~40;5.23989899;1.070707071;1312;396;*;136000~196999;1
7055;*;*;25~32;4.488888889;1.053968254;1307;315;0.0000~3.5347;136000~196999;1
7056;*;*;33~40;5.350253807;1.027918782;1243;394;*;136000~196999;1
7057;*;*;33~40;4.931693989;1.057377049;1505;366;*;136000~196999;1
7058;*;*;33~40;4.901719902;1.024570025;1573;407;*;136000~196999;1
7059;*;*;33~40;5.567741935;1.070967742;1293;310;*;136000~196999;1
7060;*;*;33~40;4.597765363;0.972067039;2151;537;*;136000~196999;1
7061;*;*;33~40;5.882352941;0.975490196;1218;408;*;136000~196999;1
7062;*;*;33~40;6.00973236;1.01216545;1386;411;*;136000~196999;1
7063;*;*;33~40;6.269372694;1.114391144;889;271;*;136000~196999;1
7064;*;*;25~32;5.133732535;1.03992016;1564;501;0.0000~3.5347;136000~196999;1
7065;*;*;33~40;4.829090909;0.992727273;1115;275;*;136000~196999;1
7066;*;*;33~40;4.624338624;1.021164021;917;378;*;136000~196999;1
7067;*;*;33~40;5.721014493;1.050724638;816;276;*;136000~196999;1
7068;*;*;33~40;5.760135135;1.010135135;871;296;*;136000~196999;1
7069;*;*;33~40;5.766784452;1.042402827;797;283;*;136000~196999;1
7070;*;*;33~40;5.271493213;0.950226244;627;221;*;136000~196999;1
7071;*;*;33~40;6.123393316;1.038560411;1339;389;*;136000~196999;1
7072;*;*;17~24;4.739173228;1.063976378;3232;1016;0.0000~3.5347;136000~196999;1
7073;*;*;33~40;5.332480818;1.023017903;1112;391;*;136000~196999;1
7074;*;*;25~32;5.744394619;1.100896861;1222;446;3.5348~7.0695;197000~257999;1
7075;*;*;25~32;6.246520875;1.011928429;1520;503;3.5348~7.0695;197000~257999;1
7076;*;*;33~40;5.143176734;0.964205817;1049;447;*;197000~257999;1
7077;*;*;33~40;4.996710526;0.990131579;758;304;*;197000~257999;1
7078;*;*;25~32;4.596928983;1.084452975;1214;521;3.5348~7.0695;197000~257999;1
7079;*;*;33~40;5.134122288;0.950690335;1305;507;*;197000~257999;1
7080;*;*;33~40;5.989711934;1.098765432;1395;486;*;197000~257999;1
7081;*;*;33~40;5.874617737;1.006116208;969;327;*;136000~196999;1
7082;*;*;33~40;5.356275304;0.951417004;807;247;*;136000~196999;1
7083;*;*;25~32;4.60651289;1.006784261;1886;737;3.5348~7.0695;136000~196999;1
7084;*;*;33~40;5.060150376;1.06122449;2984;931;*;136000~196999;1
7085;*;*;33~40;5.620087336;1.017467249;779;229;*;136000~196999;1
7086;*;*;33~40;5152;0.96;758;250;*;136000~196999;1
7087;*;*;33~40;5.459459459;1.054054054;1293;444;*;136000~196999;1
7088;*;*;33~40;5.346666667;1.02;445;150;*;136000~196999;1
7089;*;*;33~40;5.715189873;1;444;158;*;136000~196999;1
7090;*;*;33~40;6.092006033;1.046757164;2269;663;*;197000~257999;1
7091;*;*;33~40;5.882783883;1.058608059;829;273;*;136000~196999;1
7092;*;*;33~40;5.335740072;0.906137184;956;277;*;136000~196999;1
7093;*;*;25~32;7.004950495;0.987623762;1204;404;3.5348~7.0695;258000~318999;1
7094;*;*;17~24;6.860557769;1.022576361;2374;753;3.5348~7.0695;258000~318999;1
7095;*;*;25~32;5.142857143;0.995839112;1921;721;3.5348~7.0695;197000~257999;1
7096;*;*;17~24;5.065921788;1.080446927;2547;895;3.5348~7.0695;197000~257999;1
7097;*;*;25~32;6.702898551;0.788043478;1793;552;3.5348~7.0695;197000~257999;1
7098;*;*;25~32;5.074300699;1.006993007;3106;1144;3.5348~7.0695;197000~257999;1
7099;*;*;9~16;7.176351351;1.204054054;3836;1480;3.5348~7.0695;197000~257999;1
7100;*;*;33~40;5.64229765;1;1235;383;*;197000~257999;1
7101;*;*;25~32;5.051204819;1.120481928;1021;332;3.5348~7.0695;197000~257999;1
7102;*;*;33~40;6.228070175;1.029239766;574;171;*;197000~257999;1
7103;*;*;33~40;6.113924051;0.996835443;1053;316;*;197000~257999;1
7104;*;*;33~40;5.201183432;0.914201183;972;338;*;197000~257999;1
7105;*;*;33~40;5.975384615;1.021538462;1127;325;*;197000~257999;1
7106;*;*;25~32;4.72611465;1.073248408;1655;628;3.5348~7.0695;197000~257999;1
7107;*;*;33~40;5.332258065;0.941935484;1003;310;*;197000~257999;1
7108;*;*;33~40;6.39375;1.021875;1018;320;*;197000~257999;1
7109;*;*;33~40;5.912280702;1.070175439;578;171;*;136000~196999;1
7110;*;*;33~40;5.67370892;0.988262911;1276;426;*;197000~257999;1
7111;*;*;33~40;5.38832998;1.028169014;1540;497;*;197000~257999;1
7112;*;*;33~40;5.841911765;0.974264706;804;272;*;197000~257999;1
7113;*;*;33~40;6.221719457;1.968325792;670;221;*;197000~257999;1
7114;*;*;33~40;5.342364532;1.02955665;1169;406;*;197000~257999;1
7115;*;*;25~32;5.891774892;1.235930736;2541;462;3.5348~7.0695;197000~257999;1
7116;*;*;33~40;5.419607843;1.007843137;685;255;*;197000~257999;1
7117;*;*;33~40;5.468671679;0.977443609;1248;399;*;197000~257999;1
7118;*;*;33~40;4.582633053;1.00280112;977;357;*;197000~257999;1
7119;*;*;33~40;5.69047619;1.107142857;744;252;*;197000~257999;1
7120;*;*;33~40;5.689361702;0.995744681;692;235;*;197000~257999;1
7121;*;*;33~40;5.980997625;1.019002375;1309;421;*;197000~257999;1
7122;*;*;25~32;5.062656642;1.042606516;2526;798;0.0000~3.5347;136000~196999;1
7123;*;*;33~40;5.836683417;1.020100503;1741;398;*;136000~196999;1
7124;*;*;33~40;6.079787234;1.026595745;826;188;*;136000~196999;1
7125;*;*;33~40;2.5;0.833333333;15;6;*;136000~196999;1
7126;*;*;25~32;6.184039088;0.972312704;2043;614;3.5348~7.0695;258000~318999;1
7127;*;*;25~32;5.78425656;0.912536443;1099;343;3.5348~7.0695;197000~257999;1
7128;*;*;33~40;4.824055666;1.098409543;2855;1006;*;197000~257999;1
7129;*;*;33~40;6.568965517;0.988505747;508;174;*;258000~318999;1
7130;*;*;17~24;5.183839479;1.036334056;5279;1844;3.5348~7.0695;258000~318999;1
7131;*;*;1~32;5.057142857;1.062857143;1466;525;0.0000~3.5347;258000~501999;1
7132;*;*;17~24;5.417536534;0.893528184;1751;479;3.5348~7.0695;258000~318999;1
7133;*;*;25~32;3.825046041;1.038674033;2087;543;0.0000~3.5347;136000~196999;1
7134;*;*;17~24;3.180811808;1.062730627;1336;542;0.0000~3.5347;136000~196999;1
7135;*;*;41~48;4.818791946;1;1005;298;*;136000~196999;1
7136;*;*;33~40;4.294117647;0.974789916;653;238;*;136000~196999;1
7137;*;*;33~40;5.517571885;0.987220447;932;313;*;197000~257999;1
7138;*;*;41~48;4.082228117;1.023872679;1122;377;*;136000~196999;1
7139;*;*;33~40;4.442896936;1.066852368;1105;359;*;197000~257999;1
7140;*;*;25~32;3.460348162;1.021276596;1429;517;0.0000~3.5347;197000~257999;1
7141;*;*;25~32;3.984126984;0.999066293;3176;1071;0.0000~3.5347;197000~257999;1
7142;*;*;33~40;4.346153846;1.083916084;788;286;*;136000~196999;1
7143;*;*;33~40;4.47976012;1.034482759;2144;667;*;136000~196999;1
7144;*;*;41~48;3.842931937;0.994764398;565;191;*;136000~196999;1
7145;*;*;41~48;5.424657534;1.246575342;261;73;*;136000~196999;1
7146;*;*;41~48;5.145669291;1.114173228;967;254;*;136000~196999;1
7147;*;*;41~48;5.109693878;0.994897959;1291;392;*;197000~257999;1
7148;*;*;41~48;4.514344262;0.956967213;1470;488;*;136000~196999;1
7149;*;*;41~48;4.370473538;1;1203;359;*;136000~196999;1
7150;*;*;41~48;3.638190955;1.013400335;2386;597;*;136000~196999;1
7151;*;*;41~48;4.332613391;1.019438445;1687;463;*;136000~196999;1
7152;*;*;41~48;5.0625;1.077205882;1142;272;*;136000~196999;1
7153;*;*;41~48;2.766055046;0.949541284;588;218;*;136000~196999;1
7154;*;*;41~48;3.758883249;1.043147208;1206;394;*;136000~196999;1
7155;*;*;33~40;4.085501859;0.977695167;787;269;*;136000~196999;1
7156;*;*;41~48;4.524475524;0.993006993;457;143;*;136000~196999;1
7157;*;*;41~48;5.533333333;1.166666667;302;60;*;136000~196999;1
7158;*;*;17~24;3.966843501;1.049071618;2486;754;0.0000~3.5347;136000~196999;1
7159;*;*;33~40;3.33126935;0.885448916;1535;323;*;136000~196999;1
7160;*;*;9~16;4.217821782;1.064356436;806;202;0.0000~3.5347;75000~135999;1
7161;*;*;25~32;4.105263158;1.020242915;1064;247;0.0000~3.5347;75000~135999;1
7162;*;*;33~40;4.052631579;1.073684211;402;95;0.0000~3.5347;75000~135999;1
7163;*;*;41~48;4.731543624;1.120805369;655;149;*;136000~196999;1
7164;*;*;33~40;4.812154696;1.110497238;2862;181;0.0000~3.5347;75000~135999;1
7165;*;*;33~40;4.158940397;0.973509934;2990;302;0.0000~3.5347;75000~135999;1
7166;*;*;41~48;3.635514019;0.953271028;455;107;0.0000~3.5347;75000~135999;1
7167;*;*;41~48;4.10619469;1.019911504;1853;452;0.0000~3.5347;75000~135999;1
7168;*;*;41~48;3.866666667;3625;416;120;*;136000~196999;1
7169;*;*;33~40;4.964285714;1.267857143;266;56;0.0000~3.5347;75000~135999;1
7170;*;*;33~40;3.897727273;1.036363636;2052;440;0.0000~3.5347;75000~135999;1
7171;*;*;41~48;4.864583333;1.1875;893;192;*;136000~196999;1
7172;*;*;49~56;4.863636364;1.05;925;220;*;14000~135999;1
7173;*;*;41~48;3.888554217;1.039156627;1535;332;0.0000~3.5347;75000~135999;1
7174;*;*;33~40;4.695652174;1.112318841;1423;276;0.0000~3.5347;75000~135999;1
7175;*;*;41~48;4.896153846;1.015384615;1193;260;0.0000~3.5347;75000~135999;1
7176;*;*;33~40;4.506887052;1.006887052;3299;726;0.0000~3.5347;75000~135999;1
7177;*;*;33~48;4.329545455;0.835227273;817;176;3.5348~7.0695;14000~135999;1
7178;*;*;41~48;3.422222222;1.088888889;814;180;0.0000~3.5347;75000~135999;1
7179;*;*;33~40;2.701046338;0.941704036;2118;669;0.0000~3.5347;75000~135999;1
7180;*;*;41~48;4.333333333;1.104417671;1249;249;*;136000~196999;1
7181;*;*;33~40;3.858778626;1.045801527;1164;262;*;136000~196999;1
7182;*;*;33~40;3.487012987;1.048701299;1613;308;0.0000~3.5347;75000~135999;1
7183;*;*;25~32;5.059171598;1.177514793;785;169;0.0000~3.5347;75000~135999;1
7184;*;*;41~48;4.866197183;1.091549296;613;142;0.0000~3.5347;75000~135999;1
7185;*;*;33~40;4.109489051;1.00729927;682;137;*;136000~196999;1
7186;*;*;33~40;4.544776119;1.082089552;690;134;*;136000~196999;1
7187;*;*;41~48;4.053571429;1.035714286;1005;224;0.0000~3.5347;75000~135999;1
7188;*;*;41~48;3.978165939;1.03930131;1005;229;0.0000~3.5347;75000~135999;1
7189;*;*;33~40;4.352941176;1.036199095;999;221;0.0000~3.5347;75000~135999;1
7190;*;*;41~48;4.442424242;1.078787879;715;165;0.0000~3.5347;75000~135999;1
7191;*;*;41~48;3.694690265;0.962389381;1997;452;*;136000~196999;1
7192;*;*;25~32;3.702586207;1.099137931;835;232;0.0000~3.5347;136000~196999;1
7193;*;*;25~32;4.562711864;1.152542373;1177;295;0.0000~3.5347;136000~196999;1
7194;*;*;33~40;3.887537994;0.960486322;1438;329;*;136000~196999;1
7195;*;*;41~48;4.112469438;1.031784841;1706;409;*;136000~196999;1
7196;*;*;25~32;3.620689655;0.937931034;627;145;0.0000~3.5347;75000~135999;1
7197;*;*;33~40;3.697552448;1.013986014;2842;572;0.0000~3.5347;75000~135999;1
7198;*;*;41~48;3.694581281;1.032840722;2588;609;0.0000~3.5347;75000~135999;1
7199;*;*;33~40;3.886262925;1.031019202;2920;677;*;136000~196999;1
7200;*;*;41~48;3.663484487;1.031026253;1820;419;*;136000~196999;1
7201;*;*;33~40;3.55625;925;1484;320;*;136000~196999;1
7202;*;*;33~40;3.7532097;1.047075606;3228;701;0.0000~3.5347;75000~135999;1
7203;*;*;33~40;3.917355372;1.024793388;546;121;*;136000~196999;1
7204;*;*;33~40;4.622377622;0.993006993;720;143;*;136000~196999;1
7205;*;*;33~40;4.247126437;1.060344828;1735;348;*;136000~196999;1
7206;*;*;33~40;3.781818182;1.027272727;987;220;0.0000~3.5347;75000~135999;1
7207;*;*;41~48;4.087557604;1.00921659;965;217;0.0000~3.5347;75000~135999;1
7208;*;*;41~48;3.75;1.010162602;2191;492;0.0000~3.5347;75000~135999;1
7209;*;*;41~48;3.975378788;1.003787879;2325;528;*;136000~196999;1
7210;*;*;41~48;3.258964143;1.007968127;1855;502;*;136000~196999;1
7211;*;*;41~48;3.138790036;1.039145907;1248;281;0.0000~3.5347;75000~135999;1
7212;*;*;41~48;4.209302326;1.085271318;1893;387;*;136000~196999;1
7213;*;*;41~48;3.396984925;1.085427136;851;199;*;136000~196999;1
7214;*;*;33~40;3.762376238;1.084158416;968;202;*;136000~196999;1
7215;*;*;33~40;3.35840708;0.951327434;883;226;*;136000~196999;1
7216;*;*;33~40;3.23364486;0.962616822;488;107;0.0000~3.5347;75000~135999;1
7217;*;*;41~48;4.027027027;1.040540541;925;222;*;136000~196999;1
7218;*;*;33~40;3.699159664;1.068907563;2682;595;*;136000~196999;1
7219;*;*;33~40;3.413385827;0.970472441;2053;508;*;136000~196999;1
7220;*;*;41~48;3.296587927;1.026246719;1511;381;*;136000~196999;1
7221;*;*;41~48;3.493377483;0.986754967;1303;302;*;136000~196999;1
7222;*;*;41~48;3.624521073;1.042145594;1191;261;0.0000~3.5347;75000~135999;1
7223;*;*;33~40;2.942115768;1.01996008;1962;501;*;136000~196999;1
7224;*;*;41~48;3.779778393;1.004155125;3004;722;*;136000~196999;1
7225;*;*;33~40;3.842622951;1.03442623;2195;610;*;136000~196999;1
7226;*;*;41~48;3.913461538;1.038461538;773;208;*;136000~196999;1
7227;*;*;33~40;2.705882353;1.023529412;952;255;*;136000~196999;1
7228;*;*;33~40;3.634660422;1.018735363;1919;427;*;136000~196999;1
7229;*;*;41~48;3.561403509;1.093567251;1175;342;*;136000~196999;1
7230;*;*;41~48;4.054373522;1.087470449;1740;423;*;136000~196999;1
7231;*;*;33~40;3824;1004;2077;500;*;136000~196999;1
7232;*;*;33~40;3.464788732;0.968309859;1024;284;*;136000~196999;1
7233;*;*;41~48;3.757462687;1.03358209;1060;268;*;136000~196999;1
7234;*;*;41~48;3.041758242;1.006593407;1825;455;*;136000~196999;1
7235;*;*;41~48;4.454081633;1.140306122;1296;392;*;136000~196999;1
7236;*;*;41~48;3.930278884;1.015936255;1841;502;*;136000~196999;1
7237;*;*;41~48;4.678571429;1.063492063;736;252;*;136000~196999;1
7238;*;*;33~40;4.02;1.048333333;2119;600;*;136000~196999;1
7239;*;*;41~48;3.506726457;0.928251121;827;223;*;136000~196999;1
7240;*;*;41~48;3.528138528;1.090909091;775;231;*;136000~196999;1
7241;*;*;25~32;4.476125512;1.047748977;2385;733;0.0000~3.5347;136000~196999;1
7242;*;*;33~40;4.280966767;1.021148036;1068;331;*;136000~196999;1
7243;*;*;33~40;4.215517241;1.030172414;1472;464;*;136000~196999;1
7244;*;*;25~32;3.936920223;1.096474954;1929;539;0.0000~3.5347;136000~196999;1
7245;*;*;17~24;4.393053016;1.078610603;2103;547;0.0000~3.5347;136000~196999;1
7246;*;*;33~40;5.605664488;1.054466231;1568;459;*;136000~196999;1
7247;*;*;33~40;3.964285714;0.997252747;2650;728;*;136000~196999;1
7248;*;*;17~24;3.554517134;1.034267913;1189;321;0.0000~3.5347;136000~196999;1
7249;*;*;25~32;4.257352941;1.027573529;2012;544;0.0000~3.5347;136000~196999;1
7250;*;*;25~32;4.528599606;1.053254438;1777;507;0.0000~3.5347;136000~196999;1
7251;*;*;41~48;5.177777778;0.994444444;717;180;*;136000~196999;1
7252;*;*;17~24;3.71459695;1.043572985;2037;459;0.0000~3.5347;136000~196999;1
7253;*;*;33~40;3.25;0.972222222;834;216;*;136000~196999;1
7254;*;*;17~24;3.677242888;1.012035011;3264;914;0.0000~3.5347;136000~196999;1
7255;*;*;25~32;4.408219178;1.012328767;2368;730;0.0000~3.5347;136000~196999;1
7256;*;*;33~40;4.382352941;1.098039216;1233;306;*;136000~196999;1
7257;*;*;25~32;3.801857585;1.108359133;1603;323;0.0000~3.5347;75000~135999;1
7258;*;*;33~40;3.961702128;1.046808511;732;235;*;136000~196999;1
7259;*;*;33~40;3.964114833;1.016746411;1689;418;*;136000~196999;1
7260;*;*;33~40;3.577777778;0.911111111;319;90;*;136000~196999;1
7261;*;*;33~40;2.043478261;0.695652174;51;23;0.0000~3.5347;75000~135999;1
7262;*;*;33~40;3.036363636;1.090909091;267;55;*;319000~379999;1
7263;*;*;33~40;2.423076923;1.128205128;714;156;0.0000~3.5347;75000~135999;1
7264;*;*;17~24;3.008583691;1.034334764;1976;466;0.0000~3.5347;136000~196999;1
7265;*;*;1~8;3.353467562;0.977628635;1754;447;3.5348~7.0695;136000~196999;1
7266;*;*;1~16;4.423444976;1.380382775;1529;418;0.0000~3.5347;136000~196999;1
7267;*;*;33~40;2.743990385;0.972355769;3032;832;*;136000~196999;1
7268;*;*;25~32;3.443396226;1.06918239;1300;318;0.0000~3.5347;75000~135999;1
7269;*;*;1~16;4.616438356;1.251141553;899;219;0.0000~3.5347;136000~196999;1
7270;*;*;25~32;3.928286853;1.235059761;1439;251;0.0000~3.5347;136000~196999;1
7271;*;*;1~8;3.547738693;1.020100503;839;199;3.5348~7.0695;136000~196999;1
7272;*;*;25~32;2.682722513;1.004188482;3909;955;0.0000~3.5347;136000~196999;1
7273;*;*;25~32;3.586206897;1.022988506;498;87;0.0000~3.5347;75000~135999;1
7274;*;*;25~32;3.727272727;1.082251082;1062;231;0.0000~3.5347;75000~135999;1
7275;*;*;33~40;3.138297872;1.042553191;1270;282;0.0000~3.5347;75000~135999;1
7276;*;*;41~48;4.614583333;1.133333333;2054;480;0.0000~3.5347;75000~135999;1
7277;*;*;41~48;2.74676525;0.940850277;2312;541;0.0000~3.5347;75000~135999;1
7278;*;*;41~48;4.284722222;1125;754;144;0.0000~3.5347;75000~135999;1
7279;*;*;41~48;3.506451613;1.080645161;1441;310;0.0000~3.5347;75000~135999;1
7280;*;*;33~40;3.065681445;1.039408867;2223;609;0.0000~3.5347;75000~135999;1
7281;*;*;33~40;3.100890208;1.071216617;1666;337;0.0000~3.5347;75000~135999;1
7282;*;*;33~40;3.553775744;1.054919908;2271;437;0.0000~3.5347;75000~135999;1
7283;*;*;33~40;3.748129676;0.97755611;1886;401;0.0000~3.5347;75000~135999;1
7284;*;*;33~40;3.657492355;1.113149847;1622;327;0.0000~3.5347;75000~135999;1
7285;*;*;41~48;3.724137931;0.954022989;1288;261;0.0000~3.5347;75000~135999;1
7286;*;*;41~48;3.035087719;0.736842105;230;57;0.0000~3.5347;75000~135999;1
7287;*;*;25~32;3.25785124;1.066115702;2650;605;0.0000~3.5347;136000~196999;1
7288;*;*;41~48;4.012820513;0.916666667;625;156;*;136000~196999;1
7289;*;*;25~32;3.717299578;1.036568214;2784;711;0.0000~3.5347;136000~196999;1
7290;*;*;33~40;3.379464286;1.011160714;1496;448;*;136000~196999;1
7291;*;*;17~24;2.537037037;1.08974359;1913;702;0.0000~3.5347;197000~257999;1
7292;*;*;33~40;3.023097826;1.023097826;2980;736;0.0000~3.5347;75000~135999;1
7293;*;*;33~40;2.748490946;0.997987928;2160;497;*;136000~196999;1
7294;*;*;33~40;3.689361702;1.034042553;950;235;*;136000~196999;1
7295;*;*;33~40;3.652941176;1.052941176;2274;510;*;136000~196999;1
7296;*;*;33~40;4.412751678;1.026845638;1257;298;*;136000~196999;1
7297;*;*;33~40;3.56561086;0.972850679;883;221;*;136000~196999;1
7298;*;*;33~40;3.163265306;1.042671614;2212;539;*;136000~196999;1
7299;*;*;33~40;3.356299213;1.029527559;2252;508;*;136000~196999;1
7300;*;*;33~40;3.203389831;1.059322034;1615;354;*;136000~196999;1
7301;*;*;33~40;4.608365019;1.034220532;1129;263;*;136000~196999;1
7302;*;*;33~40;3.62295082;1.016393443;1930;427;*;136000~196999;1
7303;*;*;33~40;3.771317829;1.054263566;1257;258;*;136000~196999;1
7304;*;*;41~48;3.673521851;1.120822622;1537;389;*;136000~196999;1
7305;*;*;33~40;3.466555184;1.026755853;2544;598;*;136000~196999;1
7306;*;*;33~40;3.295081967;0.952868852;2140;488;*;136000~196999;1
7307;*;*;25~32;3.176724138;0.989224138;1844;464;0.0000~3.5347;136000~196999;1
7308;*;*;33~40;2.87254902;1.068627451;1741;408;*;136000~196999;1
7309;*;*;33~40;3.716363636;1.04;1058;275;*;136000~196999;1
7310;*;*;33~40;3.606232295;1.073654391;1398;353;*;136000~196999;1
7311;*;*;25~32;2.899755501;0.946210269;2087;409;0.0000~3.5347;136000~196999;1
7312;*;*;41~48;3.452531646;1.012658228;1418;316;*;136000~196999;1
7313;*;*;33~40;1.819277108;1;380;83;*;136000~196999;1
7314;*;*;25~32;3.442307692;1.069230769;1827;520;0.0000~3.5347;136000~196999;1
7315;*;*;33~40;3.520208605;0.994784876;2815;767;*;136000~196999;1
7316;*;*;33~40;3.494147157;0.363712375;4582;1196;*;136000~196999;1
7317;*;*;25~32;3.741333333;1064;1506;375;0.0000~3.5347;136000~196999;1
7318;*;*;25~32;3.076623377;0.977922078;3259;770;0.0000~3.5347;136000~196999;1
7319;*;*;25~32;3.578651685;1.052434457;2055;534;0.0000~3.5347;136000~196999;1
7320;*;*;33~40;2.814814815;0.96011396;1508;351;*;136000~196999;1
7321;*;*;33~40;3.355481728;1.046511628;1157;301;*;136000~196999;1
7322;*;*;25~32;3.220309811;0.95697074;2542;581;0.0000~3.5347;136000~196999;1
7323;*;*;17~24;3.107438017;1.061157025;2646;605;0.0000~3.5347;136000~196999;1
7324;*;*;25~32;3.183486239;1.051376147;2237;545;0.0000~3.5347;136000~196999;1
7325;*;*;33~40;3.379120879;1.118131868;1512;364;*;136000~196999;1
7326;*;*;41~48;3.079136691;0.798561151;585;139;0.0000~3.5347;75000~135999;1
7327;*;*;25~32;3.540229885;1.106583072;3558;957;0.0000~3.5347;136000~196999;1
7328;*;*;33~40;4.064080944;1.080944351;2106;593;*;136000~196999;1
7329;*;*;33~40;3.582857143;1.011428571;834;175;*;136000~196999;1
7330;*;*;41~48;3.566037736;2.051886792;873;212;*;136000~196999;1
7331;*;*;33~40;3.597609562;1.059760956;1068;251;*;136000~196999;1
7332;*;*;25~32;3.478313253;1.043373494;2806;830;0.0000~3.5347;136000~196999;1
7333;*;*;33~40;3.977722772;1.112623762;3086;808;*;136000~196999;1
7334;*;*;33~40;4.192592593;1.064197531;1280;405;*;197000~257999;1
7335;*;*;33~40;3.620098039;0.916666667;1514;408;*;136000~196999;1
7336;*;*;33~40;4.289855072;1.050724638;1320;276;*;136000~196999;1
7337;*;*;25~32;3.252077562;1.033240997;1758;361;0.0000~3.5347;136000~196999;1
7338;*;*;33~40;4.374712644;1.07816092;1882;435;*;136000~196999;1
7339;*;*;17~24;3.485057471;1.050574713;1977;435;0.0000~3.5347;136000~196999;1
7340;*;*;25~32;3.364394993;0.994436718;3208;719;0.0000~3.5347;136000~196999;1
7341;*;*;25~32;3.496212121;1.003787879;2576;528;0.0000~3.5347;136000~196999;1
7342;*;*;25~32;4.117021277;0.946808511;1175;282;0.0000~3.5347;136000~196999;1
7343;*;*;33~40;4.46969697;1.053030303;620;132;*;136000~196999;1
7344;*;*;25~32;3.737903226;1.008064516;970;248;0.0000~3.5347;136000~196999;1
7345;*;*;25~32;3.602094241;1.068062827;2461;573;0.0000~3.5347;136000~196999;1
7346;*;*;33~40;4.02;1.1;1763;350;*;136000~196999;1
7347;*;*;33~40;3.7375;0.978125;1448;320;*;136000~196999;1
7348;*;*;33~40;3.471153846;1.074519231;1890;416;*;136000~196999;1
7349;*;*;25~32;3.075342466;0.99086758;1756;438;0.0000~3.5347;136000~196999;1
7350;*;*;25~32;3.744505495;1.175824176;1897;364;0.0000~3.5347;136000~196999;1
7351;*;*;1~16;3.453125;0.984375;286;64;0.0000~3.5347;136000~196999;1
7352;*;*;25~32;3.667655786;0.976261128;1486;337;0.0000~3.5347;136000~196999;1
7353;*;*;33~40;3.595808383;1.017964072;1482;334;*;136000~196999;1
7354;*;*;33~40;3.05186722;0.935684647;2272;482;*;136000~196999;1
7355;*;*;25~32;3.581210191;1.084394904;2621;628;0.0000~3.5347;136000~196999;1
7356;*;*;17~24;3.399168399;1.054054054;2480;481;0.0000~3.5347;136000~196999;1
7357;*;*;25~32;3.167146974;1.02401537;5027;1041;0.0000~3.5347;136000~196999;1
7358;*;*;25~32;3.936486486;1.063513514;3803;740;0.0000~3.5347;136000~196999;1
7359;*;*;17~24;4.066666667;1.123809524;402;105;0.0000~3.5347;136000~196999;1
7360;*;*;25~32;3.615463918;0.998969072;3740;970;0.0000~3.5347;136000~196999;1
7361;*;*;25~32;3.813606195;1.038163717;8551;1808;0.0000~3.5347;136000~196999;1
7362;*;*;25~32;3.08042328;1.028571429;3559;945;0.0000~3.5347;136000~196999;1
7363;*;*;25~32;3.564841499;1.011527378;2830;694;0.0000~3.5347;136000~196999;1
7364;*;*;41~48;4.483695652;1.152173913;820;184;*;136000~196999;1
7365;*;*;41~48;4.012886598;1.003865979;2959;776;*;136000~196999;1
7366;*;*;33~40;4.146825397;1.029761905;1871;504;*;136000~196999;1
7367;*;*;49~56;4.444794953;0.987381703;1268;317;*;136000~196999;1
7368;*;*;41~48;4.62005277;1.055408971;1558;379;*;136000~196999;1
7369;*;*;49~56;4.730941704;1.01793722;3731;892;*;136000~196999;1
7370;*;*;41~48;6.35;1.116666667;259;60;*;136000~196999;1
7371;*;*;41~48;3.736156352;0.96742671;1097;307;*;136000~196999;1
7372;*;*;41~48;3.908961593;1.017069701;2962;703;*;136000~196999;1
7373;*;*;41~48;3.783847981;1.040380048;3913;842;*;136000~196999;1
7374;*;*;41~48;4.430446194;1.01312336;1663;381;*;136000~196999;1
7375;*;*;41~48;3.861313869;1.076642336;1097;274;*;136000~196999;1
7376;*;*;41~48;3.53030303;1.117424242;1226;264;0.0000~3.5347;75000~135999;1
7377;*;*;33~40;3.740406321;1.054176072;2033;443;0.0000~3.5347;75000~135999;1
7378;*;*;41~48;4.099697885;1.054380665;1657;331;0.0000~3.5347;75000~135999;1
7379;*;*;41~48;3.416184971;1;1644;346;0.0000~3.5347;75000~135999;1
7380;*;*;33~40;3.606164384;0.900684932;1354;292;0.0000~3.5347;75000~135999;1
7381;*;*;25~32;3.82173913;1.117391304;1057;230;0.0000~3.5347;75000~135999;1
7382;*;*;33~40;3.828358209;1.097014925;1316;268;0.0000~3.5347;75000~135999;1
7383;*;*;33~40;3.780898876;1.06741573;1520;356;0.0000~3.5347;75000~135999;1
7384;*;*;41~48;3.311068702;1.020992366;2288;524;0.0000~3.5347;75000~135999;1
7385;*;*;33~40;4.344086022;1.125448029;1403;279;0.0000~3.5347;75000~135999;1
7386;*;*;25~32;4.497382199;1.157068063;912;191;0.0000~3.5347;75000~135999;1
7387;*;*;33~40;3.727699531;0.985915493;814;213;0.0000~3.5347;75000~135999;1
7388;*;*;41~48;4.096069869;0.991266376;1571;458;0.0000~3.5347;75000~135999;1
7389;*;*;33~40;3.47740113;0.97740113;1217;354;0.0000~3.5347;75000~135999;1
7390;*;*;33~40;4.144230769;1.038461538;1876;416;0.0000~3.5347;75000~135999;1
7391;*;*;41~48;4.87037037;1.083333333;793;216;0.0000~3.5347;75000~135999;1
7392;*;*;41~48;5.139534884;1.143410853;918;258;0.0000~3.5347;75000~135999;1
7393;*;*;41~48;5.050125313;1.050125313;1543;399;0.0000~3.5347;75000~135999;1
7394;*;*;41~48;4.204761905;1.00952381;1655;420;0.0000~3.5347;75000~135999;1
7395;*;*;41~48;5.218543046;1.122516556;1252;302;0.0000~3.5347;75000~135999;1
7396;*;*;33~40;2.469512195;0.993902439;686;164;0.0000~3.5347;75000~135999;1
7397;*;*;33~40;3.89010989;0.989010989;1136;273;0.0000~3.5347;75000~135999;1
7398;*;*;41~48;3.448453608;0.943298969;1765;388;0.0000~3.5347;75000~135999;1
7399;*;*;33~40;3.366492147;0.97382199;821;191;0.0000~3.5347;75000~135999;1
7400;*;*;33~40;3.958158996;1.062761506;1101;239;0.0000~3.5347;75000~135999;1
7401;*;*;33~40;4.684210526;1.134502924;1553;342;0.0000~3.5347;75000~135999;1
7402;*;*;41~48;5.035714286;1.235714286;739;140;0.0000~3.5347;75000~135999;1
7403;*;*;25~32;3.017964072;0.850299401;789;167;0.0000~3.5347;75000~135999;1
7404;*;*;33~40;4.226804124;1.090721649;1959;485;*;136000~196999;1
7405;*;*;33~40;3.78130217;1.048414023;2323;599;*;136000~196999;1
7406;*;*;25~32;3.671052632;0.991776316;2361;608;0.0000~3.5347;136000~196999;1
7407;*;*;33~40;3.294871795;0.978632479;1711;468;*;136000~196999;1
7408;*;*;33~40;2.969008264;0.979338843;2113;484;*;136000~196999;1
7409;*;*;41~48;4.791666667;1.149305556;1290;288;*;136000~196999;1
7410;*;*;33~40;3.379248658;1.010733453;2087;559;*;136000~196999;1
7411;*;*;33~40;3.447638604;0.991786448;2249;487;*;136000~196999;1
7412;*;*;41~48;3.92346425;0.987915408;4496;993;*;136000~196999;1
7413;*;*;41~48;3.549371634;1.023339318;2406;557;*;136000~196999;1
7414;*;*;41~48;3.406882591;1.052631579;2190;494;*;136000~196999;1
7415;*;*;41~48;3.619377163;0.993079585;1218;289;*;136000~196999;1
7416;*;*;41~48;3.430769231;0.913846154;1412;325;*;136000~196999;1
7417;*;*;33~40;3.788461538;1.076923077;1155;208;*;136000~196999;1
7418;*;*;41~48;3.93220339;1.055084746;1108;236;*;136000~196999;1
7419;*;*;41~48;4.743362832;1.055309735;1760;452;*;136000~196999;1
7420;*;*;41~48;4.372340426;1.085106383;1190;282;*;136000~196999;1
7421;*;*;41~48;4.119891008;1.089918256;1690;367;*;136000~196999;1
7422;*;*;33~40;4.43125;1.110416667;2021;480;*;136000~196999;1
7423;*;*;41~48;3.556962025;0.94092827;1590;474;*;136000~196999;1
7424;*;*;41~48;2.386554622;0.87394958;422;119;*;136000~196999;1
7425;*;*;41~48;3.409090909;0.952272727;1726;440;*;136000~196999;1
7426;*;*;33~40;3.556377079;0.961182994;2101;541;*;136000~196999;1
7427;*;*;41~48;3.67027027;0.994594595;788;185;*;136000~196999;1
7428;*;*;25~32;3.695364238;1.086092715;1265;302;0.0000~3.5347;136000~196999;1
7429;*;*;33~40;3.635434412;1.107325383;2248;587;*;136000~196999;1
7430;*;*;33~40;3.444983819;0.993527508;2376;618;*;136000~196999;1
7431;*;*;41~48;3.452513966;0.910614525;680;179;*;136000~196999;1
7432;*;*;41~48;4.873994638;1.09383378;1705;373;*;136000~196999;1
7433;*;*;33~40;3.839655172;1.024137931;2244;580;*;136000~196999;1
7434;*;*;41~48;4.079006772;0.997742664;1628;443;*;136000~196999;1
7435;*;*;41~48;5.338289963;1.007434944;850;269;*;136000~196999;1
7436;*;*;41~48;4.897905759;0.971204188;1315;382;*;136000~196999;1
7437;*;*;41~48;4.511254019;1.012861736;1111;311;*;136000~196999;1
7438;*;*;41~48;4.384615385;0.990384615;1244;312;*;136000~196999;1
7439;*;*;41~48;3.786697248;1.061926606;1559;436;*;136000~196999;1
7440;*;*;41~48;4.602605863;0.970684039;1200;307;*;136000~196999;1
7441;*;*;41~48;5.233333333;1.093333333;1321;300;*;136000~196999;1
7442;*;*;41~48;3.922920892;1.036511156;1895;493;*;136000~196999;1
7443;*;*;33~40;3.352739726;1.01369863;934;292;*;136000~196999;1
7444;*;*;41~48;3.430906389;1.017830609;2609;673;*;136000~196999;1
7445;*;*;25~32;4.566115702;0.94214876;1270;484;3.5348~7.0695;136000~196999;1
7446;*;*;33~40;5.734848485;1.143939394;474;132;*;136000~196999;1
7447;*;*;41~48;5.570833333;1.020833333;968;240;*;136000~196999;1
7448;*;*;33~40;4.017045455;1.096590909;1991;528;*;136000~196999;1
7449;*;*;41~48;4.233766234;0.99025974;2062;616;*;136000~196999;1
7450;*;*;41~48;4.778947368;1.073684211;2340;570;*;136000~196999;1
7451;*;*;17~24;5.668316832;1.034653465;499;202;3.5348~7.0695;136000~196999;1
7452;*;*;17~24;3.721495327;1.091588785;1380;535;0.0000~3.5347;136000~196999;1
7453;*;*;33~40;4.913654618;1.010040161;1532;498;*;136000~196999;1
7454;*;*;41~48;5.42377261;1.028423773;1276;387;*;136000~196999;1
7455;*;*;41~48;5.04797048;1.022140221;899;271;*;136000~196999;1
7456;*;*;41~48;4.828877005;1.090909091;1146;374;*;136000~196999;1
7457;*;*;33~40;3.793442623;0.895081967;877;305;*;136000~196999;1
7458;*;*;25~32;4.239583333;1.08125;2282;480;0.0000~3.5347;136000~196999;1
7459;*;*;25~32;3.821428571;0.943877551;708;196;0.0000~3.5347;136000~196999;1
7460;*;*;33~40;4.52;1.046666667;1469;300;*;136000~196999;1
7461;*;*;25~32;3.809045226;1.005025126;1820;398;0.0000~3.5347;75000~135999;1
7462;*;*;33~40;3.647509579;1.038314176;949;261;*;136000~196999;1
7463;*;*;33~40;4.798561151;0.992805755;1226;278;*;136000~196999;1
7464;*;*;41~48;4.851458886;1.037135279;1614;377;*;136000~196999;1
7465;*;*;33~40;4.603818616;0.99522673;1780;419;*;136000~196999;1
7466;*;*;41~48;4.716374269;1.00877193;1227;342;*;136000~196999;1
7467;*;*;41~48;5.20935412;1.084632517;1732;449;*;136000~196999;1
7468;*;*;41~48;4.381987578;0.97515528;1432;322;*;136000~196999;1
7469;*;*;33~40;5.511864407;1.040677966;1280;295;*;136000~196999;1
7470;*;*;33~40;2.615835777;0.93255132;1443;341;*;136000~196999;1
7471;*;*;33~40;3.0472103;0.879828326;1134;233;*;136000~196999;1
7472;*;*;25~32;3.206115515;0.976217441;3649;883;0.0000~3.5347;136000~196999;1
7473;*;*;33~40;3.996383363;1.146473779;2341;553;0.0000~3.5347;75000~135999;1
7474;*;*;33~40;3.696356275;1.08097166;3423;741;0.0000~3.5347;75000~135999;1
7475;*;*;41~48;3.775330396;0.885462555;934;227;*;136000~196999;1
7476;*;*;33~40;4.037288136;1.169491525;1193;295;*;136000~196999;1
7477;*;*;33~40;3.402035623;0.972010178;1769;393;0.0000~3.5347;75000~135999;1
7478;*;*;33~40;6.103448276;1.25862069;184;58;0.0000~3.5347;75000~135999;1
7479;*;*;33~40;4.087234043;1.027659574;2286;470;0.0000~3.5347;75000~135999;1
7480;*;*;33~40;3.81147541;1.057377049;1203;244;0.0000~3.5347;75000~135999;1
7481;*;*;17~24;4.325396825;1.03968254;610;126;0.0000~3.5347;75000~135999;1
7482;*;*;25~32;5.461904762;1.238095238;1219;210;0.0000~3.5347;75000~135999;1
7483;*;*;25~32;2.343915344;0.899470899;903;189;0.0000~3.5347;75000~135999;1
7484;*;*;41~48;4.268965517;0.951724138;636;145;0.0000~3.5347;75000~135999;1
7485;*;*;33~40;4.158536585;0.982926829;1839;410;0.0000~3.5347;75000~135999;1
7486;*;*;33~40;4.050970874;1.080097087;1870;412;0.0000~3.5347;75000~135999;1
7487;*;*;25~32;3.170967742;1.078494624;4551;930;0.0000~3.5347;75000~135999;1
7488;*;*;41~48;4.561068702;0.977099237;1251;262;0.0000~3.5347;75000~135999;1
7489;*;*;33~40;4.596153846;0.942307692;308;52;0.0000~3.5347;75000~135999;1
7490;*;*;33~40;5.369158879;1.294392523;909;214;0.0000~3.5347;75000~135999;1
7491;*;*;25~32;4.401305057;1.044045677;1953;613;0.0000~3.5347;75000~135999;1
7492;*;*;17~24;3.735632184;0.850574713;354;87;0.0000~3.5347;75000~135999;1
7493;*;*;41~48;3.770114943;1.149425287;605;87;0.0000~3.5347;75000~135999;1
7494;*;*;41~48;5.928571429;1.153846154;601;182;0.0000~3.5347;75000~135999;1
7495;*;*;33~40;3.214285714;0.767857143;246;56;0.0000~3.5347;75000~135999;1
7496;*;*;25~32;4.435114504;1.030534351;647;131;0.0000~3.5347;75000~135999;1
7497;*;*;41~48;4.385057471;1.097701149;754;174;0.0000~3.5347;75000~135999;1
7498;*;*;41~48;4.381818182;0.933333333;411;165;0.0000~3.5347;75000~135999;1
7499;*;*;41~48;5.064139942;1.058309038;1184;343;0.0000~3.5347;75000~135999;1
7500;*;*;41~48;5.053333333;1.044444444;747;225;0.0000~3.5347;75000~135999;1
7501;*;*;41~48;5.253164557;1.079113924;2105;632;0.0000~3.5347;75000~135999;1
7502;*;*;41~48;5.610062893;0.874213836;440;159;0.0000~3.5347;75000~135999;1
7503;*;*;33~40;4.827868852;1.06557377;1166;244;0.0000~3.5347;75000~135999;1
7504;*;*;33~40;4.887096774;1.005376344;1444;372;0.0000~3.5347;75000~135999;1
7505;*;*;33~40;4.628930818;0.949685535;1036;318;0.0000~3.5347;75000~135999;1
7506;*;*;33~40;5.152777778;1.048611111;729;144;0.0000~3.5347;75000~135999;1
7507;*;*;41~48;4.788203753;0.959785523;1318;373;0.0000~3.5347;75000~135999;1
7508;*;*;33~40;5.89453125;1.068359375;1720;512;0.0000~3.5347;75000~135999;1
7509;*;*;25~32;4.792291221;1.00856531;1292;467;0.0000~3.5347;75000~135999;1
7510;*;*;25~32;5.321621622;1.072972973;1349;370;3.5348~7.0695;136000~196999;1
7511;*;*;17~24;5.48787062;1.015274034;3244;1113;3.5348~7.0695;136000~196999;1
7512;*;*;41~48;4.344827586;1.003134796;1163;319;0.0000~3.5347;75000~135999;1
7513;*;*;33~48;4.924528302;1;981;318;3.5348~7.0695;14000~135999;1
7514;*;*;17~24;4.027027027;1.045045045;754;222;0.0000~3.5347;75000~135999;1
7515;*;*;33~48;5.82208589;1.006134969;502;163;3.5348~7.0695;14000~135999;1
7516;*;*;33~40;5.213903743;0.975935829;1125;374;0.0000~3.5347;75000~135999;1
7517;*;*;33~40;5;1.017621145;614;227;0.0000~3.5347;75000~135999;1
7518;*;*;33~40;5.065068493;0.931506849;963;292;0.0000~3.5347;75000~135999;1
7519;*;*;33~40;4.844559585;1.088082902;711;193;0.0000~3.5347;75000~135999;1
7520;*;*;33~40;4.376146789;1.105504587;655;218;0.0000~3.5347;75000~135999;1
7521;*;*;33~40;3.77734375;1;903;256;0.0000~3.5347;75000~135999;1
7522;*;*;33~40;4.32;1.066666667;761;225;0.0000~3.5347;75000~135999;1
7523;*;*;33~40;4.65625;0.95;721;160;0.0000~3.5347;75000~135999;1
7524;*;*;33~40;4.605095541;1.006369427;1286;314;0.0000~3.5347;75000~135999;1
7525;*;*;33~40;4.285333333;1.005333333;1526;375;0.0000~3.5347;75000~135999;1
7526;*;*;33~40;5.469135802;1.138888889;1122;324;0.0000~3.5347;75000~135999;1
7527;*;*;25~32;4.494818653;1.113989637;1699;386;0.0000~3.5347;75000~135999;1
7528;*;*;33~40;4.622377622;1.020979021;742;143;0.0000~3.5347;75000~135999;1
7529;*;*;33~40;3.890804598;1.045977011;984;174;0.0000~3.5347;75000~135999;1
7530;*;*;33~40;4.130890052;1.047120419;1041;191;0.0000~3.5347;75000~135999;1
7531;*;*;25~32;4.54155496;1.053619303;1890;373;0.0000~3.5347;75000~135999;1
7532;*;*;25~32;3.650289017;0.962427746;1789;346;0.0000~3.5347;75000~135999;1
7533;*;*;25~32;3.613924051;0.96835443;841;158;0.0000~3.5347;75000~135999;1
7534;*;*;33~40;4.24;1104;1215;250;0.0000~3.5347;75000~135999;1
7535;*;*;17~24;4.307479224;1.12465374;1665;361;0.0000~3.5347;75000~135999;1
7536;*;*;17~24;2.269607843;1.00245098;1856;408;0.0000~3.5347;75000~135999;1
7537;*;*;17~24;3.981958763;1.007731959;1807;388;0.0000~3.5347;75000~135999;1
7538;*;*;25~32;4.154373928;1.084048027;2601;583;0.0000~3.5347;75000~135999;1
7539;*;*;33~48;4.766467066;0.952095808;679;167;3.5348~7.0695;14000~135999;1
7540;*;*;25~32;3.904862579;1.057082452;2263;473;0.0000~3.5347;75000~135999;1
7541;*;*;25~32;3.802281369;1.045627376;1178;263;0.0000~3.5347;75000~135999;1
7542;*;*;33~40;4.481481481;1.072222222;2010;540;0.0000~3.5347;75000~135999;1
7543;*;*;41~48;3.719367589;0.920948617;973;253;0.0000~3.5347;75000~135999;1
7544;*;*;33~40;4.25;1.092783505;1786;388;0.0000~3.5347;75000~135999;1
7545;*;*;25~32;4.231092437;1.092436975;1112;238;0.0000~3.5347;75000~135999;1
7546;*;*;33~48;3.184615385;0.8;477;130;3.5348~7.0695;14000~135999;1
7547;*;*;41~48;5.173387097;1.754032258;1025;248;*;136000~196999;1
7548;*;*;33~40;5.072463768;1.048309179;895;207;*;136000~196999;1
7549;*;*;33~40;4292;1.06;1197;250;0.0000~3.5347;75000~135999;1
7550;*;*;41~48;5.282208589;1.113496933;1432;326;*;136000~196999;1
7551;*;*;33~40;4.151724138;1.034482759;645;145;0.0000~3.5347;75000~135999;1
7552;*;*;41~48;3.913043478;0.928571429;1535;322;0.0000~3.5347;75000~135999;1
7553;*;*;33~40;5.080357143;1.0625;878;224;0.0000~3.5347;75000~135999;1
7554;*;*;41~48;4.071808511;0.949468085;1509;376;0.0000~3.5347;75000~135999;1
7555;*;*;33~40;4.316037736;1.061320755;826;212;0.0000~3.5347;75000~135999;1
7556;*;*;33~40;3.630952381;0.956349206;1153;252;0.0000~3.5347;75000~135999;1
7557;*;*;33~40;3.817280453;1.059490085;2935;706;0.0000~3.5347;75000~135999;1
7558;*;*;33~48;4.634228188;0.932885906;1494;298;3.5348~7.0695;14000~135999;1
7559;*;*;33~40;4.799331104;1.076923077;1298;299;0.0000~3.5347;75000~135999;1
7560;*;*;33~40;4.941558442;1.08008658;1836;462;0.0000~3.5347;75000~135999;1
7561;*;*;33~40;3.725694444;0.940972222;1385;288;0.0000~3.5347;75000~135999;1
7562;*;*;25~32;4.370253165;1.03164557;2677;632;0.0000~3.5347;75000~135999;1
7563;*;*;33~40;4.708502024;1.099190283;2073;494;0.0000~3.5347;75000~135999;1
7564;*;*;25~32;3.587044534;0.906882591;1154;247;0.0000~3.5347;75000~135999;1
7565;*;*;25~32;4.510638298;1.164893617;1639;376;0.0000~3.5347;75000~135999;1
7566;*;*;33~40;4.344827586;1.030852995;2499;551;0.0000~3.5347;75000~135999;1
7567;*;*;33~40;3.757869249;1.075060533;2093;413;0.0000~3.5347;75000~135999;1
7568;*;*;33~40;4.334412082;1.06364617;3702;927;0.0000~3.5347;75000~135999;1
7569;*;*;33~40;4.691312384;1.042513863;2170;541;0.0000~3.5347;75000~135999;1
7570;*;*;33~48;5.336170213;0.957446809;929;235;3.5348~7.0695;14000~135999;1
7571;*;*;33~40;4.347222222;1.011111111;1389;360;0.0000~3.5347;75000~135999;1
7572;*;*;41~48;5.855218855;1.245791246;1104;297;0.0000~3.5347;75000~135999;1
7573;*;*;41~48;5.055865922;0.997206704;1335;358;0.0000~3.5347;75000~135999;1
7574;*;*;41~48;4.639846743;0.896551724;1128;261;0.0000~3.5347;75000~135999;1
7575;*;*;33~40;5.076502732;0.907103825;686;183;0.0000~3.5347;75000~135999;1
7576;*;*;25~32;5.326145553;1.196765499;1254;371;0.0000~3.5347;75000~135999;1
7577;*;*;25~32;4.508474576;1.271186441;252;59;0.0000~3.5347;136000~196999;1
7578;*;*;41~48;4.782608696;1.101449275;776;207;0.0000~3.5347;75000~135999;1
7579;*;*;33~40;4.801204819;1.144578313;485;166;0.0000~3.5347;75000~135999;1
7580;*;*;33~40;4.023041475;1.105990783;1086;217;0.0000~3.5347;75000~135999;1
7581;*;*;9~16;4.316652286;1.018119068;4145;1159;0.0000~3.5347;75000~135999;1
7582;*;*;33~40;4.593167702;1.031055901;1166;322;0.0000~3.5347;75000~135999;1
7583;*;*;25~32;3.086419753;0.981481481;732;162;0.0000~3.5347;75000~135999;1
7584;*;*;17~24;2.621848739;0.899159664;583;119;0.0000~3.5347;75000~135999;1
7585;*;*;33~40;3.85042735;1.05982906;2096;468;0.0000~3.5347;75000~135999;1
7586;*;*;25~32;4.129094412;1.005780347;2276;519;0.0000~3.5347;75000~135999;1
7587;*;*;33~40;4.90438247;1.101593625;2334;502;0.0000~3.5347;75000~135999;1
7588;*;*;25~32;3.833910035;0.982698962;1498;289;0.0000~3.5347;75000~135999;1
7589;*;*;41~48;6.090047393;1.127962085;840;211;0.0000~3.5347;75000~135999;1
7590;*;*;33~40;4.835294118;1.04;1518;425;0.0000~3.5347;75000~135999;1
7591;*;*;33~40;4.440329218;1.016460905;1055;243;0.0000~3.5347;75000~135999;1
7592;*;*;33~40;5.219512195;1.048780488;475;123;0.0000~3.5347;75000~135999;1
7593;*;*;33~40;5.219211823;1.088669951;1372;406;0.0000~3.5347;75000~135999;1
7594;*;*;33~40;5.089494163;1.058365759;901;257;0.0000~3.5347;75000~135999;1
7595;*;*;33~40;5.830097087;1.082524272;733;206;0.0000~3.5347;75000~135999;1
7596;*;*;33~40;3.915841584;0.967821782;1957;404;0.0000~3.5347;75000~135999;1
7597;*;*;25~32;4.05734767;0.953405018;1211;279;0.0000~3.5347;75000~135999;1
7598;*;*;41~48;5.309352518;1.028776978;1086;278;0.0000~3.5347;75000~135999;1
7599;*;*;33~48;5.272727273;0.922077922;268;77;3.5348~7.0695;14000~135999;1
7600;*;*;33~40;4.77972028;1.006993007;1183;286;0.0000~3.5347;75000~135999;1
7601;*;*;33~40;5.853018373;1.094488189;1395;381;0.0000~3.5347;75000~135999;1
7602;*;*;33~48;4.832460733;0.863874346;603;191;3.5348~7.0695;14000~135999;1
7603;*;*;33~40;5.250712251;1.042735043;1207;351;0.0000~3.5347;75000~135999;1
7604;*;*;33~40;4.043307087;0.854330709;1042;254;0.0000~3.5347;75000~135999;1
7605;*;*;33~40;5.316326531;1.086734694;699;196;0.0000~3.5347;75000~135999;1
7606;*;*;33~40;5.47311828;1.107526882;1154;279;0.0000~3.5347;75000~135999;1
7607;*;*;33~40;5.453416149;0.99378882;1055;322;0.0000~3.5347;75000~135999;1
7608;*;*;33~40;5.463157895;1.073684211;330;95;0.0000~3.5347;75000~135999;1
7609;*;*;33~40;5.410714286;0.991071429;775;224;*;136000~196999;1
7610;*;*;33~40;4596;1.12;1016;250;0.0000~3.5347;75000~135999;1
7611;*;*;33~40;3.209003215;1.006430868;1335;311;0.0000~3.5347;75000~135999;1
7612;*;*;33~40;3.658892128;1.002915452;1782;343;0.0000~3.5347;75000~135999;1
7613;*;*;33~40;4.455026455;1.063492063;763;189;0.0000~3.5347;75000~135999;1
7614;*;*;41~48;6.009287926;1.13622291;1204;323;0.0000~3.5347;75000~135999;1
7615;*;*;33~40;5.054474708;1;1872;514;0.0000~3.5347;75000~135999;1
7616;*;*;9~16;5.848626926;0.997320831;3944;1493;3.5348~7.0695;197000~257999;1
7617;*;*;25~32;6.413101604;0.995320856;5237;1496;3.5348~7.0695;136000~196999;1
7618;*;*;25~32;5.12037037;0.958333333;888;216;3.5348~7.0695;197000~257999;1
7619;*;*;17~24;5.490312966;1.018628912;4721;1342;3.5348~7.0695;197000~257999;1
7620;*;*;17~24;4.755494505;1.153846154;1032;364;3.5348~7.0695;197000~257999;1
7621;*;*;17~24;5.601973684;1.038651316;3704;1216;3.5348~7.0695;136000~196999;1
7622;*;*;25~32;6.685840708;1.053097345;1852;452;3.5348~7.0695;136000~196999;1
7623;*;*;25~32;7.085365854;0.993902439;1087;328;3.5348~7.0695;197000~257999;1
7624;*;*;17~24;6.835719668;1.006028636;4558;1327;3.5348~7.0695;197000~257999;1
7625;*;*;33~40;5.298742138;1.047169811;1484;318;*;136000~196999;1
7626;*;*;25~32;5.446315789;1.029473684;2115;475;3.5348~7.0695;136000~196999;1
7627;*;*;25~32;5.835106383;0.888297872;701;188;3.5348~7.0695;136000~196999;1
7628;*;*;25~32;5.041237113;1.010309278;403;97;3.5348~7.0695;136000~196999;1
7629;*;*;25~32;4.26007326;0.976190476;1697;546;3.5348~7.0695;136000~196999;1
7630;*;*;17~24;4.480332829;1.06580938;3887;1322;0.0000~3.5347;136000~196999;1
7631;*;*;1~16;3.655948553;0.991961415;1897;622;0.0000~3.5347;136000~196999;1
7632;*;*;33~40;4.48;1.04;843;200;*;136000~196999;1
7633;*;*;33~40;5.081553398;1.083495146;1396;515;*;197000~257999;1
7634;*;*;17~24;4.960328317;1.093023256;2321;731;3.5348~7.0695;197000~257999;1
7635;*;*;17~24;4.582306831;1;2819;893;3.5348~7.0695;197000~257999;1
7636;*;*;25~32;4.465433301;1.014605648;3680;1027;3.5348~7.0695;197000~257999;1
7637;*;*;17~24;4.800657174;0.986856517;2689;913;0.0000~3.5347;197000~257999;1
7638;*;*;17~24;4.973796034;1.089235127;3993;1412;3.5348~7.0695;197000~257999;1
7639;*;*;17~24;6.285714286;1.025916561;4185;1582;3.5348~7.0695;319000~379999;1
7640;*;*;25~32;4.807180851;1.010638298;2813;752;3.5348~7.0695;197000~257999;1
7641;*;*;25~32;5.645491803;1.040983607;2046;488;3.5348~7.0695;197000~257999;1
7642;*;*;33~40;4.978125;1.04375;1427;320;*;136000~196999;1
7643;*;*;33~40;4.85106383;1.024316109;1650;329;*;136000~196999;1
7644;*;*;33~40;4.365740741;1.009259259;803;216;*;136000~196999;1
7645;*;*;9~16;3.401446655;1.032549729;1769;553;3.5348~7.0695;14000~135999;1
7646;*;*;41~48;3.967889908;0.95412844;811;218;*;136000~196999;1
7647;*;*;33~40;4.811377246;1.008982036;1130;334;*;136000~196999;1
7648;*;*;33~40;5.925764192;1.087336245;763;229;*;197000~257999;1
7649;*;*;25~32;5.332576617;1.023836549;3287;881;3.5348~7.0695;197000~257999;1
7650;*;*;17~24;5.034345048;1.019968051;3728;1252;3.5348~7.0695;197000~257999;1
7651;*;*;25~32;6.197183099;1.183098592;717;142;3.5348~7.0695;136000~196999;1
7652;*;*;25~32;5.016317016;0.967365967;1623;429;3.5348~7.0695;197000~257999;1
7653;*;*;33~40;4.644628099;1.012396694;717;242;*;136000~196999;1
7654;*;*;17~24;4.86327504;0.691573927;2064;629;3.5348~7.0695;136000~196999;1
7655;*;*;25~32;3.90952381;1.033333333;1575;420;3.5348~7.0695;197000~257999;1
7656;*;*;25~32;4.928363988;1.039690223;4753;1033;3.5348~7.0695;14000~135999;1
7657;*;*;25~32;4.88941736;1.023781213;3211;841;3.5348~7.0695;136000~196999;1
7658;*;*;25~32;4.28125;1.067708333;627;192;0.0000~3.5347;136000~196999;1
7659;*;*;33~40;4.204460967;1.014869888;1007;269;*;136000~196999;1
7660;*;*;33~40;4.832080201;1.07518797;1358;399;*;136000~196999;1
7661;*;*;41~48;4.176829268;0.911585366;1018;328;*;136000~196999;1
7662;*;*;41~48;5.005586592;1.12849162;1115;358;*;136000~196999;1
7663;*;*;41~48;5.166666667;0.985507246;871;276;*;136000~196999;1
7664;*;*;33~40;4.240641711;1.032085561;601;187;*;136000~196999;0
7665;*;*;1~8;5.734177215;1.183544304;1453;158;3.5348~7.0695;136000~196999;1
7666;*;*;33~40;4.994186047;0.953488372;673;172;*;136000~196999;1
7667;*;*;33~40;4.61875;1.0125;1127;320;*;136000~196999;1
7668;*;*;33~40;4.962825279;1.617100372;1011;269;*;136000~196999;1
7669;*;*;33~40;4.972560976;0.981707317;1034;328;*;136000~196999;1
7670;*;*;33~40;4.968152866;1.01910828;1348;314;*;136000~196999;1
7671;*;*;33~40;4.791855204;0.988687783;1414;442;*;136000~196999;1
7672;*;*;33~40;4.951859956;1.118161926;1626;457;*;136000~196999;1
7673;*;*;33~40;4.623145401;1.112759644;1179;337;*;136000~196999;1
7674;*;*;33~40;5.362612613;0.943693694;1669;444;*;136000~196999;1
7675;*;*;33~40;4.365979381;0.953608247;713;194;*;136000~196999;1
7676;*;*;33~40;5.598173516;0.96347032;711;219;*;136000~196999;1
7677;*;*;33~40;5.201183432;1.071005917;547;169;*;136000~196999;1
7678;*;*;25~32;5.084615385;1.074358974;1157;390;3.5348~7.0695;136000~196999;1
7679;*;*;33~40;5.769230769;1.053254438;1183;338;*;136000~196999;1
7680;*;*;33~40;5.225388601;0.992227979;1388;386;*;136000~196999;1
7681;*;*;33~40;4.803418803;0.927350427;707;234;*;136000~196999;1
7682;*;*;33~40;4.4;0.970149254;1205;335;*;136000~196999;1
7683;*;*;25~32;5.740112994;1.073446328;729;177;3.5348~7.0695;136000~196999;1
7684;*;*;33~40;5.356060606;0.996212121;983;264;*;136000~196999;1
7685;*;*;33~40;5.415254237;1.093220339;460;118;*;136000~196999;1
7686;*;*;33~40;5.711267606;1.063380282;845;284;*;136000~196999;1
7687;*;*;33~40;5.048611111;1.084722222;2171;720;*;136000~196999;1
7688;*;*;25~32;4.706214689;1.031073446;995;354;3.5348~7.0695;197000~257999;1
7689;*;*;33~40;5.644628099;0.920110193;1105;363;*;258000~318999;1
7690;*;*;33~40;7.028880866;1.025270758;841;277;*;441000~501999;1
7691;*;*;33~40;6.514044944;0.938202247;941;356;*;441000~501999;1
7692;*;*;33~40;6.837301587;1.107142857;617;252;*;380000~440999;1
7693;*;*;33~40;4132;1.118666667;2025;750;*;136000~196999;1
7694;*;*;33~40;4.730909091;0.96;877;275;*;136000~196999;1
7695;*;*;25~32;5.061818182;1.058181818;1278;550;3.5348~7.0695;258000~318999;1
7696;*;*;33~40;5.728571429;1;802;280;*;258000~318999;1
7697;*;*;33~40;6.143776824;0.967811159;1243;466;*;258000~318999;1
7698;*;*;33~40;6.014285714;0.994285714;956;350;*;197000~257999;1
7699;*;*;33~40;5.941666667;0.979166667;698;240;*;258000~318999;1
7700;*;*;33~40;4.62745098;0.947712418;471;153;*;197000~257999;1
7701;*;*;33~40;6.588014981;1.104868914;837;267;*;197000~257999;1
7702;*;*;33~40;5.770149254;1.017910448;958;335;*;258000~318999;1
7703;*;*;33~40;4.561403509;0.885964912;557;228;*;197000~257999;1
7704;*;*;33~40;5.45526839;1.07554672;1333;503;*;258000~318999;1
7705;*;*;33~40;6;1;706;250;*;197000~257999;1
7706;*;*;33~40;5.945205479;1.017123288;823;292;*;197000~257999;1
7707;*;*;33~40;4.968023256;0.968023256;778;344;*;319000~379999;1
7708;*;*;41~48;5.770700637;1.076433121;822;314;*;258000~318999;1
7709;*;*;41~48;6.452054795;1.04109589;630;219;*;258000~318999;1
7710;*;*;33~40;6.194915254;1.029661017;600;236;*;258000~318999;1
7711;*;*;33~40;5.58045977;1.020114943;891;348;*;258000~318999;1
7712;*;*;33~40;5.06918239;1.016771488;1397;477;*;258000~318999;1
7713;*;*;25~32;4.990521327;1.090047393;686;211;3.5348~7.0695;258000~318999;1
7714;*;*;33~40;6.088495575;1.015486726;1211;452;*;258000~318999;1
7715;*;*;33~40;5.737341772;0.990506329;825;316;*;319000~379999;1
7716;*;*;33~40;4.368613139;1.051094891;1166;548;*;258000~318999;1
7717;*;*;33~40;3.755395683;0.992805755;373;139;*;258000~318999;1
7718;*;*;17~24;3.839769452;1.067435159;3792;1735;0.0000~3.5347;197000~257999;1
7719;*;*;33~40;5.471311475;1.010245902;1196;488;*;258000~318999;1
7720;*;*;33~40;5.6015625;1.0234375;786;256;*;197000~257999;1
7721;*;*;25~32;5.449350649;0.981818182;1036;385;3.5348~7.0695;197000~257999;1
7722;*;*;1~32;4.68220339;1.099576271;1047;472;0.0000~3.5347;258000~501999;1
7723;*;*;33~40;6.06043956;1.07967033;973;364;*;258000~318999;1
7724;*;*;33~40;5.996923077;0.981538462;909;325;*;258000~318999;1
7725;*;*;17~24;3.523391813;1.014619883;736;342;0.0000~3.5347;136000~196999;1
7726;*;*;25~32;4.209966777;1.081727575;4673;1505;0.0000~3.5347;136000~196999;1
7727;*;*;25~32;4.360902256;1.07518797;466;133;0.0000~3.5347;136000~196999;1
7728;*;*;25~32;3.675449102;1.034730539;1932;835;0.0000~3.5347;136000~196999;1
7729;*;*;33~40;4.584269663;1.029213483;1775;445;*;197000~257999;1
7730;*;*;33~40;4.776699029;0.888349515;615;206;*;197000~257999;1
7731;*;*;25~32;4.657927591;1.064918851;2313;801;0.0000~3.5347;197000~257999;1
7732;*;*;25~32;4.826807229;1.094879518;1647;664;0.0000~3.5347;197000~257999;1
7733;*;*;25~32;4.671945701;0.990950226;1075;442;3.5348~7.0695;197000~257999;1
7734;*;*;25~32;5.27427598;1.069846678;1676;587;3.5348~7.0695;197000~257999;1
7735;*;*;33~40;4.348360656;1.05942623;1578;488;*;136000~196999;1
7736;*;*;17~24;3.966814159;0.988938053;1222;452;0.0000~3.5347;136000~196999;1
7737;*;*;25~32;4.012711864;1.093220339;1612;708;0.0000~3.5347;136000~196999;1
7738;*;*;33~40;4.929042904;0.991749175;1561;606;*;197000~257999;1
7739;*;*;33~40;5.366391185;0.939393939;992;363;*;197000~257999;1
7740;*;*;33~40;4.93498452;0.99380805;1003;323;*;197000~257999;1
7741;*;*;33~40;4.483713355;1.143322476;1592;614;*;197000~257999;1
7742;*;*;25~32;4.44873502;1.050599201;1685;751;3.5348~7.0695;197000~257999;1
7743;*;*;25~32;4.540792541;1.009324009;1128;429;3.5348~7.0695;197000~257999;1
7744;*;*;25~32;5.071492404;1.09383378;3317;1119;3.5348~7.0695;197000~257999;1
7745;*;*;41~48;5.424778761;1.020648968;1034;339;*;197000~257999;1
7746;*;*;33~40;4.256097561;0.985365854;1084;410;*;197000~257999;1
7747;*;*;33~40;5.759776536;0.980446927;1134;358;*;197000~257999;1
7748;*;*;33~40;4.355311355;1.023809524;1799;546;*;136000~196999;1
7749;*;*;33~40;4.896373057;1.03626943;1232;386;*;136000~196999;1
7750;*;*;33~40;4.734042553;0.996453901;804;282;*;197000~257999;1
7751;*;*;25~32;4.236734694;1.028571429;912;245;0.0000~3.5347;136000~196999;1
7752;*;*;25~32;4.336492891;1.109004739;646;211;0.0000~3.5347;136000~196999;1
7753;*;*;17~24;4.12972973;1.025675676;1561;740;0.0000~3.5347;136000~196999;1
7754;*;*;33~40;4.736111111;0.916666667;491;144;*;136000~196999;1
7755;*;*;33~40;5;0.983870968;381;124;*;136000~196999;1
7756;*;*;33~40;6.047808765;1.111553785;857;251;*;197000~257999;1
7757;*;*;33~40;5.342857143;0.99047619;261;105;*;136000~196999;1
7758;*;*;33~40;5.585365854;0.987804878;552;164;*;197000~257999;1
7759;*;*;33~40;5.452736318;1.014925373;569;201;*;136000~196999;1
7760;*;*;33~40;4.754137116;1.115839243;1087;423;*;136000~196999;1
7761;*;*;33~40;5.181818182;1.01010101;399;99;*;136000~196999;1
7762;*;*;33~40;5.373134328;1;719;201;*;136000~196999;1
7763;*;*;33~40;5.584615385;3.346153846;490;130;*;136000~196999;1
7764;*;*;33~40;4.678861789;1.008130081;809;246;*;136000~196999;1
7765;*;*;25~32;5.45398773;1.018404908;597;163;3.5348~7.0695;136000~196999;1
7766;*;*;17~24;4.334792123;1.032822757;1231;457;3.5348~7.0695;136000~196999;1
7767;*;*;25~32;4.469026549;1;411;113;0.0000~3.5347;136000~196999;1
7768;*;*;9~16;5.105603448;1.301724138;1546;464;3.5348~7.0695;136000~196999;1
7769;*;*;33~40;4.882716049;1.058641975;1356;324;*;136000~196999;1
7770;*;*;33~40;5.380597015;1.01119403;990;268;*;136000~196999;1
7771;*;*;33~40;4.658878505;0.978971963;1491;428;*;136000~196999;1
7772;*;*;33~40;4975;1.046875;1238;320;*;136000~196999;1
7773;*;*;33~40;4.816770186;0.922360248;1100;322;*;136000~196999;1
7774;*;*;25~32;3.331707317;1.12195122;920;410;0.0000~3.5347;136000~196999;1
7775;*;*;33~40;4.263157895;0.978947368;862;285;*;136000~196999;1
7776;*;*;33~40;4.964285714;0.991071429;771;224;*;136000~196999;1
7777;*;*;33~40;5.491694352;1.079734219;1072;301;*;136000~196999;1
7778;*;*;25~32;3.641340782;1.052513966;2744;895;0.0000~3.5347;136000~196999;1
7779;*;*;25~32;4.355839416;1.040145985;1978;548;0.0000~3.5347;136000~196999;1
7780;*;*;17~24;4.309589041;1.084931507;1200;365;0.0000~3.5347;136000~196999;1
7781;*;*;17~24;4.647619048;0.994285714;4516;1050;3.5348~7.0695;136000~196999;1
7782;*;*;17~24;4.610305958;1.128824477;1489;621;0.0000~3.5347;136000~196999;1
7783;*;*;33~40;4.945454545;0.985454545;909;275;*;136000~196999;1
7784;*;*;33~40;5.217798595;1.084309133;1558;427;*;136000~196999;1
7785;*;*;41~48;4.4;1032;642;125;0.0000~3.5347;75000~135999;1
7786;*;*;33~40;4.380753138;0.949790795;975;239;*;136000~196999;1
7787;*;*;33~40;4.919491525;1.076271186;882;236;*;136000~196999;1
7788;*;*;25~32;5.530066815;0.917594655;1538;449;3.5348~7.0695;197000~257999;1
7789;*;*;25~32;5.126126126;0.977477477;964;222;3.5348~7.0695;136000~196999;1
7790;*;*;17~24;4.341796875;1.0625;2008;512;0.0000~3.5347;136000~196999;1
7791;*;*;33~40;4.320754717;1.033962264;1651;265;0.0000~3.5347;75000~135999;1
7792;*;*;25~32;3.847583643;1.022304833;1545;269;0.0000~3.5347;75000~135999;1
7793;*;*;33~40;3.908759124;1.058394161;1412;274;0.0000~3.5347;75000~135999;1
7794;*;*;33~40;5.12;1.151111111;981;225;*;136000~196999;1
7795;*;*;33~40;4.83011583;1.054054054;1849;518;*;136000~196999;1
7796;*;*;41~48;4.416666667;0.98245614;776;228;*;136000~196999;1
7797;*;*;41~48;5.270029674;1.047477745;1180;337;*;136000~196999;1
7798;*;*;41~48;4.924050633;1;733;237;*;136000~196999;1
7799;*;*;41~48;4.804347826;1.010869565;1155;368;*;136000~196999;1
7800;*;*;33~40;4.739669421;1.066115702;742;242;*;136000~196999;1
7801;*;*;33~40;4.827285922;1.044992743;2533;689;*;136000~196999;1
7802;*;*;41~48;5.028455285;0.987804878;776;246;*;136000~196999;1
7803;*;*;33~40;4.973544974;0.997354497;1229;378;*;136000~196999;1
7804;*;*;41~48;4.659217877;0.927374302;603;179;*;136000~196999;1
7805;*;*;41~48;5.637254902;1.053921569;708;204;*;136000~196999;1
7806;*;*;41~48;4.525114155;1.98630137;717;219;*;136000~196999;1
7807;*;*;25~32;4.191122072;1.087546239;2465;811;0.0000~3.5347;136000~196999;1
7808;*;*;33~40;5.060948081;0.984198646;1483;443;*;136000~196999;1
7809;*;*;33~40;5.150485437;0.980582524;768;206;*;136000~196999;1
7810;*;*;33~40;4.349726776;0.956284153;740;183;*;136000~196999;1
7811;*;*;33~40;5.613138686;1.03649635;498;137;*;136000~196999;1
7812;*;*;33~40;5.372972973;1.097297297;602;185;*;136000~196999;1
7813;*;*;33~40;5.540425532;1.053191489;1465;470;*;136000~196999;1
7814;*;*;25~32;4.835457706;1.034762457;2471;863;0.0000~3.5347;136000~196999;1
7815;*;*;33~40;4.888412017;0.845493562;772;233;*;197000~257999;1
7816;*;*;33~40;5.966911765;1.117647059;868;272;*;258000~318999;1
7817;*;*;33~40;4.601834862;1.089908257;1549;545;*;197000~257999;1
7818;*;*;33~40;5.5125;1.120833333;1084;240;*;136000~196999;1
7819;*;*;33~40;4.845323741;1;748;278;*;136000~196999;1
7820;*;*;33~40;5.156398104;1.09478673;617;211;*;136000~196999;1
7821;*;*;33~40;5.486590038;1.01532567;749;261;*;197000~257999;1
7822;*;*;33~40;5.210659898;0.979695431;1023;394;*;197000~257999;1
7823;*;*;33~40;5.566037736;1.01509434;827;265;*;136000~196999;1
7824;*;*;33~40;6.428104575;1.032679739;910;306;*;136000~196999;1
7825;*;*;33~40;5.325714286;0.977142857;578;175;*;136000~196999;1
7826;*;*;25~32;5;1.097902098;1150;429;3.5348~7.0695;197000~257999;1
7827;*;*;33~40;4.371287129;1.014851485;974;404;*;136000~196999;1
7828;*;*;25~32;4.596287703;1.09512761;1371;431;0.0000~3.5347;197000~257999;1
7829;*;*;33~40;4.746268657;1.044776119;1299;335;*;136000~196999;1
7830;*;*;33~40;4.331730769;0.985576923;760;208;*;136000~196999;1
7831;*;*;17~24;4.305135952;1.113293051;1855;662;0.0000~3.5347;136000~196999;1
7832;*;*;25~32;4.057239057;1.037037037;2399;594;0.0000~3.5347;136000~196999;1
7833;*;*;25~32;4.341753343;1.098068351;3013;673;0.0000~3.5347;75000~135999;1
7834;*;*;33~40;3.822888283;0.920980926;1415;367;*;136000~196999;1
7835;*;*;33~40;3.904761905;0.789115646;610;147;0.0000~3.5347;75000~135999;1
7836;*;*;25~32;4.049309665;1.140039448;1721;507;0.0000~3.5347;136000~196999;1
7837;*;*;1~16;4.838483146;1.189606742;2467;712;0.0000~3.5347;136000~196999;1
7838;*;*;9~16;4.277517564;1.162763466;3215;854;0.0000~3.5347;75000~135999;1
7839;*;*;41~48;4.38974359;0.856410256;748;195;*;136000~196999;1
7840;*;*;33~40;4.35755814;0.837209302;1237;344;*;136000~196999;1
7841;*;*;25~32;4.168292683;1.07804878;1177;410;0.0000~3.5347;136000~196999;1
7842;*;*;25~32;3.967213115;0.99726776;1888;366;3.5348~7.0695;136000~196999;1
7843;*;*;25~32;3.722488038;1.086124402;933;209;0.0000~3.5347;136000~196999;1
7844;*;*;25~32;4.402777778;1.046875;2625;576;0.0000~3.5347;136000~196999;1
7845;*;*;33~40;3.692307692;0.946745562;1960;338;*;136000~196999;1
7846;*;*;33~40;4.472222222;1.046296296;389;108;*;136000~196999;1
7847;*;*;1~16;3.39835729;1.100616016;1201;487;0.0000~3.5347;136000~196999;1
7848;*;*;49~56;7875;1.5;47;8;*;319000~379999;1
7849;*;*;1~16;4.129438717;1.008018328;3637;873;0.0000~3.5347;136000~196999;1
7850;*;*;25~32;4.328928047;1.074889868;4149;1362;0.0000~3.5347;75000~135999;1
7851;*;*;25~32;4.805646037;1.080347448;4196;921;0.0000~3.5347;136000~196999;1
7852;*;*;17~24;4.088888889;1.055072464;2688;1035;0.0000~3.5347;136000~196999;1
7853;*;*;33~40;4.401854714;0.99072643;2319;647;*;136000~196999;1
7854;*;*;41~48;4.392523364;1.023364486;599;214;*;136000~196999;1
7855;*;*;25~32;4.422976501;1.039164491;1181;383;0.0000~3.5347;136000~196999;1
7856;*;*;33~40;5.227665706;1.008645533;886;347;*;197000~257999;1
7857;*;*;33~40;4.340828402;1.026035503;2368;845;*;197000~257999;1
7858;*;*;33~40;4.066666667;1.114893617;1774;705;*;136000~196999;1
7859;*;*;33~40;4.309352518;0.899280576;361;139;*;197000~257999;1
7860;*;*;33~40;5.075601375;1.048109966;788;291;*;136000~196999;1
7861;*;*;33~40;4.738831615;0.969072165;883;291;*;136000~196999;1
7862;*;*;33~40;6.177966102;1.105932203;686;236;*;197000~257999;1
7863;*;*;33~40;5.167904903;1.084695394;1885;673;*;197000~257999;1
7864;*;*;17~24;3.659393294;1.043108036;5162;1879;0.0000~3.5347;136000~196999;1
7865;*;*;25~32;3.413572343;1.085787452;2030;781;0.0000~3.5347;136000~196999;1
7866;*;*;33~40;4.7734375;1.1015625;756;256;*;136000~196999;1
7867;*;*;25~32;3.62295082;1.145491803;983;488;0.0000~3.5347;197000~257999;1
7868;*;*;33~40;4.308823529;1.049632353;1305;544;*;136000~196999;1
7869;*;*;25~32;3.230125523;1.071129707;1981;956;0.0000~3.5347;136000~196999;1
7870;*;*;25~32;4.163716814;1.087020649;1723;678;0.0000~3.5347;136000~196999;1
7871;*;*;33~40;4.769547325;0.979423868;740;243;*;136000~196999;1
7872;*;*;33~40;5.284848485;1.027272727;1048;330;*;136000~196999;1
7873;*;*;25~32;4.816326531;1.07606679;1662;539;3.5348~7.0695;136000~196999;1
7874;*;*;33~40;4.664179104;1.029850746;866;268;*;136000~196999;1
7875;*;*;41~48;4.48973607;1.005865103;1119;341;*;136000~196999;1
7876;*;*;17~24;3.751418842;1.114642452;2085;881;0.0000~3.5347;136000~196999;1
7877;*;*;25~32;4.359805511;1.068071313;1747;617;0.0000~3.5347;197000~257999;1
7878;*;*;17~24;4.802098951;1.061469265;1761;667;3.5348~7.0695;197000~257999;1
7879;*;*;33~40;4.643097643;0.855218855;795;297;*;197000~257999;1
7880;*;*;9~16;5.265372168;0.96763754;1772;618;3.5348~7.0695;197000~257999;1
7881;*;*;17~24;3.852610031;1.106448311;1919;977;0.0000~3.5347;136000~196999;1
7882;*;*;33~40;5.157142857;1.038095238;557;210;*;197000~257999;1
7883;*;*;25~32;3.878524946;0.995661605;1131;461;0.0000~3.5347;136000~196999;1
7884;*;*;17~24;4.425790754;1.055961071;2326;822;0.0000~3.5347;136000~196999;1
7885;*;*;17~24;4.013341419;1.075197089;4396;1649;0.0000~3.5347;136000~196999;1
7886;*;*;17~24;5.635404455;0.982415006;3059;853;3.5348~7.0695;258000~318999;1
7887;*;*;17~24;6.478021978;1.087912088;1387;364;3.5348~7.0695;258000~318999;1
7888;*;*;17~24;6.729400749;1.004681648;3844;1068;3.5348~7.0695;319000~379999;1
7889;*;*;17~24;6.535809019;1.025198939;2952;754;3.5348~7.0695;258000~318999;1
7890;*;*;9~16;6.091358025;1.018518519;2668;810;3.5348~7.0695;258000~501999;1
7891;*;*;17~24;4.59351145;1.028625954;1422;524;3.5348~7.0695;136000~196999;1
7892;*;*;17~24;6.310880829;0.971502591;1303;386;3.5348~7.0695;319000~379999;1
7893;*;*;17~24;6.689587426;1.092337917;1945;509;3.5348~7.0695;258000~318999;1
7894;*;*;17~24;5.852331606;0.992227979;1378;386;3.5348~7.0695;258000~318999;1
7895;*;*;17~24;6.446293495;1.025718608;2621;661;3.5348~7.0695;258000~318999;1
7896;*;*;17~24;6.331606218;0.970639033;2104;579;3.5348~7.0695;319000~379999;1
7897;*;*;9~16;6.686170213;1.074468085;2196;564;3.5348~7.0695;258000~501999;1
7898;*;*;9~16;6.274356103;1.050391937;3045;893;3.5348~7.0695;258000~501999;1
7899;*;*;9~16;4.728026534;1.03814262;1985;603;3.5348~7.0695;258000~501999;1
7900;*;*;9~16;5.958656331;1.015503876;1368;387;3.5348~7.0695;258000~501999;1
7901;*;*;17~24;6.062909567;1.077326343;2794;763;3.5348~7.0695;258000~318999;1
7902;*;*;17~24;6.106382979;0.929787234;1671;470;7.0696~10.6043;*;1
7903;*;*;9~16;6.774683544;0.989873418;1377;395;3.5348~7.0695;258000~501999;1
7904;*;*;9~16;6.890625;1.03125;2527;704;3.5348~7.0695;258000~501999;1
7905;*;*;17~24;6.552117264;0.994299674;4276;1228;3.5348~7.0695;319000~379999;1
7906;*;*;17~24;5.373239437;1.098591549;1588;568;3.5348~7.0695;258000~318999;1
7907;*;*;17~24;6.037174721;1.019330855;5026;1345;3.5348~7.0695;258000~318999;1
7908;*;*;17~24;5.674285714;0.994285714;572;175;3.5348~7.0695;258000~318999;1
7909;*;*;25~32;4.26286509;1.02364395;1840;719;3.5348~7.0695;197000~257999;1
7910;*;*;25~32;5.500881834;1.119929453;1887;567;3.5348~7.0695;136000~196999;1
7911;*;*;25~32;5.052777778;1.072222222;1679;360;3.5348~7.0695;136000~196999;1
7912;*;*;33~40;5.002347418;1.021126761;2045;426;*;136000~196999;1
7913;*;*;25~32;4.524509804;0.911764706;1014;204;3.5348~7.0695;136000~196999;1
7914;*;*;25~32;3.83266129;1.046370968;2685;496;0.0000~3.5347;75000~135999;1
7915;*;*;25~32;5.48;0.981818182;931;275;3.5348~7.0695;197000~257999;1
7916;*;*;17~24;4.561151079;0.992805755;2012;556;3.5348~7.0695;197000~257999;1
7917;*;*;25~32;5.592074592;1.016317016;1613;429;3.5348~7.0695;197000~257999;1
7918;*;*;25~32;5.018651363;1.044476327;2098;697;3.5348~7.0695;197000~257999;1
7919;*;*;25~32;6.235169492;1.097457627;1703;472;3.5348~7.0695;197000~257999;1
7920;*;*;25~32;5.421212121;1.066666667;1347;330;0.0000~3.5347;136000~196999;1
7921;*;*;25~32;4.182795699;0.930107527;539;186;0.0000~3.5347;197000~257999;1
7922;*;*;25~32;4.423337856;1.062415197;1969;737;0.0000~3.5347;197000~257999;1
7923;*;*;25~32;4.10483871;0.947580645;684;248;0.0000~3.5347;197000~257999;1
7924;*;*;25~32;4.008431703;1.011804384;2042;593;3.5348~7.0695;136000~196999;1
7925;*;*;25~32;5.254972875;1.045207957;1806;553;3.5348~7.0695;136000~196999;1
7926;*;*;17~24;5.347878788;1.103030303;2380;825;3.5348~7.0695;197000~257999;1
7927;*;*;25~32;4.98125;0.921875;1061;320;3.5348~7.0695;197000~257999;1
7928;*;*;17~24;4.884259259;0.944444444;682;216;3.5348~7.0695;136000~196999;1
7929;*;*;25~32;4.705357143;1.058035714;2997;896;3.5348~7.0695;136000~196999;1
7930;*;*;25~32;4.297674419;1.108139535;2827;860;0.0000~3.5347;136000~196999;1
7931;*;*;25~32;4.8434238;1.011830202;4367;1437;3.5348~7.0695;197000~257999;1
7932;*;*;17~24;4.722175732;1.030125523;3841;1195;3.5348~7.0695;136000~196999;1
7933;*;*;25~32;6.216071429;1.028571429;1660;560;3.5348~7.0695;197000~257999;1
7934;*;*;25~32;7.330464716;1.012048193;1644;581;3.5348~7.0695;319000~379999;1
7935;*;*;25~32;4.167619048;1.059047619;2727;525;0.0000~3.5347;136000~196999;1
7936;*;*;25~32;4.061633282;1.004622496;3412;649;0.0000~3.5347;75000~135999;1
7937;*;*;17~24;4.316920322;1.045658013;3868;1117;0.0000~3.5347;136000~196999;1
7938;*;*;33~40;6.078880407;1.043256997;1229;393;*;197000~257999;1
7939;*;*;33~40;4.498207885;0.903225806;685;279;*;197000~257999;1
7940;*;*;41~48;5.764069264;1.106060606;1277;462;*;197000~257999;1
7941;*;*;41~48;4.665714286;1.014285714;837;350;*;136000~196999;1
7942;*;*;41~48;5.444067797;1.016949153;735;295;*;197000~257999;1
7943;*;*;41~48;5.15625;1;645;256;*;197000~257999;1
7944;*;*;41~48;5.424418605;0.997093023;919;344;*;197000~257999;1
7945;*;*;41~48;5.206896552;0.987460815;985;319;*;197000~257999;1
7946;*;*;41~48;5.313131313;0.964646465;1071;396;*;197000~257999;1
7947;*;*;41~48;6.163090129;1.103004292;745;233;*;197000~257999;1
7948;*;*;41~48;5.990610329;1.098591549;538;213;*;197000~257999;1
7949;*;*;41~48;5.67844523;0.957597173;799;283;*;197000~257999;1
7950;*;*;33~40;5.073954984;1.003215434;827;311;*;136000~196999;1
7951;*;*;33~40;6.225388601;1.069948187;1385;386;*;197000~257999;1
7952;*;*;33~40;4.668094218;1.117773019;1634;467;*;136000~196999;1
7953;*;*;33~40;4.1558669;0.966725044;1673;571;*;136000~196999;1
7954;*;*;25~32;3.878661088;0.985355649;1363;478;0.0000~3.5347;136000~196999;1
7955;*;*;17~24;4.258845438;1.232774674;1804;537;0.0000~3.5347;136000~196999;1
7956;*;*;25~32;4.453551913;1.12568306;590;183;0.0000~3.5347;136000~196999;1
7957;*;*;41~48;4.686609687;1.056980057;1161;351;*;136000~196999;1
7958;*;*;41~48;5.068965517;1.063218391;536;174;*;136000~196999;1
7959;*;*;41~48;5.518987342;1.126582278;783;237;*;136000~196999;1
7960;*;*;41~48;4.642714571;1.003992016;1832;501;*;136000~196999;1
7961;*;*;25~32;3.865953947;1.117598684;2571;1216;0.0000~3.5347;136000~196999;1
7962;*;*;33~40;4.582901554;1.129533679;1166;386;*;136000~196999;1
7963;*;*;41~48;5.010025063;1.080200501;1060;399;*;136000~196999;1
7964;*;*;41~48;4.044345898;0.971175166;1200;451;*;136000~196999;1
7965;*;*;33~40;4.454545455;1.161862528;1449;451;*;136000~196999;1
7966;*;*;33~40;4.180811808;1.092250923;774;271;*;136000~196999;1
7967;*;*;33~40;3.856321839;1.045977011;1659;522;*;136000~196999;1
7968;*;*;25~32;3.440806045;1.091939547;1690;794;0.0000~3.5347;136000~196999;1
7969;*;*;41~48;5.296943231;1.174672489;628;229;*;136000~196999;1
7970;*;*;33~40;5.164133739;1.051671733;1188;329;*;136000~196999;1
7971;*;*;33~40;4.268115942;1.050724638;2858;690;*;136000~196999;1
7972;*;*;25~32;3.669421488;1.148760331;1405;363;0.0000~3.5347;136000~196999;1
7973;*;*;25~32;4.305714286;1.082857143;1082;350;0.0000~3.5347;136000~196999;1
7974;*;*;25~32;3.316037736;0.952830189;757;212;0.0000~3.5347;136000~196999;1
7975;*;*;41~48;4.675078864;0.977917981;1052;317;*;136000~196999;1
7976;*;*;33~40;5.886363636;1.034090909;974;264;*;136000~196999;1
7977;*;*;33~40;4.593283582;1.095149254;1821;536;*;136000~196999;1
7978;*;*;41~48;4.4296875;1.03125;1091;384;*;136000~196999;1
7979;*;*;49~56;4.402272727;1.011363636;1339;440;*;136000~196999;1
7980;*;*;41~48;4.589430894;1.034552846;1395;492;*;136000~196999;1
7981;*;*;41~48;4.647577093;1.088105727;1404;454;*;136000~196999;1
7982;*;*;41~48;4.867881549;1.050113895;1126;439;*;136000~196999;1
7983;*;*;41~48;4.52345679;0.990123457;1056;405;*;136000~196999;1
7984;*;*;33~40;4.410596026;1.036423841;1627;604;*;136000~196999;1
7985;*;*;25~32;4.240693196;1.067394095;4066;1558;0.0000~3.5347;136000~196999;1
7986;*;*;1~16;3.37525355;1.030425963;1369;493;0.0000~3.5347;136000~196999;1
7987;*;*;33~40;4.28;1.001904762;1670;525;*;136000~196999;1
7988;*;*;33~40;4.322115385;1.036057692;2416;832;*;136000~196999;1
7989;*;*;41~48;4.482084691;1.050488599;1674;614;*;136000~196999;1
7990;*;*;33~40;4.556074766;1.140186916;1702;642;*;136000~196999;1
7991;*;*;33~40;3.87202381;1.017857143;954;336;*;136000~196999;1
7992;*;*;33~40;5.441860465;0.996124031;652;258;*;136000~196999;1
7993;*;*;25~32;4.196907216;1.1;2144;970;0.0000~3.5347;197000~257999;1
7994;*;*;33~40;6.132478632;1.064102564;606;234;*;197000~257999;1
7995;*;*;33~40;5.605263158;0.973684211;699;266;*;197000~257999;1
7996;*;*;25~32;5.356415479;1.138492872;1069;491;0.0000~3.5347;197000~257999;1
7997;*;*;33~40;5.581589958;0.989539749;1315;478;*;197000~257999;1
7998;*;*;33~40;5.837758112;1;952;339;*;197000~257999;1
7999;*;*;33~40;5.469733656;1.02905569;1183;413;*;197000~257999;1
8000;*;*;33~40;5.23573201;1.032258065;1128;403;*;197000~257999;1
8001;*;*;33~40;4.654320988;0.965432099;1049;405;*;197000~257999;1
8002;*;*;33~40;5.327327327;1.045045045;934;333;*;197000~257999;1
8003;*;*;33~40;5.529220779;1.055194805;845;308;*;197000~257999;1
8004;*;*;25~32;6.023454158;1.002132196;1352;469;3.5348~7.0695;197000~257999;1
8005;*;*;33~40;5.73151751;0.984435798;713;257;*;197000~257999;1
8006;*;*;33~40;6.089171975;1.012738854;416;157;*;197000~257999;1
8007;*;*;33~40;5.649681529;1.038216561;482;157;*;197000~257999;1
8008;*;*;33~40;6.248062016;1.005167959;1138;387;*;197000~257999;1
8009;*;*;33~40;6.004366812;1.063318777;1386;458;*;197000~257999;1
8010;*;*;33~40;5.343434343;1.078282828;972;396;*;197000~257999;1
8011;*;*;33~40;5.372141372;0.941787942;1333;481;*;197000~257999;1
8012;*;*;33~40;5.979949875;1.025062657;1101;399;*;197000~257999;1
8013;*;*;33~40;6.80608365;1.022813688;924;263;*;197000~257999;1
8014;*;*;33~40;6.003134796;0.990595611;850;319;*;197000~257999;1
8015;*;*;33~40;6.164670659;1.04491018;825;334;*;197000~257999;1
8016;*;*;33~40;5.993055556;0.996527778;820;288;*;197000~257999;1
8017;*;*;33~40;6.203187251;1.075697211;697;251;*;197000~257999;1
8018;*;*;33~40;5.926267281;0.970046083;1318;434;*;197000~257999;1
8019;*;*;33~40;6.634615385;1.048076923;316;104;*;197000~257999;1
8020;*;*;33~40;6.481632653;1.110204082;692;245;*;197000~257999;1
8021;*;*;33~40;6.118466899;1.034843206;798;287;*;197000~257999;1
8022;*;*;33~40;5.684350133;1.013262599;1047;377;*;197000~257999;1
8023;*;*;33~40;5.68487395;0.970588235;1331;476;*;197000~257999;1
8024;*;*;33~40;5.479591837;0.959183673;496;196;*;197000~257999;1
8025;*;*;33~40;5.478417266;0.946043165;717;278;*;197000~257999;1
8026;*;*;33~40;5.966555184;1.013377926;964;299;*;197000~257999;1
8027;*;*;41~48;5.843003413;1.071672355;691;293;*;197000~257999;1
8028;*;*;33~40;5.830985915;1.037558685;565;213;*;197000~257999;1
8029;*;*;33~40;5.626923077;0.988461538;722;260;*;197000~257999;1
8030;*;*;33~40;4.482861401;1.004470939;1584;671;*;197000~257999;1
8031;*;*;41~48;6.521390374;1.147058824;944;374;*;258000~318999;1
8032;*;*;41~48;4.970930233;0.968023256;786;344;*;258000~318999;1
8033;*;*;41~48;4.911421911;1.023310023;876;429;*;319000~379999;1
8034;*;*;41~48;6.467576792;1.003412969;881;293;*;258000~318999;1
8035;*;*;41~48;5.578947368;1.055555556;890;342;*;319000~379999;1
8036;*;*;41~48;5.013179572;1.019769357;1316;607;*;197000~257999;1
8037;*;*;33~40;6.373673036;1.027600849;1322;471;*;197000~257999;1
8038;*;*;25~32;7.014326648;1.014326648;894;349;7.0696~10.6043;*;1
8039;*;*;33~40;6.010060362;0.987927565;1360;497;*;197000~257999;1
8040;*;*;33~40;6.257261411;1.045643154;635;241;*;197000~257999;1
8041;*;*;33~40;5.764150943;1.018867925;1199;424;*;197000~257999;1
8042;*;*;33~40;6.099547511;1.058823529;643;221;*;197000~257999;1
8043;*;*;33~40;4.975395431;1.007029877;1462;569;*;197000~257999;1
8044;*;*;33~40;6.324786325;1.045584046;1002;351;*;197000~257999;1
8045;*;*;33~40;5.351585014;1.020172911;1956;694;*;197000~257999;1
8046;*;*;41~48;4.576119403;0.988059701;791;335;*;136000~196999;1
8047;*;*;25~32;3.70754717;1.078616352;2515;1272;0.0000~3.5347;197000~257999;1
8048;*;*;41~48;5.790625;1025;945;320;*;197000~257999;1
8049;*;*;41~48;5.955752212;1.07079646;880;339;*;197000~257999;0
8050;*;*;33~40;4.645796064;1.041144902;1285;559;*;197000~257999;1
8051;*;*;33~40;4.862542955;1.010309278;591;291;*;258000~318999;0
8052;*;*;41~48;4.920720721;1.03963964;1396;555;*;197000~257999;0
8053;*;*;17~24;4.498168498;1.172161172;537;273;0.0000~3.5347;136000~196999;0
8054;*;*;25~32;3.64;1.024285714;2086;700;0.0000~3.5347;75000~135999;1
8055;*;*;41~48;4.395348837;1.081395349;1378;430;*;136000~196999;1
8056;*;*;25~32;3.420135528;1.027105518;2678;1033;0.0000~3.5347;136000~196999;0
8057;*;*;49~56;3.944852941;0.955882353;725;272;*;136000~196999;0
8058;*;*;41~48;4.066202091;1.052264808;773;287;*;136000~196999;0
8059;*;*;33~40;3.652857143;1.044285714;2286;700;*;136000~196999;1
8060;*;*;41~48;4.321678322;1.076923077;1360;429;*;136000~196999;1
8061;*;*;33~40;5.074515648;1.1609538;1953;671;*;136000~196999;0
8062;*;*;33~40;6.409948542;1.051457976;1305;583;*;441000~501999;0
8063;*;*;41~48;5.948198198;0.925675676;1011;444;*;380000~501999;0
8064;*;*;41~48;5.929765886;1.204013378;815;299;*;380000~501999;0
8065;*;*;41~48;5.986754967;1.043046358;800;302;*;258000~318999;0
8066;*;*;41~48;6.135135135;0.963963964;531;222;*;258000~318999;0
8067;*;*;41~48;5.46350365;1.010948905;542;274;*;319000~379999;0
8068;*;*;41~48;5.561594203;0.992753623;591;276;*;319000~379999;0
8069;*;*;33~40;5.589506173;1.149691358;1330;648;*;380000~440999;0
8070;*;*;41~48;4.769087523;1.013035382;1063;537;*;380000~501999;0
8071;*;*;49~56;5.509984639;1.064516129;1513;651;*;197000~257999;0
8072;*;*;49~56;5.202868852;1.018442623;1152;488;*;258000~318999;0
8073;*;*;49~56;5.696230599;1.073170732;1030;451;*;258000~318999;0
8074;*;*;49~56;5.95;1.072727273;943;440;*;197000~257999;0
8075;*;*;41~48;4.176470588;0.955882353;167;68;*;197000~257999;0
8076;*;*;25~32;4.098540146;1.00729927;1032;548;3.5348~7.0695;319000~379999;0
8077;*;*;17~24;3.45380117;1.046783626;1914;855;3.5348~7.0695;258000~318999;0
8078;*;*;17~24;5.35952381;1.076190476;913;420;3.5348~7.0695;258000~318999;0
8079;*;*;41~48;5.634615385;1.112179487;954;312;*;197000~257999;0
8080;*;*;9~16;3.945701357;0.918552036;422;221;3.5348~7.0695;136000~196999;0
8081;*;*;17~24;4.778645833;1.111979167;1038;384;3.5348~7.0695;197000~257999;0
8082;*;*;41~48;5.695652174;1.085066163;1525;529;*;136000~196999;0
8083;*;*;33~40;3.772849462;1.032258065;2217;744;*;197000~257999;0
8084;*;*;17~24;2.557640751;1.045576408;804;373;0.0000~3.5347;136000~196999;0
8085;*;*;41~48;4.89119171;0.922279793;533;193;*;197000~257999;0
8086;*;*;41~48;5.7593361;1.053941909;742;241;*;197000~257999;0
8087;*;*;41~48;5.588095238;1.04047619;1219;420;*;197000~257999;0
8088;*;*;33~40;4.620967742;1.069892473;1444;372;*;136000~196999;0
8089;*;*;41~48;4.43627451;0.975490196;764;204;*;136000~196999;0
8090;*;*;33~40;4.394673123;1.036319613;1807;413;*;136000~196999;0
8091;*;*;33~40;3.99375;0.971875;1157;320;*;136000~196999;0
8092;*;*;25~32;3.916083916;1.093240093;1779;429;3.5348~7.0695;136000~196999;0
8093;*;*;41~48;5.112359551;1.033707865;394;89;*;136000~196999;0
8094;*;*;41~48;5.261780105;1.041884817;723;191;*;136000~196999;0
8095;*;*;17~24;4.231437599;1.052132701;3030;1266;0.0000~3.5347;136000~196999;0
8096;*;*;41~48;5.084084084;1.012012012;1255;333;*;136000~196999;0
8097;*;*;41~48;4.680412371;1.025773196;1524;388;*;136000~196999;0
8098;*;*;33~40;4.558282209;1.101226994;1345;326;*;136000~196999;0
8099;*;*;41~48;3.967213115;0.907103825;602;183;*;136000~196999;0
8100;*;*;41~48;4.312267658;1.018587361;1095;269;*;136000~196999;0
8101;*;*;41~48;4.5;1.003597122;1053;278;*;136000~196999;0
8102;*;*;33~40;3.81305638;1.029673591;1291;337;*;136000~196999;0
8103;*;*;33~40;4.509090909;1.084090909;1764;440;*;136000~196999;0
8104;*;*;25~32;5.046979866;1.055369128;2537;596;0.0000~3.5347;136000~196999;0
8105;*;*;33~40;4.005012531;1.147869674;1691;399;*;136000~196999;0
8106;*;*;25~32;3.59430605;1.090747331;2557;562;0.0000~3.5347;136000~196999;0
8107;*;*;41~48;4.592715232;0.927152318;984;302;*;136000~196999;0
8108;*;*;33~40;3.828571429;1.133333333;1535;525;*;136000~196999;0
8109;*;*;25~32;3.805223069;1.192600653;2994;919;0.0000~3.5347;136000~196999;0
8110;*;*;41~48;3.933333333;1;569;195;*;136000~196999;0
8111;*;*;41~48;3.905380334;1.098330241;1807;539;*;136000~196999;0
8112;*;*;41~48;4.206270627;1.0330033;1388;606;*;136000~196999;0
8113;*;*;49~56;4.153488372;1.034883721;1090;430;*;136000~196999;0
8114;*;*;41~48;3.828828829;1.064864865;1604;555;*;136000~196999;0
8115;*;*;41~48;4.183729433;1.047531993;2749;1094;*;197000~257999;0
8116;*;*;41~48;5.457777778;1.1;1300;450;*;197000~257999;0
8117;*;*;49~56;4.367965368;0.935064935;614;231;*;197000~257999;0
8118;*;*;41~48;4.101604278;1.106951872;2114;561;0.0000~3.5347;75000~135999;0
8119;*;*;33~40;3.540334855;1.109589041;2635;657;*;136000~196999;0
8120;*;*;41~48;3.767386091;1.043165468;1631;417;0.0000~3.5347;75000~135999;0
8121;*;*;41~48;3.996219282;1.156899811;2357;529;*;136000~196999;0
8122;*;*;41~48;3.255357143;1.071428571;2339;560;0.0000~3.5347;75000~135999;0
8123;*;*;25~32;3.95658466;1.096960926;2951;691;0.0000~3.5347;75000~135999;0
8124;*;*;33~40;3.149501661;1.006644518;1042;301;0.0000~3.5347;75000~135999;0
8125;*;*;41~48;5.28708134;1.122009569;1042;418;*;197000~257999;0
8126;*;*;25~32;4.90625;1375;315;96;0.0000~3.5347;136000~196999;0
8127;*;*;9~16;4.416356877;1.034696406;1530;807;3.5348~7.0695;136000~196999;0
8128;*;*;25~32;4.633587786;1.072943172;3010;1179;0.0000~3.5347;197000~257999;0
8129;*;*;25~32;4.341530055;1.038251366;883;366;0.0000~3.5347;136000~196999;0
8130;*;*;1~16;4.756916996;1.164031621;1591;506;0.0000~3.5347;136000~196999;0
8131;*;*;41~48;5.540350877;0.975438596;687;285;*;197000~257999;1
8132;*;*;41~48;5.918088737;1.129692833;797;293;*;197000~257999;1
8133;*;*;41~48;5.181208054;0.959731544;701;298;*;197000~257999;1
8134;*;*;41~48;5.5917603;1.037453184;671;267;*;197000~257999;1
8135;*;*;41~48;5.700704225;0.985915493;815;284;*;197000~257999;1
8136;*;*;41~48;6.134020619;1.054982818;779;291;*;197000~257999;1
8137;*;*;41~48;5.444444444;1.012345679;1474;567;*;197000~257999;1
8138;*;*;33~40;5.609561753;0.996015936;702;251;*;197000~257999;1
8139;*;*;33~40;6.645454545;1.059090909;664;220;*;197000~257999;1
8140;*;*;33~40;5.274406332;1.029023747;887;379;*;197000~257999;1
8141;*;*;33~40;5.108504399;0.997067449;857;341;*;197000~257999;1
8142;*;*;33~40;6.608465608;1.068783069;517;189;*;197000~257999;1
8143;*;*;33~40;6.169491525;1.061016949;899;295;*;197000~257999;1
8144;*;*;33~40;6.199546485;1.015873016;1308;441;*;197000~257999;1
8145;*;*;33~40;5.752969121;0.997624703;1193;421;*;197000~257999;1
8146;*;*;33~40;5.884146341;1.079268293;915;328;*;197000~257999;1
8147;*;*;33~40;5.681818182;0.974431818;956;352;*;197000~257999;1
8148;*;*;17~24;7.202517162;1.07208238;2292;874;7.0696~10.6043;*;1
8149;*;*;33~40;5.603535354;0.992424242;1042;396;*;197000~257999;1
8150;*;*;33~40;5.778461538;0.993846154;846;325;*;197000~257999;1
8151;*;*;33~40;6.276836158;1.039548023;444;177;*;197000~257999;1
8152;*;*;33~40;5.219512195;0.890243902;451;164;*;197000~257999;1
8153;*;*;33~40;5.85046729;0.976635514;558;214;*;197000~257999;1
8154;*;*;33~40;5.565826331;0.971988796;1095;357;*;197000~257999;1
8155;*;*;33~40;5.791666667;1.029761905;871;336;*;197000~257999;1
8156;*;*;33~40;5.241791045;1.029850746;836;335;*;197000~257999;1
8157;*;*;33~40;5.79006772;1.033860045;1155;443;*;197000~257999;1
8158;*;*;33~40;5.288235294;0.973529412;860;340;*;197000~257999;1
8159;*;*;33~40;5.535519126;1.087431694;493;183;*;197000~257999;1
8160;*;*;33~40;5.074380165;0.979338843;572;242;*;197000~257999;1
8161;*;*;33~40;5.406360424;1.024734982;711;283;*;197000~257999;1
8162;*;*;33~40;5.9375;1.017857143;273;112;*;197000~257999;1
8163;*;*;33~40;5.452722063;0.982808023;928;349;*;197000~257999;1
8164;*;*;33~40;5.482758621;1.009404389;855;319;*;197000~257999;1
8165;*;*;33~40;5.829545455;1.034090909;505;176;*;197000~257999;1
8166;*;*;33~40;5.645283019;1.022641509;743;265;*;197000~257999;1
8167;*;*;41~48;4.805732484;1.035031847;821;314;*;197000~257999;1
8168;*;*;41~48;5.069892473;1.072580645;1167;372;*;197000~257999;0
8169;*;*;33~40;5.953020134;1.003355705;784;298;*;197000~257999;1
8170;*;*;33~40;5.663265306;0.989795918;721;294;*;197000~257999;1
8171;*;*;33~40;4.389952153;1.040669856;774;418;*;197000~257999;1
8172;*;*;33~40;5.957345972;0.971563981;530;211;*;197000~257999;1
8173;*;*;33~40;6.02295082;1.045901639;810;305;*;197000~257999;1
8174;*;*;33~40;5.913946588;1.050445104;884;337;*;197000~257999;1
8175;*;*;33~40;6.008108108;1;1039;370;*;197000~257999;1
8176;*;*;33~40;5.33463035;0.972762646;666;257;*;197000~257999;1
8177;*;*;33~40;5.256097561;0.981707317;838;328;*;197000~257999;1
8178;*;*;33~40;6;1.039285714;744;280;*;197000~257999;1
8179;*;*;33~40;5.84180791;1.016949153;444;177;*;197000~257999;1
8180;*;*;33~40;6.250922509;1.033210332;776;271;*;197000~257999;1
8181;*;*;33~40;6.228571429;1.031746032;786;315;*;197000~257999;1
8182;*;*;33~40;5.530487805;1.00304878;850;328;*;197000~257999;1
8183;*;*;33~40;6.671949287;1.041204437;1911;631;*;197000~257999;1
8184;*;*;33~40;6.01076716;0.995962315;2134;743;*;197000~257999;1
8185;*;*;33~40;6.236842105;0.997368421;996;380;*;258000~318999;1
8186;*;*;33~40;5.945132743;1.054867257;1522;565;*;197000~257999;1
8187;*;*;1~16;7.065602837;1.005319149;1327;564;7.0696~10.6043;*;1
8188;*;*;25~32;5.5625;0.992424242;1132;528;3.5348~7.0695;380000~501999;0
8189;*;*;25~32;4.360114778;1.06025825;1199;697;3.5348~7.0695;380000~501999;0
8190;*;*;33~40;5.633484163;0.954751131;508;221;*;441000~501999;0
8191;*;*;41~48;4.729903537;0.967845659;767;311;*;197000~257999;1
8192;*;*;41~48;5.873333333;1.046666667;738;300;*;197000~257999;1
8193;*;*;41~48;5.914835165;1.03021978;947;364;*;197000~257999;0
8194;*;*;41~48;5.413551402;1.046728972;1057;428;*;197000~257999;0
8195;*;*;41~48;5.689138577;0.985018727;681;267;*;197000~257999;0
8196;*;*;17~24;4.176360225;1.123827392;3625;1599;3.5348~7.0695;197000~257999;0
8197;*;*;41~48;4.615101289;0.977900552;1230;543;*;197000~257999;0
8198;*;*;1~8;4.363207547;1.170990566;1657;848;3.5348~7.0695;136000~196999;0
8199;*;*;17~24;4.259933775;1.139072848;1478;604;0.0000~3.5347;197000~257999;0
8200;*;*;41~48;4.033783784;1.045608108;1461;592;*;197000~257999;0
8201;*;*;41~48;4202;992;1038;500;*;197000~257999;0
8202;*;*;25~32;4.141382869;1.132094943;2297;969;0.0000~3.5347;136000~196999;0
8203;*;*;17~24;3.901477833;1.071428571;904;406;0.0000~3.5347;136000~196999;0
8204;*;*;1~16;3.286538462;1.073076923;1939;520;0.0000~3.5347;136000~196999;0
8205;*;*;33~40;3.430485762;0.979899497;2074;597;*;136000~196999;0
8206;*;*;25~32;3.520225776;1.110065851;3916;1063;0.0000~3.5347;136000~196999;0
8207;*;*;25~32;3.980494148;1.097529259;2135;769;0.0000~3.5347;136000~196999;0
8208;*;*;25~32;3.350308642;1.037037037;3002;648;0.0000~3.5347;136000~196999;0
8209;*;*;25~32;2.44384058;0.940217391;2646;552;0.0000~3.5347;75000~135999;0
8210;*;*;33~40;3.910138249;1.267281106;1379;434;0.0000~3.5347;75000~135999;0
8211;*;*;25~32;3.526785714;1.138392857;1896;448;0.0000~3.5347;75000~135999;0
8212;*;*;25~32;3.502873563;1.172413793;1816;348;0.0000~3.5347;75000~135999;0
8213;*;*;17~24;3.946540881;1.132075472;1201;318;0.0000~3.5347;136000~196999;0
8214;*;*;25~32;3.136729223;0.989276139;1398;373;0.0000~3.5347;136000~196999;0
8215;*;*;33~40;3.852941176;1.157563025;1967;476;0.0000~3.5347;75000~135999;0
8216;*;*;25~32;3.655294118;1.169411765;3543;850;0.0000~3.5347;136000~196999;0
8217;*;*;17~24;3.169014085;1.014084507;439;71;0.0000~3.5347;136000~196999;0
8218;*;*;25~32;3.146799117;1.068432671;3744;906;0.0000~3.5347;75000~135999;0
8219;*;*;33~48;0.888888889;0.5;96;36;3.5348~7.0695;14000~135999;0
8220;*;*;41~48;4.033333333;0.966666667;153;30;*;136000~196999;0
8221;*;*;41~48;2.86;0.82;222;50;0.0000~3.5347;75000~135999;0
8222;*;*;17~24;3.0625;875;29;16;3.5348~7.0695;14000~135999;0
8223;*;*;17~24;2.82868937;1.061919505;2924;969;0.0000~3.5347;197000~257999;0
8224;*;*;33~40;2.803339518;1.100185529;914;539;*;136000~196999;0
8225;*;*;41~48;3.218057922;1.109028961;1545;587;*;136000~196999;0
8226;*;*;41~48;3.789699571;1.066523605;1908;466;*;136000~196999;0
8227;*;*;49~56;3.488859764;1.170380079;3018;763;*;136000~196999;0
8228;*;*;33~40;3.062256809;1.173151751;820;514;*;136000~196999;0
8229;*;*;33~40;2.552070263;1.127979925;1257;797;0.0000~3.5347;75000~135999;0
8230;*;*;17~24;3.192563081;1.087649402;1566;753;0.0000~3.5347;136000~196999;0
8231;*;*;17~24;2.802005013;1.095238095;1190;399;0.0000~3.5347;136000~196999;0
8232;*;*;49~56;4.337539432;1.441640379;1089;317;*;197000~257999;0
8233;*;*;41~48;3.446428571;1.178571429;1209;336;0.0000~3.5347;75000~135999;0
8234;*;*;41~48;2.438679245;1.099056604;995;212;0.0000~3.5347;75000~135999;0
8235;*;*;41~48;2.768339768;1.21042471;735;518;*;136000~196999;0
8236;*;*;25~32;3.745454545;1.018181818;632;385;3.5348~7.0695;136000~196999;0
8237;*;*;49~56;3.05078125;1.203125;692;512;*;197000~257999;0
8238;*;*;33~40;3.296593186;1.096192385;1339;499;*;136000~196999;0
8239;*;*;33~40;2.956451613;1.109677419;1128;620;0.0000~3.5347;75000~135999;0
8240;*;*;17~24;3.487562189;1.205638474;1064;603;0.0000~3.5347;136000~196999;0
8241;*;*;25~32;3.012323944;1.216549296;1092;568;0.0000~3.5347;136000~196999;0
8242;*;*;17~24;3.330935252;1;1712;556;0.0000~3.5347;136000~196999;0
8243;*;*;17~24;3.941666667;1.211111111;1300;360;0.0000~3.5347;75000~135999;0
8244;*;*;49~56;3.554216867;1.147590361;1046;332;*;136000~196999;0
8245;*;*;25~32;3.606126915;1.059080963;898;457;0.0000~3.5347;136000~196999;0
8246;*;*;1~16;2.996978852;1.187311178;694;331;0.0000~3.5347;136000~196999;0
8247;*;*;25~32;3.205696203;1.240506329;1083;316;0.0000~3.5347;136000~196999;0
8248;*;*;41~48;5.459893048;1.604278075;533;187;*;136000~196999;0
8249;*;*;25~32;3.78238342;1.24611399;3580;772;0.0000~3.5347;136000~196999;0
8250;*;*;17~24;3.431693989;1.14845173;3940;1098;0.0000~3.5347;136000~196999;0
8251;*;*;25~32;2.666082384;1.098159509;4812;1141;0.0000~3.5347;136000~196999;0
8252;*;*;41~48;3.517857143;1.110119048;3184;672;*;136000~196999;0
8253;*;*;33~40;3.5;1.051312649;2077;838;*;136000~196999;0
8254;*;*;41~48;3.483333333;1.106944444;1340;720;*;136000~196999;0
8255;*;*;33~40;3.273391813;1.054093567;984;684;*;136000~196999;0
8256;*;*;33~40;3.761783439;1.118471338;1379;785;*;136000~196999;0
8257;*;*;1~16;3.493660856;1.110142631;3068;1262;0.0000~3.5347;136000~196999;0
8258;*;*;25~32;3.639344262;1.241803279;1391;488;0.0000~3.5347;136000~196999;0
8259;*;*;25~32;3.400479616;1.052757794;720;417;0.0000~3.5347;136000~196999;0
8260;*;*;33~40;3.404833837;0.987915408;492;331;*;197000~257999;0
8261;*;*;25~32;3.935462409;1.164337991;2136;1503;3.5348~7.0695;258000~318999;0
8262;*;*;41~48;3.715025907;1.110535406;1047;579;*;197000~257999;0
8263;*;*;41~48;3.607744108;1.173400673;1004;594;*;197000~257999;0
8264;*;*;33~40;3.800859599;1.080229226;1087;698;*;319000~379999;0
8265;*;*;41~48;3.842401501;1.127579737;852;533;*;136000~196999;0
8266;*;*;49~56;3.651828299;1.206677266;1105;629;*;136000~196999;0
8267;*;*;49~56;4.473544974;1.041005291;1314;756;*;380000~440999;0
8268;*;*;33~40;4.708920188;1.063380282;807;426;*;441000~501999;0
8269;*;*;25~32;4.390702275;1.09297725;1749;1011;3.5348~7.0695;258000~318999;0
8270;*;*;33~40;3.967320261;1.035947712;1312;612;*;258000~318999;0
8271;*;*;1~32;3.773584906;1.020215633;1292;742;0.0000~3.5347;258000~501999;0
8272;*;*;33~40;4.301861702;1.022606383;1284;752;*;258000~318999;0
8273;*;*;25~32;4.182065217;1.067934783;1460;736;0.0000~3.5347;197000~257999;0
8274;*;*;25~32;4.041284404;1.157798165;2178;1090;0.0000~3.5347;197000~257999;0
8275;*;*;1~16;3.958745875;1.133663366;3087;1212;0.0000~3.5347;136000~196999;0
8276;*;*;33~40;3.975609756;1.058536585;2470;1025;*;197000~257999;0
8277;*;*;49~56;3.985276074;1.046625767;1819;815;*;197000~257999;0
8278;*;*;25~32;3.223097113;1.138232721;3891;1143;0.0000~3.5347;136000~196999;0
8279;*;*;1~16;3.708737864;1.044902913;1600;824;0.0000~3.5347;197000~257999;0
8280;*;*;9~16;4.427145709;1.130738523;2176;1002;3.5348~7.0695;197000~257999;0
8281;*;*;33~40;4.251920123;1.155145929;1277;651;*;197000~257999;0
8282;*;*;41~48;3.929606625;1.010351967;940;483;*;197000~257999;0
8283;*;*;41~48;6.233128834;1.055214724;361;163;*;380000~501999;0
8284;*;*;49~56;4.308641975;1.064814815;1301;648;*;258000~318999;0
8285;*;*;49~56;4.96819788;1.097173145;1171;566;*;319000~379999;0
8286;*;*;49~56;4.952808989;1.119101124;899;445;*;380000~440999;0
8287;*;*;41~48;4.114558473;1.069212411;1621;838;*;319000~379999;0
8288;*;*;25~32;4.073627845;1.053547523;1398;747;3.5348~7.0695;258000~318999;0
8289;*;*;33~40;5.154213037;1.109697933;1080;629;*;380000~440999;0
8290;*;*;25~32;4.213517665;1.087557604;1059;651;3.5348~7.0695;380000~501999;0
8291;*;*;33~40;3.893190921;1.048064085;1183;749;*;441000~501999;0
8292;*;*;33~40;3.725255973;1.033276451;1912;1172;*;319000~379999;0
8293;*;*;49~56;4.181132075;0.99245283;940;530;*;380000~440999;0
8294;*;*;41~48;3.800492611;1.140394089;652;406;*;380000~501999;0
8295;*;*;33~40;3.518518519;1.118165785;867;567;*;380000~440999;0
8296;*;*;49~56;4.290064103;1.028846154;1144;624;*;319000~379999;0
8297;*;*;49~56;4.122562674;1.059888579;1179;718;*;380000~440999;0
8298;*;*;41~48;3.183235867;1.044834308;741;513;*;380000~501999;0
8299;*;*;49~56;5.411764706;1.00245098;791;408;*;441000~501999;0
8300;*;*;49~56;5.539393939;1.012121212;322;165;*;380000~440999;0
8301;*;*;41~48;4.229850746;1.004477612;1175;670;*;319000~379999;0
8302;*;*;41~48;4.603636364;1.129090909;961;550;*;380000~501999;0
8303;*;*;41~48;4.752321981;1.034055728;1240;646;*;380000~501999;0
8304;*;*;41~48;5.978456014;1.021543986;1220;557;*;380000~501999;0
8305;*;*;41~48;5.759013283;0.979127135;1127;527;*;380000~501999;0
8306;*;*;41~48;5.004830918;1.185990338;742;414;*;380000~501999;0
8307;*;*;33~40;5.569506726;1.177130045;792;446;*;441000~501999;0
8308;*;*;9~16;4.815195072;1.028747433;1879;974;3.5348~7.0695;258000~501999;0
8309;*;*;9~16;5.317172897;1.07885514;3333;1712;3.5348~7.0695;258000~501999;0
8310;*;*;17~24;5.082959641;1.069506726;1941;892;3.5348~7.0695;380000~501999;0
8311;*;*;1~16;6.872280038;1.075685904;2528;1057;7.0696~10.6043;*;0
8312;*;*;49~56;5.509687034;1.029806259;1436;671;*;380000~440999;0
8313;*;*;33~40;5.028801843;1.066820276;1661;868;*;319000~379999;0
8314;*;*;1~32;5.060422961;1.574018127;744;331;0.0000~3.5347;258000~501999;0
8315;*;*;49~56;5.473317865;1.371229698;1100;431;*;380000~440999;0
8316;*;*;49~56;7.385416667;1.777777778;733;288;*;258000~318999;0
8317;*;*;49~56;6225;1.65;341;160;*;441000~501999;0
8318;*;*;1~32;4.138728324;1.23699422;422;173;0.0000~3.5347;258000~501999;0
8319;*;*;25~32;4.181168057;1.092967819;2794;839;0.0000~3.5347;75000~135999;1
8320;*;*;33~40;4.544529262;1.063613232;1367;393;0.0000~3.5347;75000~135999;1
8321;*;*;25~32;3.894375857;1.086419753;2390;729;0.0000~3.5347;75000~135999;1
8322;*;*;41~48;4.065217391;1.086956522;1805;506;0.0000~3.5347;75000~135999;1
8323;*;*;25~32;4.412935323;1.104477612;1622;402;0.0000~3.5347;75000~135999;1
8324;*;*;33~40;4.176678445;1.077738516;977;283;0.0000~3.5347;75000~135999;1
8325;*;*;33~40;4.282918149;1.120996441;1774;562;0.0000~3.5347;75000~135999;1
8326;*;*;33~40;4.19138756;1.031100478;2521;836;0.0000~3.5347;75000~135999;1
8327;*;*;33~40;4.398706897;1.144396552;1390;464;0.0000~3.5347;75000~135999;1
8328;*;*;25~32;4.577966102;1.2;1880;590;0.0000~3.5347;75000~135999;1
8329;*;*;25~32;3.821052632;1.027368421;1715;475;0.0000~3.5347;75000~135999;1
8330;*;*;33~40;3.987730061;1.09202454;1216;326;0.0000~3.5347;75000~135999;1
8331;*;*;33~40;3.766723842;1.085763293;2017;583;0.0000~3.5347;75000~135999;1
8332;*;*;33~40;5.373068433;1.052980132;1646;453;0.0000~3.5347;75000~135999;1
8333;*;*;33~48;5.148594378;0.979919679;852;249;3.5348~7.0695;14000~135999;1
8334;*;*;33~48;5.534328358;1.095522388;976;335;3.5348~7.0695;14000~135999;1
8335;*;*;33~40;5.005221932;1.143603133;1021;383;*;136000~196999;1
8336;*;*;33~40;5.777292576;1.061135371;684;229;*;136000~196999;1
8337;*;*;33~40;5.740740741;1.611111111;798;270;*;136000~196999;1
8338;*;*;41~48;6.306451613;1.080645161;602;186;*;136000~196999;1
8339;*;*;41~48;6.216949153;0.989830508;997;295;*;136000~196999;1
8340;*;*;33~40;5.720250522;1.052192067;1468;479;*;136000~196999;1
8341;*;*;33~40;5.346067416;1.038202247;1327;445;*;136000~196999;1
8342;*;*;33~40;5.417159763;1.053254438;925;338;*;136000~196999;1
8343;*;*;33~40;5.831932773;0.941176471;412;119;*;136000~196999;1
8344;*;*;33~40;4.794466403;1.122529644;742;253;*;136000~196999;1
8345;*;*;33~40;5.109965636;1.017182131;863;291;*;136000~196999;1
8346;*;*;33~40;6.313609467;1.00591716;499;169;*;136000~196999;1
8347;*;*;33~40;6.597701149;1.072796935;830;261;*;136000~196999;1
8348;*;*;33~40;5.101769912;0.991150442;639;226;*;136000~196999;1
8349;*;*;25~32;3.897302905;1.143153527;3288;964;0.0000~3.5347;136000~196999;1
8350;*;*;41~48;5.264492754;0.894927536;721;276;*;136000~196999;1
8351;*;*;41~48;5.363764045;0.994382022;1505;712;*;136000~196999;1
8352;*;*;17~24;5.124311566;1.014948859;2636;1271;3.5348~7.0695;136000~196999;1
8353;*;*;41~48;6.205521472;0.996932515;992;326;*;136000~196999;1
8354;*;*;41~48;6.457575758;1.090909091;1040;330;*;136000~196999;1
8355;*;*;33~40;5.326869806;1.271468144;1412;361;*;136000~196999;1
8356;*;*;49~56;5.389830508;1.023728814;844;295;*;136000~196999;1
8357;*;*;41~48;5.280112045;1.011204482;954;357;*;136000~196999;1
8358;*;*;41~48;4.912878788;1.106060606;704;264;*;136000~196999;1
8359;*;*;41~48;4.91503268;0.882352941;814;306;*;136000~196999;1
8360;*;*;41~48;6.48255814;1.058139535;949;344;*;136000~196999;1
8361;*;*;41~48;5.285266458;1.131661442;737;319;*;136000~196999;1
8362;*;*;41~48;4.620842572;1.146341463;1062;451;*;197000~257999;1
8363;*;*;33~40;3.344519016;1.060402685;1272;447;*;136000~196999;1
8364;*;*;25~32;3.24173913;1.071304348;1710;575;0.0000~3.5347;136000~196999;1
8365;*;*;25~32;4.26980198;1.066831683;1130;404;0.0000~3.5347;75000~135999;1
8366;*;*;25~32;4.238938053;1.188053097;2340;904;0.0000~3.5347;136000~196999;1
8367;*;*;33~40;4.195991091;1.062360802;1518;449;*;136000~196999;1
8368;*;*;41~48;5.0591133;1.116584565;1785;609;*;136000~196999;1
8369;*;*;41~48;4.364085667;1.126853377;2374;607;*;136000~196999;1
8370;*;*;33~40;3875;0.966911765;1922;544;*;136000~196999;1
8371;*;*;41~48;4.843283582;1.097014925;1064;268;*;136000~196999;1
8372;*;*;25~32;4.435530086;0.945558739;757;349;3.5348~7.0695;319000~379999;1
8373;*;*;17~24;3.181711606;1.032825322;1549;853;0.0000~3.5347;136000~196999;1
8374;*;*;25~32;4.394611727;1.079239303;1560;631;0.0000~3.5347;136000~196999;1
8375;*;*;25~32;3.988294314;1.110367893;3201;1196;0.0000~3.5347;136000~196999;1
8376;*;*;25~32;3.193548387;1.087436333;4015;1178;0.0000~3.5347;136000~196999;1
8377;*;*;25~32;3.675414365;1.056629834;2324;724;0.0000~3.5347;136000~196999;1
8378;*;*;41~48;4.681578947;1.134210526;1507;380;*;136000~196999;1
8379;*;*;41~48;4.521008403;0.894957983;781;238;*;136000~196999;1
8380;*;*;41~48;3.732441472;1.013377926;1082;299;*;136000~196999;1
8381;*;*;17~24;3.23518851;0.998204668;1286;557;0.0000~3.5347;136000~196999;1
8382;*;*;25~32;4.099778271;1.148558758;1498;451;0.0000~3.5347;136000~196999;1
8383;*;*;25~32;3.72555205;0.457413249;2742;951;0.0000~3.5347;136000~196999;1
8384;*;*;25~32;3.167647059;1.067647059;3193;1020;0.0000~3.5347;136000~196999;1
8385;*;*;41~48;4.571847507;0.894428152;891;341;*;258000~318999;1
8386;*;*;41~48;5.21978022;1.036630037;782;273;*;197000~257999;1
8387;*;*;33~40;5.279220779;1.201298701;344;154;*;197000~257999;1
8388;*;*;25~32;4.285163776;1.11046885;3333;1557;0.0000~3.5347;136000~196999;1
8389;*;*;17~24;4.442906574;0.979238754;990;289;3.5348~7.0695;136000~196999;1
8390;*;*;17~24;3.826455026;1.121693122;2515;945;0.0000~3.5347;136000~196999;1
8391;*;*;25~32;3.691612903;1.052903226;1715;775;0.0000~3.5347;136000~196999;1
8392;*;*;17~24;4.14897413;1.142729706;2917;1121;0.0000~3.5347;136000~196999;1
8393;*;*;17~24;4.235802469;1.15308642;2365;810;0.0000~3.5347;75000~135999;1
8394;*;*;33~40;3625;0.967905405;2009;592;*;136000~196999;1
8395;*;*;25~32;6.9;1.15;100;20;3.5348~7.0695;136000~196999;1
8396;*;*;33~40;2.581005587;0.974860335;1376;358;*;258000~318999;1
8397;*;*;41~48;3.722222222;0.986928105;1283;306;*;136000~196999;1
8398;*;*;41~48;4.284263959;1.060913706;2038;591;*;136000~196999;1
8399;*;*;25~32;3.85198556;1.032490975;1053;277;0.0000~3.5347;136000~196999;1
8400;*;*;49~56;5.036144578;1.054216867;747;166;*;136000~196999;1
8401;*;*;33~40;3.746630728;1.105121294;1666;371;*;136000~196999;1
8402;*;*;33~40;3.394366197;1.076682316;3036;639;*;136000~196999;1
8403;*;*;25~32;2.900128041;1.040973111;3425;781;0.0000~3.5347;136000~196999;1
8404;*;*;25~32;3.319648094;1.017595308;1433;341;0.0000~3.5347;136000~196999;1
8405;*;*;33~40;3.413865546;1.050420168;2036;476;*;136000~196999;1
8406;*;*;33~40;3756;1136;1309;250;*;136000~196999;1
8407;*;*;33~40;3.25106383;1.034042553;1824;470;*;136000~196999;1
8408;*;*;33~40;4.449152542;1.06779661;918;236;*;136000~196999;1
8409;*;*;33~40;3.427777778;1.05;810;180;*;136000~196999;1
8410;*;*;33~40;3.636363636;1.026737968;2649;561;*;136000~196999;1
8411;*;*;33~40;3.454761905;1.035714286;1888;420;*;136000~196999;1
8412;*;*;33~40;3.95154185;1.118942731;2188;454;*;136000~196999;1
8413;*;*;33~40;3.647540984;0.985245902;2755;610;*;136000~196999;1
8414;*;*;41~48;3.938697318;1.0651341;1369;261;*;136000~196999;1
8415;*;*;33~40;4.232970027;1.230245232;3456;734;*;136000~196999;1
8416;*;*;33~40;2.961864407;1.102754237;4033;944;*;136000~196999;1
8417;*;*;33~40;4.749758454;1.095652174;3533;1035;*;136000~196999;1
8418;*;*;33~40;3.611438183;1.029436501;4512;1189;*;136000~196999;1
8419;*;*;25~32;3.248704663;1.033678756;1281;386;0.0000~3.5347;136000~196999;1
8420;*;*;33~40;4.43902439;1.10298103;1341;369;*;136000~196999;1
8421;*;*;25~32;4.010165184;1.088945362;2394;787;0.0000~3.5347;136000~196999;1
8422;*;*;25~32;4.591973244;1.165551839;1973;598;0.0000~3.5347;136000~196999;1
8423;*;*;25~32;3.358098068;1.028231798;1603;673;0.0000~3.5347;197000~257999;1
8424;*;*;25~32;3.993710692;1.106019766;3340;1113;0.0000~3.5347;197000~257999;1
8425;*;*;25~32;3.986486486;0.943243243;965;370;0.0000~3.5347;197000~257999;1
8426;*;*;17~24;3.529107374;1.093143596;2023;773;0.0000~3.5347;197000~257999;1
8427;*;*;25~32;3.186147186;1.004329004;584;231;3.5348~7.0695;197000~257999;1
8428;*;*;25~32;3.662041625;1.133795837;2308;1009;0.0000~3.5347;197000~257999;1
8429;*;*;41~48;4.80859375;0.90234375;793;256;*;197000~257999;1
8430;*;*;17~24;3.444171779;1.083435583;1546;815;0.0000~3.5347;197000~257999;1
8431;*;*;17~24;4.204607046;1.243902439;2033;738;0.0000~3.5347;197000~257999;1
8432;*;*;1~16;3.553571429;0.732142857;61;56;0.0000~3.5347;197000~257999;1
8433;*;*;41~48;5.485380117;1.058479532;502;171;*;197000~257999;1
8434;*;*;33~40;5.456852792;1;509;197;*;197000~257999;1
8435;*;*;33~40;5.016216216;1.010810811;521;185;*;197000~257999;1
8436;*;*;33~40;5.259803922;1.009803922;556;204;*;197000~257999;1
8437;*;*;41~48;5.765306122;1.025510204;503;196;*;197000~257999;1
8438;*;*;41~48;4.70212766;0.936170213;255;94;*;197000~257999;1
8439;*;*;41~48;4.905660377;1.094339623;392;106;*;197000~257999;1
8440;*;*;41~48;4.773892774;1.023310023;1191;429;*;197000~257999;1
8441;*;*;41~48;4.607565012;0.997635934;1184;423;*;197000~257999;1
8442;*;*;41~48;5.105540897;1.023746702;1136;379;*;197000~257999;1
8443;*;*;33~40;5.431623932;1.179487179;725;234;*;197000~257999;1
8444;*;*;41~48;4.296551724;0.981609195;1334;435;*;197000~257999;1
8445;*;*;33~40;6.177304965;1.003546099;812;282;*;258000~318999;1
8446;*;*;33~40;6.551587302;1.067460317;707;252;*;258000~318999;1
8447;*;*;25~32;3.254901961;1.009803922;177;102;0.0000~3.5347;197000~257999;1
8448;*;*;33~40;5.438202247;0.964419476;1463;534;*;258000~318999;1
8449;*;*;17~24;3.913654618;1.12248996;1282;498;0.0000~3.5347;197000~257999;1
8450;*;*;1~32;4.220588235;1.083333333;1675;612;0.0000~3.5347;258000~501999;1
8451;*;*;25~32;3.932835821;0.996268657;1485;536;3.5348~7.0695;197000~257999;1
8452;*;*;25~32;4.151923077;1.005769231;1331;520;3.5348~7.0695;258000~318999;1
8453;*;*;1~32;3.431693989;1.009107468;1337;549;0.0000~3.5347;258000~501999;1
8454;*;*;25~32;3.953405018;1.077658303;2299;837;0.0000~3.5347;197000~257999;1
8455;*;*;25~32;4.170854271;0.91959799;928;398;3.5348~7.0695;258000~318999;1
8456;*;*;25~32;5.105809129;1.109958506;1236;482;3.5348~7.0695;197000~257999;1
8457;*;*;33~40;5.036764706;1.098039216;1134;408;*;197000~257999;1
8458;*;*;33~40;4.902612827;1.125890736;1366;421;*;197000~257999;1
8459;*;*;25~32;4.571428571;0.974025974;565;231;3.5348~7.0695;197000~257999;1
8460;*;*;33~40;5.660194175;1.077669903;640;206;*;197000~257999;1
8461;*;*;17~24;3.860557769;1.147410359;670;251;0.0000~3.5347;136000~196999;1
8462;*;*;33~40;3.675675676;0.936936937;1106;333;*;136000~196999;1
8463;*;*;17~24;3.835221421;1.053553038;2536;971;0.0000~3.5347;197000~257999;1
8464;*;*;33~40;3.676767677;1.016835017;962;297;*;136000~196999;1
8465;*;*;1~16;3.447460595;1.229422067;2691;1142;0.0000~3.5347;136000~196999;1
8466;*;*;1~16;4.221774194;1.092741935;740;248;0.0000~3.5347;136000~196999;1
8467;*;*;1~16;2.929515419;1.068428781;7429;3405;0.0000~3.5347;136000~196999;1
8468;*;*;1~16;3.543923382;1.101387054;7211;3028;0.0000~3.5347;136000~196999;1
8469;*;*;25~32;4.896193772;1.173010381;874;289;3.5348~7.0695;136000~196999;1
8470;*;*;33~40;5.368715084;0.966480447;625;179;*;136000~196999;1
8471;*;*;33~40;5.026162791;1.151162791;1073;344;*;136000~196999;1
8472;*;*;33~40;4.372093023;0.91627907;640;215;*;136000~196999;1
8473;*;*;33~40;5.182352941;0.935294118;605;170;*;136000~196999;1
8474;*;*;33~40;4.7515625;1.0578125;1920;640;*;136000~196999;1
8475;*;*;33~40;4.623376623;0.857142857;757;231;*;136000~196999;1
8476;*;*;33~40;4.898617512;1.044546851;1882;651;*;136000~196999;1
8477;*;*;33~40;5.96803653;1.123287671;672;219;*;136000~196999;1
8478;*;*;33~40;5.602836879;0.943262411;926;282;*;136000~196999;1
8479;*;*;33~40;5.351916376;0.951219512;804;287;*;136000~196999;1
8480;*;*;33~40;6.961956522;1.190217391;710;184;*;136000~196999;1
8481;*;*;25~32;4.047817048;1.057172557;3590;962;0.0000~3.5347;136000~196999;1
8482;*;*;33~40;5.067605634;1.01971831;1293;355;*;136000~196999;1
8483;*;*;33~40;5.540322581;0.967741935;906;248;*;136000~196999;1
8484;*;*;33~40;5.402631579;1.005263158;1258;380;*;136000~196999;1
8485;*;*;25~32;6.329545455;1125;1140;352;3.5348~7.0695;136000~196999;1
8486;*;*;25~32;4.385714286;1.133333333;1491;420;0.0000~3.5347;136000~196999;1
8487;*;*;33~40;3234;986;1530;500;*;136000~196999;1
8488;*;*;25~32;4.169312169;1.058201058;891;378;0.0000~3.5347;136000~196999;1
8489;*;*;25~32;3.590909091;1.066985646;1028;418;0.0000~3.5347;136000~196999;1
8490;*;*;25~32;2.5325;985;1067;400;0.0000~3.5347;136000~196999;1
8491;*;*;25~32;4.044822257;1.032457496;1868;647;3.5348~7.0695;197000~257999;1
8492;*;*;25~32;5.049459042;1.177743431;2099;647;0.0000~3.5347;197000~257999;1
8493;*;*;1~16;3.972491909;1.069579288;1975;618;0.0000~3.5347;136000~196999;1
8494;*;*;17~24;3.668181818;1.043939394;1726;660;0.0000~3.5347;136000~196999;1
8495;*;*;25~32;3.501905972;1.09021601;1806;787;0.0000~3.5347;197000~257999;1
8496;*;*;33~40;3.773451327;1;1369;565;*;197000~257999;1
8497;*;*;33~40;3.456790123;0.985185185;1131;405;*;197000~257999;1
8498;*;*;33~40;4.049242424;1.073863636;1072;528;*;197000~257999;1
8499;*;*;25~32;4.124343257;1.021015762;1605;571;3.5348~7.0695;197000~257999;1
8500;*;*;33~40;4.178997613;1.045346062;1175;419;*;197000~257999;1
8501;*;*;17~24;4.238217652;1.054841474;3186;1167;0.0000~3.5347;197000~257999;1
8502;*;*;25~32;4.623529412;1.061764706;1510;680;0.0000~3.5347;197000~257999;1
8503;*;*;25~32;5.315589354;0.992395437;823;263;3.5348~7.0695;197000~257999;1
8504;*;*;25~32;3.7;0.945454545;807;330;3.5348~7.0695;197000~257999;1
8505;*;*;25~32;4.166666667;1.12254902;563;204;3.5348~7.0695;197000~257999;1
8506;*;*;25~32;4.186335404;1.034161491;885;322;0.0000~3.5347;136000~196999;1
8507;*;*;33~40;4.636494253;1.076149425;1881;696;*;197000~257999;1
8508;*;*;25~32;4.124361158;1.143100511;1491;587;3.5348~7.0695;197000~257999;1
8509;*;*;33~40;4.8475;1.03;1036;400;*;197000~257999;1
8510;*;*;17~24;3725;1075;686;400;0.0000~3.5347;197000~257999;1
8511;*;*;25~32;4.532956685;1.094161959;1724;531;0.0000~3.5347;136000~196999;1
8512;*;*;33~40;4.574297189;1.020080321;1257;498;*;197000~257999;1
8513;*;*;33~40;5.141486811;1.014388489;1192;417;*;197000~257999;1
8514;*;*;33~40;5.223367698;1.030927835;831;291;*;197000~257999;1
8515;*;*;33~40;4.115839243;0.973995272;1245;423;*;197000~257999;1
8516;*;*;33~40;4.068459658;0.980440098;1316;409;*;197000~257999;1
8517;*;*;41~48;4.209606987;0.989082969;1323;458;*;197000~257999;1
8518;*;*;41~48;5.220883534;1.012048193;695;249;*;197000~257999;1
8519;*;*;33~40;5.43699187;1.138211382;1270;492;*;197000~257999;1
8520;*;*;17~24;3.783954155;1.136962751;5546;1745;0.0000~3.5347;136000~196999;1
8521;*;*;17~24;4.85801217;1.010141988;1309;493;3.5348~7.0695;197000~257999;1
8522;*;*;33~40;4.593220339;0.889830508;355;118;*;197000~257999;1
8523;*;*;33~40;4.577075099;0.865612648;628;253;*;197000~257999;1
8524;*;*;33~40;5.141762452;0.992337165;706;261;*;197000~257999;1
8525;*;*;33~40;5.266106443;1.011204482;982;357;*;197000~257999;1
8526;*;*;41~48;5.934640523;1.104575163;897;306;*;197000~257999;1
8527;*;*;33~40;5.375280899;0.997752809;1346;445;*;197000~257999;1
8528;*;*;33~40;5.375886525;0.971631206;1232;423;*;197000~257999;1
8529;*;*;1~16;3.60875;1.06625;2197;800;0.0000~3.5347;197000~257999;1
8530;*;*;25~32;5.390243902;1.515679443;956;287;0.0000~3.5347;197000~257999;1
8531;*;*;25~32;4.10460251;0.928870293;734;239;3.5348~7.0695;197000~257999;1
8532;*;*;25~32;4.298245614;1.035087719;2175;684;3.5348~7.0695;197000~257999;1
8533;*;*;33~40;4.64;1032;1249;375;*;197000~257999;1
8534;*;*;41~48;4.118541033;1.060790274;655;329;*;197000~257999;1
8535;*;*;17~24;4.676348548;1.190871369;697;241;0.0000~3.5347;197000~257999;1
8536;*;*;25~32;4.186813187;1.095238095;776;273;3.5348~7.0695;197000~257999;1
8537;*;*;33~40;4.054245283;1.004716981;1266;424;*;197000~257999;1
8538;*;*;33~40;3.838383838;0.878787879;723;198;*;197000~257999;1
8539;*;*;17~24;3.957845433;1.079625293;2276;854;3.5348~7.0695;197000~257999;1
8540;*;*;25~32;4.37808642;1.055555556;2141;648;0.0000~3.5347;197000~257999;1
8541;*;*;33~40;4.604206501;1.021032505;1644;523;*;197000~257999;1
8542;*;*;1~32;4.262987013;1.035714286;827;308;0.0000~3.5347;258000~501999;1
8543;*;*;1~32;4.530254777;1.130573248;1611;628;0.0000~3.5347;258000~501999;1
8544;*;*;1~32;4.836236934;1.170731707;930;287;0.0000~3.5347;258000~501999;1
8545;*;*;25~32;4.946043165;1.028776978;829;278;3.5348~7.0695;197000~257999;1
8546;*;*;25~32;4.27294686;1.062801932;1371;414;0.0000~3.5347;197000~257999;1
8547;*;*;33~40;4.522857143;1.174285714;1097;350;*;197000~257999;1
8548;*;*;41~48;4.215116279;1.063953488;493;172;*;197000~257999;1
8549;*;*;41~48;4.644067797;1.016949153;480;177;*;197000~257999;1
8550;*;*;33~40;4.059585492;0.937823834;1054;386;*;197000~257999;1
8551;*;*;25~32;4.121468927;1.02259887;1150;354;0.0000~3.5347;197000~257999;1
8552;*;*;33~40;4.950391645;1.08616188;950;383;*;197000~257999;0
8553;*;*;25~32;4.907834101;0.99078341;887;217;3.5348~7.0695;258000~318999;0
8554;*;*;41~48;3.47826087;0.869565217;61;23;*;197000~257999;1
8555;*;*;25~32;5.134275618;0.957597173;695;283;3.5348~7.0695;319000~379999;1
8556;*;*;25~32;5.29588015;1.177902622;1313;534;3.5348~7.0695;319000~379999;1
8557;*;*;33~40;4.926666667;0.993333333;1000;450;*;319000~379999;1
8558;*;*;33~40;5.37641357;1.009693053;1455;619;*;319000~379999;1
8559;*;*;25~32;4.666666667;1.093693694;1132;555;3.5348~7.0695;319000~379999;1
8560;*;*;17~24;4.223826715;1.054151625;1141;554;3.5348~7.0695;319000~379999;1
8561;*;*;17~24;4.426056338;1.065140845;1225;568;3.5348~7.0695;319000~379999;1
8562;*;*;33~40;5748;1088;590;250;*;319000~379999;1
8563;*;*;25~32;4.186588921;1.16909621;674;343;3.5348~7.0695;258000~318999;1
8564;*;*;25~32;4.608638743;1.115183246;1524;764;3.5348~7.0695;319000~379999;1
8565;*;*;41~48;5.85198556;1.007220217;756;277;*;319000~379999;1
8566;*;*;33~40;4.898360656;0.991803279;1466;610;*;319000~379999;1
8567;*;*;25~32;4.881230117;1.053022269;2191;943;3.5348~7.0695;380000~501999;1
8568;*;*;25~32;4.23956044;1.149450549;686;455;3.5348~7.0695;380000~501999;1
8569;*;*;25~32;4.711656442;1.156441718;553;326;3.5348~7.0695;380000~501999;1
8570;*;*;33~40;6.204176334;1.009280742;1087;431;*;441000~501999;1
8571;*;*;33~40;6.554666667;1.066666667;920;375;*;441000~501999;1
8572;*;*;33~40;6.081578947;1.063157895;1044;380;*;441000~501999;1
8573;*;*;33~40;5.811965812;0.957264957;926;351;*;441000~501999;1
8574;*;*;33~40;5.062656642;1.130325815;724;399;*;441000~501999;0
8575;*;*;33~40;4.635294118;1.014705882;662;340;*;441000~501999;1
8576;*;*;41~48;4.709459459;1.084459459;552;296;*;380000~501999;1
8577;*;*;25~32;4.314199396;0.966767372;677;331;7.0696~10.6043;*;1
8578;*;*;33~40;4.047457627;0.989830508;507;295;*;441000~501999;1
8579;*;*;33~40;5.41038961;1.075324675;1600;770;*;441000~501999;1
8580;*;*;33~40;4.989881956;1.077571669;1143;593;*;441000~501999;1
8581;*;*;25~32;4875;1.118055556;236;144;3.5348~7.0695;380000~501999;1
8582;*;*;33~40;6.547945205;1.063926941;1098;438;*;441000~501999;1
8583;*;*;33~40;5.734643735;1.056511057;1033;407;*;441000~501999;1
8584;*;*;25~32;6.147058824;1.033613445;1149;476;7.0696~10.6043;*;1
8585;*;*;33~40;6.950980392;1.026143791;807;306;*;441000~501999;1
8586;*;*;1~16;6.008356546;1.009749304;1699;718;7.0696~10.6043;*;1
8587;*;*;33~40;5.698717949;1.057692308;732;312;*;319000~379999;1
8588;*;*;25~32;6.042959427;1.107398568;1056;419;3.5348~7.0695;380000~501999;1
8589;*;*;33~40;5.894904459;1.057324841;750;314;*;380000~440999;1
8590;*;*;33~40;5.619047619;0.972789116;389;147;*;380000~440999;1
8591;*;*;33~40;5.815384615;0.938461538;371;130;*;319000~379999;1
8592;*;*;41~48;5.51417004;0.95951417;709;247;*;319000~379999;1
8593;*;*;41~48;5.23715415;0.968379447;669;253;*;319000~379999;1
8594;*;*;17~24;6.113924051;1.088607595;417;158;3.5348~7.0695;319000~379999;1
8595;*;*;33~40;6.050691244;1.124423963;561;217;*;319000~379999;1
8596;*;*;17~24;5.699788584;1.158562368;1142;473;3.5348~7.0695;319000~379999;1
8597;*;*;17~24;4.907444668;0.953722334;1219;497;3.5348~7.0695;319000~379999;1
8598;*;*;25~32;4.956692913;1.068897638;1107;508;3.5348~7.0695;258000~318999;1
8599;*;*;17~24;4.617647059;1.056985294;1275;544;3.5348~7.0695;258000~318999;1
8600;*;*;17~24;5.368794326;1.04964539;361;141;3.5348~7.0695;258000~318999;1
8601;*;*;25~32;5.162079511;1.012232416;811;327;3.5348~7.0695;319000~379999;1
8602;*;*;25~32;4.907725322;1.053648069;1101;466;3.5348~7.0695;258000~318999;1
8603;*;*;25~32;5.388297872;1.074468085;1421;564;3.5348~7.0695;319000~379999;1
8604;*;*;25~32;4.99047619;1.00952381;1282;525;3.5348~7.0695;319000~379999;1
8605;*;*;17~24;3.850533808;1.035587189;598;281;3.5348~7.0695;258000~318999;1
8606;*;*;1~32;3.92936803;1.005576208;1300;538;0.0000~3.5347;258000~501999;1
8607;*;*;17~24;5.810623557;1.120092379;1128;433;3.5348~7.0695;319000~379999;1
8608;*;*;1~32;4.188760807;1.04610951;1573;694;0.0000~3.5347;258000~501999;1
8609;*;*;33~40;4.909930716;1.002309469;1044;433;*;258000~318999;1
8610;*;*;33~40;6.096551724;1.082758621;802;290;*;258000~318999;1
8611;*;*;33~40;6.175496689;1.142384106;963;302;*;258000~318999;1
8612;*;*;25~32;5.075614367;1.098298677;1243;529;3.5348~7.0695;319000~379999;1
8613;*;*;17~24;5.137640449;0.929775281;891;356;3.5348~7.0695;319000~379999;1
8614;*;*;17~24;4.487567568;1.100540541;2054;925;3.5348~7.0695;258000~318999;1
8615;*;*;17~24;4.787307033;0.993138937;1467;583;3.5348~7.0695;319000~379999;1
8616;*;*;17~24;5.751807229;1.007228916;1008;415;3.5348~7.0695;319000~379999;1
8617;*;*;17~24;5.804920914;1.026362039;1329;569;7.0696~10.6043;*;1
8618;*;*;9~16;6.200585652;1.0761347;1798;683;3.5348~7.0695;258000~501999;1
8619;*;*;25~32;6.277027027;1.06981982;1182;444;3.5348~7.0695;319000~379999;1
8620;*;*;17~24;5.763837638;1.033210332;1312;542;3.5348~7.0695;319000~379999;1
8621;*;*;1~16;5.387878788;0.942424242;908;330;7.0696~10.6043;*;1
8622;*;*;33~40;5.520775623;1.027700831;918;361;*;319000~379999;1
8623;*;*;33~40;5.514814815;1.044444444;743;270;*;441000~501999;1
8624;*;*;33~40;5.960912052;1.026058632;822;307;*;441000~501999;1
8625;*;*;33~40;6.178217822;0.957920792;1098;404;*;441000~501999;1
8626;*;*;33~40;5.71884058;1.063768116;843;345;*;441000~501999;1
8627;*;*;33~40;6.112980769;1.055288462;1098;416;*;441000~501999;1
8628;*;*;25~32;5.590733591;0.942084942;607;259;7.0696~10.6043;*;1
8629;*;*;33~40;6.633507853;1.130890052;521;191;*;441000~501999;1
8630;*;*;33~40;5.926540284;1.049763033;1031;422;*;441000~501999;1
8631;*;*;33~40;6.117408907;0.975708502;1278;494;*;441000~501999;1
8632;*;*;33~40;8.251336898;1.144385027;474;187;*;441000~501999;1
8633;*;*;33~40;6.374545455;1.076363636;615;275;*;441000~501999;1
8634;*;*;33~40;5.192307692;1.028846154;213;104;*;441000~501999;1
8635;*;*;33~40;5.408163265;0.974489796;444;196;*;441000~501999;1
8636;*;*;41~48;5.702517162;1.027459954;1033;437;*;380000~501999;1
8637;*;*;33~40;4.074889868;1.118942731;371;227;*;441000~501999;1
8638;*;*;33~40;5.571969697;1.166666667;498;264;*;441000~501999;1
8639;*;*;41~48;4.982352941;1.017647059;344;170;*;380000~501999;0
8640;*;*;25~32;4.81492109;1.033715925;2803;1394;3.5348~7.0695;380000~501999;1
8641;*;*;33~40;5.46803653;1.070776256;1087;438;*;380000~440999;1
8642;*;*;33~40;4.261904762;1.035714286;162;84;*;441000~501999;0
8643;*;*;41~48;4.636085627;1.042813456;634;327;*;380000~501999;1
8644;*;*;33~40;4.361038961;0.966233766;719;385;*;441000~501999;1
8645;*;*;33~40;6.117346939;1.099489796;911;392;*;441000~501999;1
8646;*;*;41~48;4.434322034;1.052966102;842;472;*;380000~501999;1
8647;*;*;33~40;4.325997249;1.081155433;1352;727;*;441000~501999;1
8648;*;*;41~48;4.630573248;1.072186837;965;471;*;380000~501999;1
8649;*;*;33~40;5.402745995;1.011441648;915;437;*;380000~440999;1
8650;*;*;25~32;4.586818758;0.968314322;1735;789;3.5348~7.0695;319000~379999;1
8651;*;*;17~24;4.200704225;1.024647887;1152;568;3.5348~7.0695;380000~501999;1
8652;*;*;17~24;4.144810941;1.098149638;2286;1243;3.5348~7.0695;380000~501999;1
8653;*;*;25~32;4.263803681;1.08997955;919;489;3.5348~7.0695;380000~501999;1
8654;*;*;41~48;4.277246654;1.141491396;938;523;*;380000~501999;1
8655;*;*;41~48;3.658198614;1.101616628;799;433;*;380000~501999;0
8656;*;*;25~32;5.005649718;1.048587571;2131;885;3.5348~7.0695;319000~379999;1
8657;*;*;25~32;5.203240059;1.073637703;1647;679;3.5348~7.0695;380000~501999;1
8658;*;*;17~24;5.307038835;1.057038835;1830;824;3.5348~7.0695;319000~379999;1
8659;*;*;9~16;3.422582448;1.111794298;2853;1789;3.5348~7.0695;258000~501999;0
8660;*;*;17~24;4.721407625;1.11143695;670;341;3.5348~7.0695;319000~379999;1
8661;*;*;25~32;5.170098478;1.028648165;2637;1117;3.5348~7.0695;319000~379999;1
8662;*;*;17~24;4.357005758;0.955854127;1070;521;3.5348~7.0695;380000~501999;1
8663;*;*;33~40;6.067193676;1.126482213;1264;506;*;380000~440999;1
8664;*;*;25~32;5.332713755;1.053903346;1157;538;3.5348~7.0695;319000~379999;1
8665;*;*;9~16;4.672967864;1.081285444;965;529;3.5348~7.0695;258000~501999;1
8666;*;*;17~24;4.216032609;1.094429348;2455;1472;3.5348~7.0695;380000~501999;0
8667;*;*;25~32;3.998073218;1.038535645;954;519;3.5348~7.0695;380000~501999;0
8668;*;*;25~32;4.146135266;1.108695652;1526;828;3.5348~7.0695;380000~501999;0
8669;*;*;33~40;3.679442509;1.069686411;946;574;*;441000~501999;0
8670;*;*;25~32;4.622331691;0.996715928;1338;609;3.5348~7.0695;380000~501999;1
8671;*;*;33~40;5.18336163;1.057724958;1311;589;*;380000~440999;0
8672;*;*;33~40;5.857777778;1.053333333;547;225;*;380000~440999;0
8673;*;*;33~40;5.198067633;1.096618357;902;414;*;380000~440999;1
8674;*;*;33~40;4.31124498;1.014056225;1371;498;*;258000~318999;1
8675;*;*;25~32;5.197513812;1.052486188;1967;724;3.5348~7.0695;258000~318999;1
8676;*;*;33~40;5.699059561;1.062695925;828;319;*;258000~318999;1
8677;*;*;33~40;5.414414414;1.024024024;947;333;*;258000~318999;1
8678;*;*;33~40;5.585657371;1.011952191;722;251;*;258000~318999;1
8679;*;*;1~32;4.266666667;1.020689655;899;435;0.0000~3.5347;258000~501999;1
8680;*;*;33~40;3.684057971;1.002898551;811;345;*;258000~318999;1
8681;*;*;41~48;5.443609023;1;373;133;*;258000~318999;1
8682;*;*;25~32;4.213174748;1.086916743;2558;1093;3.5348~7.0695;258000~318999;1
8683;*;*;25~32;4.366433566;1.016783217;1885;715;3.5348~7.0695;258000~318999;1
8684;*;*;25~32;5.3568;1112;1545;625;3.5348~7.0695;258000~318999;1
8685;*;*;25~32;6.372159091;1.025568182;1051;352;3.5348~7.0695;319000~379999;1
8686;*;*;25~32;5.369799692;1.044684129;1715;649;3.5348~7.0695;258000~318999;1
8687;*;*;33~40;5.639810427;0.957345972;1212;422;*;258000~318999;1
8688;*;*;33~40;5.04245283;1.023584906;601;212;*;197000~257999;1
8689;*;*;33~40;5.506203474;1.007444169;1219;403;*;258000~318999;1
8690;*;*;33~40;5.423357664;0.934306569;385;137;*;258000~318999;1
8691;*;*;33~40;5.322580645;0.967741935;269;93;*;197000~257999;1
8692;*;*;33~40;5.252873563;1.011494253;519;174;*;197000~257999;1
8693;*;*;33~40;5.693333333;1.066666667;473;150;*;258000~318999;1
8694;*;*;33~40;5.165853659;1.063414634;561;205;*;197000~257999;1
8695;*;*;33~40;5.912234043;0.957446809;1162;376;*;258000~318999;1
8696;*;*;33~40;5.595375723;0.99132948;1008;346;*;258000~318999;1
8697;*;*;25~32;5.625954198;1.080152672;1445;524;3.5348~7.0695;258000~318999;1
8698;*;*;33~40;4.896551724;0.986206897;886;290;*;258000~318999;1
8699;*;*;33~40;5.844720497;1.035196687;1429;483;*;258000~318999;1
8700;*;*;25~32;4.111702128;1.026595745;1369;564;3.5348~7.0695;197000~257999;1
8701;*;*;25~32;4.652466368;1.038116592;1216;446;3.5348~7.0695;258000~318999;1
8702;*;*;17~24;5.11722488;1.150717703;971;418;3.5348~7.0695;258000~318999;1
8703;*;*;33~40;6.169960474;0.996047431;740;253;*;258000~318999;1
8704;*;*;33~40;5.567346939;1.024489796;668;245;*;258000~318999;1
8705;*;*;33~40;6.090909091;1;676;231;*;319000~379999;1
8706;*;*;33~40;5.352583587;1;965;329;*;319000~379999;1
8707;*;*;33~40;5.663551402;1.099688474;853;321;*;319000~379999;1
8708;*;*;33~40;5.836448598;1.018691589;583;214;*;319000~379999;1
8709;*;*;33~40;6.124567474;1.006920415;916;289;*;319000~379999;1
8710;*;*;33~40;6.745945946;1.113513514;551;185;*;319000~379999;1
8711;*;*;33~40;6.347031963;1.050228311;683;219;*;319000~379999;1
8712;*;*;33~40;5.3203125;0.953125;360;128;*;319000~379999;1
8713;*;*;33~40;5.833333333;0.975845411;1278;414;*;319000~379999;1
8714;*;*;33~40;6.873417722;1.246835443;509;158;*;319000~379999;1
8715;*;*;25~32;5.57185332;0.989098117;2537;1009;3.5348~7.0695;380000~501999;1
8716;*;*;17~24;3.728847246;1.044860875;7180;3522;3.5348~7.0695;319000~379999;1
8717;*;*;17~24;3.881606765;1.116983791;6664;2838;3.5348~7.0695;319000~379999;1
8718;*;*;25~32;5.993453355;0.95908347;1626;611;3.5348~7.0695;380000~501999;1
8719;*;*;25~32;5.836330935;1.088129496;1572;556;3.5348~7.0695;319000~379999;1
8720;*;*;33~40;6.406976744;1.122093023;522;172;*;319000~379999;1
8721;*;*;33~40;5.533333333;1;943;300;*;319000~379999;1
8722;*;*;33~40;5.755474453;1.018248175;743;274;*;319000~379999;1
8723;*;*;33~40;5.496932515;0.987730061;978;326;*;319000~379999;1
8724;*;*;33~40;6.350230415;1.138248848;645;217;*;319000~379999;1
8725;*;*;33~40;5.771428571;0.993877551;1439;490;*;319000~379999;1
8726;*;*;33~40;5.666666667;0.971830986;601;213;*;319000~379999;1
8727;*;*;25~32;5.421052632;1.015479876;819;323;3.5348~7.0695;319000~379999;1
8728;*;*;1~8;5.167657551;1.061831153;5272;2523;3.5348~7.0695;258000~501999;1
8729;*;*;41~48;4.251351351;1.040540541;1859;740;*;197000~257999;1
8730;*;*;49~56;4.29009434;1.094339623;1068;424;*;258000~318999;1
8731;*;*;49~56;4.667315175;1.003891051;1160;514;*;258000~318999;1
8732;*;*;41~48;3.941644562;1.114058355;897;377;*;319000~379999;1
8733;*;*;49~56;2.974358974;1.329059829;382;234;*;197000~257999;1
8734;*;*;41~48;4.492331288;1.15797546;1635;652;*;258000~318999;1
8735;*;*;33~40;4.945714286;1.162857143;1902;700;*;258000~318999;1
8736;*;*;17~24;4.54676259;0.947242206;2105;834;3.5348~7.0695;258000~318999;1
8737;*;*;33~40;5.041284404;0.974770642;1160;436;*;319000~379999;1
8738;*;*;25~32;6.220159151;1.082228117;1195;377;3.5348~7.0695;319000~379999;1
8739;*;*;17~24;5.544303797;1.052039381;1679;711;3.5348~7.0695;319000~379999;1
8740;*;*;25~32;5.036931818;1.011363636;905;352;3.5348~7.0695;319000~379999;1
8741;*;*;25~32;5.082514735;1.00589391;1219;509;3.5348~7.0695;380000~501999;1
8742;*;*;17~24;6.349367089;1.017721519;1254;395;7.0696~10.6043;*;1
8743;*;*;25~32;5.075829384;1.05450237;1140;422;3.5348~7.0695;319000~379999;1
8744;*;*;25~32;5.869444444;1.055555556;1109;360;3.5348~7.0695;319000~379999;1
8745;*;*;25~32;5.954206603;0.994675186;2824;939;3.5348~7.0695;380000~501999;1
8746;*;*;25~32;5.294043093;1.054499366;2123;789;3.5348~7.0695;380000~501999;1
8747;*;*;25~32;4.642813456;1.04587156;3420;1635;3.5348~7.0695;319000~379999;1
8748;*;*;33~40;6.088737201;1.061433447;901;293;*;319000~379999;1
8749;*;*;33~40;6.335600907;1.006802721;1319;441;*;380000~440999;1
8750;*;*;33~40;5.808962264;1.054245283;1125;424;*;319000~379999;1
8751;*;*;33~40;6.259067358;1.020725389;1115;386;*;319000~379999;1
8752;*;*;33~40;5.79144385;1;522;187;*;319000~379999;1
8753;*;*;1~32;4.169491525;1.059725585;2738;1239;0.0000~3.5347;258000~501999;1
8754;*;*;25~32;6.090909091;1.363636364;49;11;3.5348~7.0695;319000~379999;1
8755;*;*;25~32;4.651234568;1.040123457;4458;1944;3.5348~7.0695;319000~379999;1
8756;*;*;25~32;5.097087379;0.970873786;881;309;3.5348~7.0695;319000~379999;1
8757;*;*;33~40;6.026706231;1.005934718;817;337;*;441000~501999;0
8758;*;*;33~40;6.297587131;1.091152815;954;373;*;441000~501999;0
8759;*;*;17~24;6.76369863;1.047945205;703;292;7.0696~10.6043;*;0
8760;*;*;33~40;4.290010741;1.063372718;1647;931;*;441000~501999;0
8761;*;*;33~40;4.978142077;0.994535519;750;366;*;441000~501999;0
8762;*;*;33~40;4.530737705;1.028688525;1113;488;*;319000~379999;1
8763;*;*;33~40;6.760695187;1.056149733;2021;748;*;441000~501999;0
8764;*;*;33~40;6.138755981;1;563;209;*;441000~501999;0
8765;*;*;41~48;6.794964029;1.082733813;802;278;*;380000~501999;0
8766;*;*;33~40;6.451612903;1.002688172;877;372;*;441000~501999;0
8767;*;*;33~40;6.035928144;0.988023952;391;167;*;441000~501999;0
8768;*;*;33~40;6.023668639;0.875739645;329;169;*;441000~501999;0
8769;*;*;25~32;4.871254162;0.968923418;2069;901;3.5348~7.0695;319000~379999;1
8770;*;*;33~40;5.774193548;0.991935484;388;124;*;319000~379999;1
8771;*;*;33~40;4.402035623;1.086513995;1008;393;*;319000~379999;1
8772;*;*;33~40;5.526448363;1.181360202;987;397;*;258000~318999;1
8773;*;*;25~32;5.031578947;1.038596491;672;285;3.5348~7.0695;258000~318999;1
8774;*;*;17~24;5.784386617;1.026951673;3152;1076;3.5348~7.0695;380000~501999;1
8775;*;*;25~32;5.017953321;1.026929982;1469;557;3.5348~7.0695;258000~318999;1
8776;*;*;25~32;4.785294118;1.054411765;1593;680;3.5348~7.0695;258000~318999;1
8777;*;*;33~40;4.320754717;1.062264151;1374;530;*;197000~257999;1
8778;*;*;25~32;4.713833157;1.046462513;2420;947;3.5348~7.0695;258000~318999;1
8779;*;*;33~40;5.089928058;1.071942446;729;278;*;197000~257999;1
8780;*;*;33~40;4.857142857;1.093023256;1675;602;*;258000~318999;1
8781;*;*;25~32;4.879098361;0.956967213;1264;488;3.5348~7.0695;258000~318999;1
8782;*;*;1~32;4.501564129;1.081334724;2102;959;0.0000~3.5347;258000~501999;1
8783;*;*;33~40;5.266447368;1.157894737;711;304;*;197000~257999;1
8784;*;*;25~32;5.583638584;1;2411;819;3.5348~7.0695;380000~501999;1
8785;*;*;17~24;4.233418367;1.042091837;3240;1568;3.5348~7.0695;258000~318999;1
8786;*;*;25~32;6.954545455;1.026515152;4168;1584;7.0696~10.6043;*;0
8787;*;*;33~40;7.733532934;1.053892216;2071;668;*;441000~501999;0
8788;*;*;33~40;7.156950673;1.049327354;654;223;*;441000~501999;0
8789;*;*;33~40;6.496183206;1.017811705;1042;393;*;441000~501999;0
8790;*;*;33~40;7.010666667;984;966;375;*;441000~501999;0
8791;*;*;33~40;7.084935897;1125;1433;624;*;441000~501999;0
8792;*;*;1~32;8.324090121;0.996533795;1490;577;10.6044~16.0000;*;0
8793;*;*;1~32;7.989110708;1.021778584;1582;551;10.6044~16.0000;*;0
8794;*;*;1~32;8.73540146;1.025547445;1653;548;10.6044~16.0000;*;0
8795;*;*;1~32;8.920833333;1.083333333;635;240;10.6044~16.0000;*;0
8796;*;*;17~24;7.985200846;1.04756871;2808;946;7.0696~10.6043;*;0
8797;*;*;25~32;7.83887468;1.038363171;1101;391;7.0696~10.6043;*;0
8798;*;*;33~40;6.976666667;1.01;802;300;*;441000~501999;0
8799;*;*;25~32;7.203409091;0.995454545;2540;880;7.0696~10.6043;*;0
8800;*;*;17~24;7.548537234;1.021941489;4649;1504;7.0696~10.6043;*;0
8801;*;*;17~24;5.359765051;1.080274107;4713;2043;3.5348~7.0695;380000~501999;0
8802;*;*;25~32;6.627538071;1.027918782;4474;1576;7.0696~10.6043;*;0
8803;*;*;25~32;6.335443038;0.982278481;2357;790;7.0696~10.6043;*;0
8804;*;*;17~24;7.058988764;1.04494382;6897;2492;7.0696~10.6043;*;0
8805;*;*;33~40;8.783018868;1.059748428;1871;636;*;441000~501999;0
8806;*;*;25~32;7.307420495;1;3392;1132;7.0696~10.6043;*;0
8807;*;*;17~24;7.141501294;1.113028473;3176;1159;7.0696~10.6043;*;0
8808;*;*;17~24;5.23245614;1.021929825;475;228;7.0696~10.6043;*;0
8809;*;*;1~16;6.760869565;1.108695652;128;46;7.0696~10.6043;*;0
8810;*;*;17~24;6.170940171;1.021367521;2757;936;3.5348~7.0695;380000~501999;1
8811;*;*;25~32;6.23922114;0.986091794;1873;719;3.5348~7.0695;380000~501999;1
8812;*;*;33~40;5.940919037;1.037199125;1303;457;*;319000~379999;0
8813;*;*;33~40;6.268096515;1.053619303;1031;373;*;380000~440999;0
8814;*;*;33~40;7.619389587;1.068222621;1534;557;*;441000~501999;0
8815;*;*;33~40;7.741602067;1.028423773;1048;387;*;441000~501999;0
8816;*;*;33~40;7.605633803;0.950704225;366;142;*;441000~501999;0
8817;*;*;17~24;7.564516129;0.985111663;2248;806;7.0696~10.6043;*;0
8818;*;*;33~40;5.91509434;0.896226415;259;106;*;441000~501999;1
8819;*;*;33~40;2.866799205;0.996023857;998;503;*;197000~257999;1
8820;*;*;33~40;3.354131535;1.069139966;1108;593;*;258000~318999;1
8821;*;*;33~40;3.4110971;0.989911728;1526;793;*;258000~318999;1
8822;*;*;33~40;3.374622356;1.040785498;1334;662;*;197000~257999;1
8823;*;*;33~40;3.359430605;1.047449585;1594;843;*;258000~318999;1
8824;*;*;33~40;3.766899767;1.083916084;773;429;*;258000~318999;1
8825;*;*;33~40;3.053791887;1.031746032;1845;1134;*;197000~257999;1
8826;*;*;1~32;3.277158774;1.013927577;1365;718;0.0000~3.5347;258000~501999;1
8827;*;*;33~40;3.66013409;1.036616813;2913;1939;*;258000~318999;1
8828;*;*;33~40;2.97008547;0.978632479;874;468;*;197000~257999;1
8829;*;*;1~32;3.778911565;1.020408163;526;294;0.0000~3.5347;258000~501999;1
8830;*;*;33~40;4.365695793;1.113268608;547;309;*;380000~440999;1
8831;*;*;33~40;3.586655818;1.053702197;1690;1229;*;258000~318999;1
8832;*;*;33~40;3.781212842;1.028537455;1347;841;*;441000~501999;1
8833;*;*;25~32;3.617094017;1.041025641;2559;1755;0.0000~3.5347;197000~257999;1
8834;*;*;1~32;3.62991453;1.070940171;1766;1170;0.0000~3.5347;258000~501999;1
8835;*;*;17~24;4.285714286;1.170068027;257;147;3.5348~7.0695;380000~501999;1
8836;*;*;1~32;3.879432624;1.065602837;1847;1128;0.0000~3.5347;258000~501999;1
8837;*;*;49~56;4.274566474;1.040462428;652;346;*;380000~440999;1
8838;*;*;1~32;3.639581657;1.055510861;1910;1243;0.0000~3.5347;258000~501999;1
8839;*;*;49~56;4.411347518;1.078014184;444;282;*;380000~440999;1
8840;*;*;41~48;4.643939394;1.090909091;370;264;*;380000~501999;1
8841;*;*;17~24;3.63412489;1.071679859;3148;2274;3.5348~7.0695;258000~318999;1
8842;*;*;1~32;3.279508197;1.108196721;1799;1220;0.0000~3.5347;258000~501999;1
8843;*;*;25~32;3.930720146;1.106654512;1634;1097;3.5348~7.0695;319000~379999;1
8844;*;*;25~32;4.282846715;1.109489051;785;548;3.5348~7.0695;380000~501999;1
8845;*;*;1~32;3.966666667;1.095238095;349;210;0.0000~3.5347;258000~501999;1
8846;*;*;1~32;7.651923077;0.980769231;1351;520;10.6044~16.0000;*;1
8847;*;*;41~48;10.37065637;1.092664093;857;259;*;380000~501999;1
8848;*;*;49~56;8.907582938;1.099526066;1407;422;*;441000~501999;1
8849;*;*;49~56;9.237288136;1.062953995;1266;413;*;441000~501999;1
8850;*;*;33~40;9.333333333;1.037800687;809;291;*;441000~501999;1
8851;*;*;33~40;9.6;1.059459459;1024;370;*;441000~501999;1
8852;*;*;41~48;9.72983871;1.052419355;770;248;*;380000~501999;1
8853;*;*;49~56;9.867036011;1.091412742;1163;361;*;441000~501999;1
8854;*;*;49~56;8.710144928;1.028985507;408;138;*;441000~501999;1
8855;*;*;41~48;4.989304813;1.062388592;1235;561;*;380000~501999;1
8856;*;*;33~40;4.573770492;1.105263158;2243;1159;*;441000~501999;1
8857;*;*;41~48;5.572695035;0.980496454;1153;564;*;380000~501999;1
8858;*;*;25~32;4.345394737;1125;2665;1520;3.5348~7.0695;380000~501999;1
8859;*;*;1~32;4.173076923;1.140384615;850;520;0.0000~3.5347;258000~501999;1
8860;*;*;33~40;4.550684932;1.082191781;690;365;*;441000~501999;1
8861;*;*;49~56;5.826254826;1.123552124;690;259;*;441000~501999;1
8862;*;*;49~56;6.25257732;1;503;194;*;441000~501999;1
8863;*;*;49~56;6.395121951;1.058536585;578;205;*;441000~501999;1
8864;*;*;41~48;4.918848168;1.039267016;873;382;*;380000~501999;1
8865;*;*;33~40;4.548929664;1.077981651;1291;654;*;441000~501999;1
8866;*;*;33~40;4.346508564;1.09486166;1649;759;*;441000~501999;1
8867;*;*;33~40;4.511933174;1.04176611;1725;838;*;441000~501999;1
8868;*;*;41~48;4.117249154;1.090191657;1438;887;*;380000~501999;1
8869;*;*;49~56;6.588028169;1.147887324;646;284;*;441000~501999;1
8870;*;*;49~56;7.166189112;1.037249284;748;349;*;441000~501999;1
8871;*;*;41~48;5.266798419;1.098814229;1015;506;*;380000~501999;1
8872;*;*;41~48;5.15376677;1.090815273;1830;969;*;380000~501999;1
8873;*;*;41~48;5.217162872;1.096322242;1076;571;*;380000~501999;1
8874;*;*;49~56;7.285714286;1.214285714;1154;28;*;441000~501999;1
8875;*;*;49~56;8.948148148;1.077777778;810;270;*;441000~501999;1
8876;*;*;49~56;7.660766962;1.002949853;964;339;*;441000~501999;1
8877;*;*;41~48;7.781045752;1.12745098;859;306;*;380000~501999;1
8878;*;*;49~56;8;0.997333333;1143;375;*;441000~501999;1
8879;*;*;49~56;8.061371841;1.144404332;769;277;*;441000~501999;1
8880;*;*;25~32;4.684331797;1.09562212;1532;868;3.5348~7.0695;380000~501999;1
8881;*;*;25~32;4.694797688;1.071676301;1487;865;3.5348~7.0695;380000~501999;1
8882;*;*;33~40;7.764044944;0.938202247;483;178;*;441000~501999;1
8883;*;*;49~56;8.096774194;1.11827957;547;186;*;441000~501999;1
8884;*;*;49~56;7.070247934;1.012396694;671;242;*;441000~501999;1
8885;*;*;41~48;6.045070423;1.109859155;851;355;*;380000~501999;1
8886;*;*;33~40;4.411700975;0.980498375;1468;923;*;441000~501999;1
8887;*;*;17~24;4.703868104;1.112872543;2713;1577;3.5348~7.0695;380000~501999;1
8888;*;*;25~32;3.97829582;1.039389068;1985;1244;3.5348~7.0695;380000~501999;1
8889;*;*;25~32;3.74852768;1.050647821;2767;1698;3.5348~7.0695;380000~501999;1
8890;*;*;1~32;3.521019986;1.021364576;2313;1451;0.0000~3.5347;258000~501999;1
8891;*;*;1~32;3.100742312;1.074231177;1492;943;0.0000~3.5347;258000~501999;1
8892;*;*;33~40;3.349425287;1.073563218;1334;870;*;319000~379999;1
8893;*;*;1~32;4.355450237;1.165876777;1014;633;0.0000~3.5347;258000~501999;1
8894;*;*;25~32;4.60645933;1.076555024;1456;836;3.5348~7.0695;380000~501999;1
8895;*;*;25~32;4.234899329;1.084563758;1208;745;3.5348~7.0695;380000~501999;1
8896;*;*;25~32;4.0144435;1.006796941;1945;1177;3.5348~7.0695;380000~501999;1
8897;*;*;1~32;4.002232143;1.0625;1143;448;0.0000~3.5347;258000~501999;1
8898;*;*;1~32;3.748159057;1.107511046;1548;679;0.0000~3.5347;258000~501999;1
8899;*;*;1~32;3.416141236;1.007566204;1238;793;0.0000~3.5347;258000~501999;1
8900;*;*;41~48;7.061371841;1;724;277;*;380000~501999;1
8901;*;*;49~56;5.47826087;1.073913043;1435;690;*;441000~501999;1
8902;*;*;33~40;5.324427481;1.08778626;610;262;*;441000~501999;1
8903;*;*;33~40;5078;1.07;979;500;*;441000~501999;1
8904;*;*;25~32;4.120396601;1.059490085;1310;706;3.5348~7.0695;319000~379999;1
8905;*;*;1~32;4.086486486;1.059459459;1323;740;0.0000~3.5347;258000~501999;1
8906;*;*;33~40;4.08;1.069333333;1074;375;*;380000~440999;1
8907;*;*;25~32;3.993924666;1.071688943;1523;823;3.5348~7.0695;258000~318999;1
8908;*;*;25~32;4.2272;1.0896;1303;625;3.5348~7.0695;319000~379999;1
8909;*;*;1~32;3.316176471;1.044117647;414;272;0.0000~3.5347;258000~501999;1
8910;*;*;1~32;2.596673597;1.004158004;1106;481;0.0000~3.5347;258000~501999;1
8911;*;*;1~32;3.254620123;1.112936345;1019;487;0.0000~3.5347;258000~501999;1
8912;*;*;1~32;3.505067568;1.160472973;1026;592;0.0000~3.5347;258000~501999;1
8913;*;*;1~32;3.296979866;1.058724832;1042;596;0.0000~3.5347;258000~501999;1
8914;*;*;33~40;4.38028169;0.996478873;886;284;*;319000~379999;1
8915;*;*;49~56;4.023076923;3.346153846;317;130;*;319000~379999;1
8916;*;*;25~32;2.91125;1.04125;1953;800;0.0000~3.5347;197000~257999;1
8917;*;*;33~40;3.703767123;1.114726027;1759;584;*;258000~318999;1
8918;*;*;1~16;3.6;0.8;150;20;0.0000~3.5347;197000~257999;1
8919;*;*;33~40;4.176229508;1.057377049;2223;732;*;319000~379999;1
8920;*;*;1~32;3.606761566;1.083629893;1425;562;0.0000~3.5347;258000~501999;1
8921;*;*;1~32;3.751184834;1.090047393;983;422;0.0000~3.5347;258000~501999;1
8922;*;*;1~32;2.567219153;1.071823204;716;543;0.0000~3.5347;258000~501999;1
8923;*;*;1~32;3.74137931;1.448275862;333;174;0.0000~3.5347;258000~501999;1
8924;*;*;49~56;2.703703704;1.093681917;679;459;*;441000~501999;1
8925;*;*;25~32;3.645780051;1.028132992;1410;782;3.5348~7.0695;380000~501999;1
8926;*;*;41~48;3.868263473;1.112275449;1058;668;*;319000~379999;1
8927;*;*;1~32;3.416204218;1.058823529;1561;901;0.0000~3.5347;258000~501999;1
8928;*;*;1~32;3.455375254;1.086206897;1463;986;0.0000~3.5347;258000~501999;1
8929;*;*;25~32;4.665816327;1.168367347;719;392;3.5348~7.0695;319000~379999;1
8930;*;*;25~32;4.496428571;1.078571429;668;280;3.5348~7.0695;380000~501999;1
8931;*;*;41~48;4.073717949;0.96474359;574;312;*;319000~379999;1
8932;*;*;25~32;4149;1067;1749;1000;3.5348~7.0695;380000~501999;1
8933;*;*;25~32;4.006960557;1.11136891;741;431;3.5348~7.0695;380000~501999;1
8934;*;*;49~56;3.692934783;1.073369565;521;368;*;441000~501999;1
8935;*;*;1~32;3.659663866;1.024159664;1268;952;0.0000~3.5347;258000~501999;1
8936;*;*;41~48;3.834829443;0.985637343;986;557;*;380000~501999;1
8937;*;*;41~48;4.854910714;1.060267857;1019;448;*;380000~501999;1
8938;*;*;41~48;5.656903766;1.165271967;1047;478;*;380000~501999;1
8939;*;*;33~40;3.87654321;1.077601411;1023;567;*;380000~440999;1
8940;*;*;41~48;3.632850242;0.971014493;482;207;*;380000~501999;1
8941;*;*;41~48;5.448504983;1.069767442;664;301;*;380000~501999;1
8942;*;*;41~48;5.126394052;0.888475836;688;269;*;380000~501999;1
8943;*;*;41~48;5.280104712;0.897905759;958;382;*;380000~501999;1
8944;*;*;41~48;4.64;1216;393;250;*;380000~501999;1
8945;*;*;25~32;4.222748815;1.116113744;837;422;3.5348~7.0695;380000~501999;1
8946;*;*;41~48;4.582945736;1.085271318;1212;645;*;380000~501999;1
8947;*;*;41~48;5.616438356;0.917808219;565;219;*;380000~501999;1
8948;*;*;41~48;4.366245695;1.113662457;1690;871;*;380000~501999;1
8949;*;*;41~48;5.131736527;1.001996008;1225;501;*;380000~501999;1
8950;*;*;33~40;4.716906946;1.017038008;1569;763;*;380000~440999;1
8951;*;*;33~40;4.096153846;0.846153846;138;52;*;136000~196999;1
8952;*;*;41~48;4.428240741;1.020833333;1295;432;*;258000~318999;1
8953;*;*;41~48;4.361746362;1.01039501;1343;481;*;258000~318999;1
8954;*;*;33~40;4.263066202;1.108013937;1312;574;*;258000~318999;1
8955;*;*;41~48;4.205333333;1.122666667;1042;375;*;258000~318999;1
8956;*;*;17~24;4.9625;1.080729167;3922;1920;3.5348~7.0695;258000~318999;1
8957;*;*;1~32;3.744897959;0.969387755;543;294;0.0000~3.5347;258000~501999;1
8958;*;*;33~40;4.22278057;1.083752094;1091;597;*;319000~379999;1
8959;*;*;33~40;4.981981982;1.033783784;2101;888;*;319000~379999;1
8960;*;*;41~48;5.616541353;0.984962406;618;266;*;319000~379999;1
8961;*;*;33~40;4.492424242;1.037878788;371;132;*;319000~379999;1
8962;*;*;33~40;5.839552239;1.003731343;826;268;*;441000~501999;1
8963;*;*;25~32;6.497512438;1.039800995;1030;402;3.5348~7.0695;319000~379999;1
8964;*;*;41~48;4.309859155;0.950704225;402;142;*;258000~318999;1
8965;*;*;33~40;4.246376812;1.11884058;1104;345;*;319000~379999;1
8966;*;*;33~40;5.356932153;0.98820059;872;339;*;319000~379999;1
8967;*;*;33~40;5.922779923;0.996138996;751;259;*;319000~379999;1
8968;*;*;33~40;5.898617512;1.105990783;704;217;*;319000~379999;1
8969;*;*;33~40;5.396475771;0.938325991;591;227;*;319000~379999;1
8970;*;*;41~48;5.782016349;1.049046322;1012;367;*;319000~379999;1
8971;*;*;41~48;5.324626866;0.944029851;693;268;*;319000~379999;1
8972;*;*;41~48;5.506849315;1.079452055;961;365;*;319000~379999;1
8973;*;*;33~40;5.463601533;0.992337165;689;261;*;319000~379999;1
8974;*;*;25~32;5.875586854;1.05399061;1218;426;3.5348~7.0695;380000~501999;1
8975;*;*;41~48;3.891050584;1.029182879;1290;514;*;258000~318999;1
8976;*;*;33~40;3.577922078;1.054112554;2475;924;*;258000~318999;1
8977;*;*;41~48;3.899082569;1.004587156;997;436;*;258000~318999;1
8978;*;*;33~40;4.438356164;0.95890411;268;73;*;258000~318999;1
8979;*;*;41~48;4.870619946;0.956873315;883;371;*;319000~379999;1
8980;*;*;41~48;5.526315789;1.052631579;69;19;*;258000~318999;1
8981;*;*;33~40;4.431906615;1.163424125;734;257;*;319000~379999;1
8982;*;*;33~40;3.941176471;1.052941176;1008;340;*;258000~318999;1
8983;*;*;41~48;4.876456876;1.051282051;1190;429;*;319000~379999;1
8984;*;*;41~48;4.357142857;1.028571429;156;70;*;258000~318999;1
8985;*;*;17~24;3.677890467;1.099188641;7431;4930;3.5348~7.0695;380000~501999;1
8986;*;*;17~24;3.983092638;1.070447341;5127;2839;3.5348~7.0695;197000~257999;1
8987;*;*;25~32;7.073943662;0.992957746;1400;568;7.0696~10.6043;*;1
8988;*;*;33~40;6.029315961;1.055374593;1449;614;*;258000~318999;1
8989;*;*;33~40;6.207692308;1.044230769;1305;520;*;380000~440999;1
8990;*;*;25~32;7.076693227;1.007968127;2519;1004;3.5348~7.0695;380000~501999;1
8991;*;*;25~32;7.063909774;0.84962406;740;266;3.5348~7.0695;380000~501999;1
8992;*;*;41~48;6.75;0.998015873;1389;504;*;258000~318999;1
8993;*;*;41~48;5.97167756;0.956427015;1115;459;*;258000~318999;1
8994;*;*;41~48;5.070610687;1.045801527;1145;524;*;258000~318999;1
8995;*;*;41~48;5.508241758;1.010989011;909;364;*;258000~318999;1
8996;*;*;41~48;5.281437126;1.200598802;679;334;*;197000~257999;1
8997;*;*;41~48;6.729386892;1.084566596;1183;473;*;258000~318999;1
8998;*;*;49~56;7.051724138;1.012315271;1108;406;*;258000~318999;1
8999;*;*;49~56;6.329545455;0.960227273;486;176;*;197000~257999;1
9000;*;*;49~56;6.866295265;1.036211699;1018;359;*;258000~318999;1
9001;*;*;41~48;6.219101124;1.117977528;437;178;*;136000~196999;1
9002;*;*;41~48;6.168421053;1.078947368;497;190;*;136000~196999;1
9003;*;*;33~40;7.075794621;0.965770171;1063;409;*;319000~379999;1
9004;*;*;17~24;7.621866667;1.031466667;5452;1875;7.0696~10.6043;*;1
9005;*;*;41~48;5.480916031;1.06870229;324;131;*;380000~501999;1
9006;*;*;33~40;5.242888403;1.032822757;1054;457;*;380000~440999;1
9007;*;*;41~48;5.640506329;1.108860759;960;395;*;380000~501999;1
9008;*;*;33~40;4.920454545;1.028409091;399;176;*;380000~440999;1
9009;*;*;9~16;4.984375;0.921875;149;64;3.5348~7.0695;258000~501999;1
9010;*;*;17~24;4.975609756;0.975609756;117;41;7.0696~10.6043;*;0
9011;*;*;1~16;6.994535519;0.99726776;907;366;7.0696~10.6043;*;0
9012;*;*;33~40;5.811638591;1.056661562;1521;653;*;441000~501999;1
9013;*;*;17~24;7.811142587;1.041548631;6214;2118;7.0696~10.6043;*;1
9014;*;*;17~24;4.857142857;0.80952381;55;21;3.5348~7.0695;380000~501999;0
9015;*;*;9~16;9.169519152;1.299103504;3029;1227;3.5348~7.0695;258000~501999;1
9016;*;*;9~16;6.461424332;1.06231454;2030;674;3.5348~7.0695;258000~501999;0
9017;*;*;33~40;7.113564669;1.268138801;857;317;*;319000~379999;0
9018;*;*;1~8;5.948654038;1.098454636;9873;4012;3.5348~7.0695;258000~501999;0
9019;*;*;1~16;7.734673111;1.041210888;12873;3931;7.0696~10.6043;*;0
9020;*;*;9~16;6.35;0.994444444;647;180;3.5348~7.0695;258000~501999;0
9021;*;*;9~16;7.783641161;1.021108179;1228;379;3.5348~7.0695;258000~501999;0
9022;*;*;9~16;7.780310881;1.096373057;2484;965;3.5348~7.0695;258000~501999;0
9023;*;*;17~24;6.982645123;1.035308199;4054;1671;3.5348~7.0695;380000~501999;0
9024;*;*;1~8;6.444206009;1.081545064;1143;466;3.5348~7.0695;258000~501999;0
9025;*;*;17~24;5.970890411;1.174657534;2782;584;7.0696~10.6043;*;0
9026;*;*;1~16;8.191860465;1.418604651;970;172;7.0696~10.6043;*;0
9027;*;*;17~24;7.358490566;1.201564657;5175;2173;7.0696~10.6043;*;0
9028;*;*;17~24;7.538310413;1.135559921;1509;509;7.0696~10.6043;*;0
9029;*;*;25~32;6.748743719;1.08040201;487;199;3.5348~7.0695;380000~501999;0
9030;*;*;25~32;6.981132075;1.089622642;1560;636;7.0696~10.6043;*;1
9031;*;*;33~40;6.266871166;1.432515337;606;326;*;441000~501999;0
9032;*;*;25~32;5.900166389;0.97171381;1530;601;7.0696~10.6043;*;0
9033;*;*;17~24;7.283112583;1.212748344;2750;1208;7.0696~10.6043;*;0
9034;*;*;9~16;5.52037037;1.157407407;1694;540;0.0000~3.5347;75000~135999;2
9035;*;*;1~8;5.323064771;0.988151659;4614;1266;3.5348~7.0695;14000~135999;2
9036;*;*;1~8;5.762492981;1.046603032;6163;1781;3.5348~7.0695;14000~135999;2
9037;*;*;25~32;6.884313725;1.266666667;1733;510;0.0000~3.5347;75000~135999;2
9038;*;*;33~40;4.911290323;1.149193548;797;248;0.0000~3.5347;75000~135999;2
9039;*;*;1~16;5.08984375;1.00390625;1228;512;0.0000~3.5347;136000~196999;2
9040;*;*;1~8;6.370471261;1.13620267;10493;3671;3.5348~7.0695;136000~196999;2
9041;*;*;1~8;6.66367713;1.061883408;3489;1115;3.5348~7.0695;136000~196999;2
9042;*;*;17~24;6.829201102;1.074380165;1219;363;3.5348~7.0695;14000~135999;2
9043;*;*;9~16;6.827984596;1.123234917;2439;779;3.5348~7.0695;14000~135999;2
9044;*;*;33~40;5.556701031;1.023195876;1269;388;0.0000~3.5347;75000~135999;2
9045;*;*;25~32;5.933884298;1.024793388;347;121;3.5348~7.0695;14000~135999;2
9046;*;*;33~40;6.147887324;1.246478873;425;142;*;136000~196999;2
9047;*;*;1~16;5.766633565;1.173783515;2602;1007;0.0000~3.5347;136000~196999;2
9048;*;*;1~8;7.257182901;1.154169587;4562;1427;3.5348~7.0695;136000~196999;2
9049;*;*;1~16;8.095914742;1.428063943;1543;563;0.0000~3.5347;136000~196999;2
9050;*;*;1~16;4.92327044;1.030188679;1524;795;0.0000~3.5347;136000~196999;2
9051;*;*;25~32;5.334174023;1.037831021;2789;793;0.0000~3.5347;75000~135999;2
9052;*;*;41~48;5.714285714;1.428571429;14;7;*;197000~257999;2
9053;*;*;1~8;5.623569794;1.012585812;2833;874;3.5348~7.0695;14000~135999;2
9054;*;*;33~40;4.356502242;1.121076233;1078;446;0.0000~3.5347;75000~135999;2
9055;*;*;25~32;5.453194651;1.136701337;1986;673;3.5348~7.0695;14000~135999;2
9056;*;*;25~32;5.772466539;0.95793499;1580;523;3.5348~7.0695;14000~135999;2
9057;*;*;25~32;4.428571429;1.099667774;1337;602;0.0000~3.5347;75000~135999;2
9058;*;*;33~40;5.883333333;1.038888889;1108;360;0.0000~3.5347;75000~135999;2
9059;*;*;33~48;5.756646217;0.991820041;1447;489;3.5348~7.0695;14000~135999;2
9060;*;*;25~32;5.511326861;1.106796117;775;309;3.5348~7.0695;14000~135999;2
9061;*;*;17~24;4.307913669;1.197122302;1571;695;0.0000~3.5347;75000~135999;2
9062;*;*;25~32;5.220883534;0.939759036;712;249;0.0000~3.5347;75000~135999;2
9063;*;*;9~16;4.99767712;1.045296167;2240;861;3.5348~7.0695;14000~135999;2
9064;*;*;1~8;4.640919367;1.112660136;6291;2654;3.5348~7.0695;136000~196999;2
9065;*;*;17~24;6.758064516;1.080645161;551;186;3.5348~7.0695;197000~257999;2
9066;*;*;9~16;7.27;1.203333333;1057;300;3.5348~7.0695;14000~135999;2
9067;*;*;25~32;6.810657596;1.131519274;2680;882;3.5348~7.0695;14000~135999;2
9068;*;*;33~48;5352;1;709;250;3.5348~7.0695;14000~135999;2
9069;*;*;33~40;6.27540107;1.232620321;1482;374;0.0000~3.5347;75000~135999;2
9070;*;*;25~32;4.311111111;0.918518519;588;270;0.0000~3.5347;75000~135999;2
9071;*;*;33~40;5.01;1.03;842;300;0.0000~3.5347;75000~135999;2
9072;*;*;33~40;4.155172414;1.093103448;678;290;0.0000~3.5347;75000~135999;2
9073;*;*;9~16;3.456445993;1.069686411;1071;574;0.0000~3.5347;75000~135999;2
9074;*;*;33~48;5.96460177;1.004424779;1192;452;3.5348~7.0695;14000~135999;2
9075;*;*;33~48;6.10460251;1.033472803;1365;478;3.5348~7.0695;14000~135999;2
9076;*;*;33~48;5.713761468;1.069724771;1974;545;3.5348~7.0695;14000~135999;2
9077;*;*;33~40;4.82885906;1.097315436;708;298;0.0000~3.5347;75000~135999;2
9078;*;*;41~48;4.536184211;1.075657895;696;304;0.0000~3.5347;75000~135999;2
9079;*;*;17~24;6.007005254;1.052539405;1817;571;3.5348~7.0695;136000~196999;2
9080;*;*;1~16;6.166666667;1.121212121;704;330;0.0000~3.5347;136000~196999;2
9081;*;*;1~8;7.10172144;1.176056338;7694;1278;3.5348~7.0695;136000~196999;2
9082;*;*;9~16;6.741712707;1.109116022;2188;724;3.5348~7.0695;136000~196999;2
9083;*;*;9~16;7.377071823;1.067679558;2288;724;3.5348~7.0695;136000~196999;2
9084;*;*;1~8;6.663711584;1.076832151;5731;1692;3.5348~7.0695;136000~196999;2
9085;*;*;1~8;6.012958963;1.119510439;3723;1389;3.5348~7.0695;136000~196999;2
9086;*;*;33~48;5.671974522;1.038216561;913;314;3.5348~7.0695;14000~135999;2
9087;*;*;9~16;6.699570815;1.08583691;731;233;3.5348~7.0695;136000~196999;2
9088;*;*;25~32;6.138020833;1.0625;1162;384;3.5348~7.0695;136000~196999;2
9089;*;*;25~32;7.772189349;1.144970414;1059;338;3.5348~7.0695;136000~196999;2
9090;*;*;17~24;6.501706485;1.129692833;1867;586;3.5348~7.0695;136000~196999;2
9091;*;*;17~24;5.292328042;1.076719577;2313;756;0.0000~3.5347;136000~196999;2
9092;*;*;17~24;5.453731343;1.03880597;766;335;3.5348~7.0695;136000~196999;2
9093;*;*;17~24;5.20754717;1.216981132;314;106;0.0000~3.5347;136000~196999;2
9094;*;*;17~24;5.645372645;1.123669124;2837;1221;0.0000~3.5347;197000~257999;2
9095;*;*;25~32;4.675585284;0.913043478;884;299;3.5348~7.0695;258000~318999;2
9096;*;*;17~24;4.997311828;1.008064516;913;372;3.5348~7.0695;136000~196999;2
9097;*;*;25~32;6.039215686;1.150980392;1558;510;3.5348~7.0695;136000~196999;2
9098;*;*;9~16;5.805633803;1.146478873;2164;710;3.5348~7.0695;136000~196999;2
9099;*;*;33~40;5.785714286;1.857142857;53;14;*;136000~196999;2
9100;*;*;1~8;6.548076923;1.201923077;485;104;0.0000~3.5347;14000~135999;2
9101;*;*;1~8;5.618618619;1.061061061;3569;999;0.0000~3.5347;14000~135999;2
9102;*;*;1~8;5.628432956;1.045234249;2169;619;3.5348~7.0695;14000~135999;2
9103;*;*;9~16;5.474576271;1.052730697;1681;531;3.5348~7.0695;136000~196999;2
9104;*;*;9~16;5.733197556;1.089613035;1492;491;3.5348~7.0695;14000~135999;2
9105;*;*;25~32;3.871536524;1.047858942;1239;397;0.0000~3.5347;75000~135999;2
9106;*;*;33~40;4.679245283;1.037735849;261;53;0.0000~3.5347;75000~135999;2
9107;*;*;17~24;6.162629758;1.048442907;1677;578;3.5348~7.0695;197000~257999;2
9108;*;*;1~16;7.424698795;1.012048193;978;332;7.0696~10.6043;*;2
9109;*;*;1~8;8.05267008;1.133138259;4098;1367;3.5348~7.0695;197000~257999;2
9110;*;*;33~40;4.941309255;1.121896163;1459;443;0.0000~3.5347;75000~135999;2
9111;*;*;33~48;5.317380353;1.080604534;1067;397;3.5348~7.0695;14000~135999;2
9112;*;*;1~8;7.843010753;1.224731183;3123;930;3.5348~7.0695;136000~196999;2
9113;*;*;9~16;6.505263158;1.073684211;1048;380;3.5348~7.0695;258000~501999;2
9114;*;*;1~8;7.944629014;1.187707641;5839;1806;3.5348~7.0695;197000~257999;2
9115;*;*;9~16;6.039906103;1.002347418;1273;426;3.5348~7.0695;136000~196999;2
9116;*;*;9~16;4.867783985;1.210428305;1949;537;0.0000~3.5347;75000~135999;2
9117;*;*;25~32;4.906832298;0.983436853;1746;483;3.5348~7.0695;14000~135999;2
9118;*;*;1~8;6.096236891;1.167180753;4892;1621;3.5348~7.0695;136000~196999;2
9119;*;*;1~8;5.838768116;1.045289855;3427;1104;3.5348~7.0695;136000~196999;2
9120;*;*;25~32;5.576779026;1.146067416;774;267;0.0000~3.5347;75000~135999;2
9121;*;*;25~32;4.961605585;1.052356021;1517;573;0.0000~3.5347;75000~135999;2
9122;*;*;1~16;5.181032291;1.102212052;11973;3933;0.0000~3.5347;136000~196999;2
9123;*;*;1~8;6.358957655;1.096416938;4970;1535;3.5348~7.0695;136000~196999;2
9124;*;*;1~8;6625;1.107142857;631;168;3.5348~7.0695;136000~196999;2
9125;*;*;33~48;6.024691358;1.059964727;1929;567;3.5348~7.0695;14000~135999;2
9126;*;*;33~48;5.742307692;0.992307692;899;260;3.5348~7.0695;14000~135999;2
9127;*;*;9~16;4.748458693;1.056720099;2169;811;0.0000~3.5347;75000~135999;2
9128;*;*;1~8;5.734078212;1.017318436;5871;1790;3.5348~7.0695;136000~196999;2
9129;*;*;9~16;6.242718447;1.076456311;2846;824;3.5348~7.0695;136000~196999;2
9130;*;*;1~8;6.163329161;1.113892365;4546;1598;3.5348~7.0695;136000~196999;2
9131;*;*;1~8;6.968606933;1.115761936;5391;1529;3.5348~7.0695;136000~196999;2
9132;*;*;1~8;6.281395349;1.23255814;1368;430;3.5348~7.0695;136000~196999;2
9133;*;*;1~8;6.10373444;1.120709166;8152;2651;3.5348~7.0695;136000~196999;2
9134;*;*;9~16;6.925742574;1.136138614;1236;404;3.5348~7.0695;197000~257999;2
9135;*;*;9~16;6.18587228;1.022475919;8721;2803;3.5348~7.0695;197000~257999;2
9136;*;*;17~24;8.95766129;1.129032258;1573;496;7.0696~10.6043;*;1
9137;*;*;9~16;6.017241379;1.020689655;1710;580;3.5348~7.0695;258000~501999;2
9138;*;*;1~8;6.309623431;1.025104603;2298;717;3.5348~7.0695;258000~501999;2
9139;*;*;1~8;7.358227848;1.149367089;2275;790;3.5348~7.0695;258000~501999;2
9140;*;*;9~16;5.902702703;1.094594595;1119;370;3.5348~7.0695;258000~501999;2
9141;*;*;9~16;5.938997821;1.013071895;1773;459;3.5348~7.0695;258000~501999;2
9142;*;*;9~16;6.387037037;1.107407407;1502;540;3.5348~7.0695;136000~196999;2
9143;*;*;25~32;6.341137124;1.143812709;806;299;3.5348~7.0695;136000~196999;2
9144;*;*;17~24;6.326271186;1.264830508;1355;472;0.0000~3.5347;136000~196999;2
9145;*;*;9~16;5.781069042;1.068596882;10475;4490;3.5348~7.0695;136000~196999;1
9146;*;*;25~32;5.972222222;0.87962963;689;216;3.5348~7.0695;197000~257999;1
9147;*;*;1~8;6.550796813;1.051792829;3032;1004;3.5348~7.0695;197000~257999;2
9148;*;*;33~40;4.941176471;0.705882353;29;17;*;136000~196999;1
9149;*;*;17~24;6.923128793;0.293324343;4956;1483;3.5348~7.0695;197000~257999;1
9150;*;*;25~32;5.765432099;0.913580247;519;162;3.5348~7.0695;136000~196999;1
9151;*;*;17~24;6.225206612;1.047520661;1356;484;3.5348~7.0695;197000~257999;1
9152;*;*;25~32;5.240506329;0.943037975;508;158;3.5348~7.0695;136000~196999;1
9153;*;*;17~24;6.658031088;1.010362694;650;193;3.5348~7.0695;197000~257999;1
9154;*;*;1~8;6.6125;1.089224138;7270;2320;3.5348~7.0695;197000~257999;1
9155;*;*;9~16;5.744525547;1.010427529;3002;959;3.5348~7.0695;197000~257999;1
9156;*;*;9~16;6.901865369;1.02027575;3733;1233;3.5348~7.0695;197000~257999;1
9157;*;*;25~32;5.824561404;1.023391813;1884;513;3.5348~7.0695;136000~196999;1
9158;*;*;1~16;7.041860465;1.023255814;1355;215;7.0696~10.6043;*;2
9159;*;*;9~16;5.494262295;1.054918033;7030;2440;3.5348~7.0695;136000~196999;1
9160;*;*;9~16;6.075165807;1.038319823;4453;1357;3.5348~7.0695;197000~257999;1
9161;*;*;17~24;5.606998654;1.017496635;2082;743;3.5348~7.0695;197000~257999;1
9162;*;*;17~24;5.329457364;1.003875969;728;258;3.5348~7.0695;197000~257999;1
9163;*;*;17~24;4.542288557;1.134328358;530;201;0.0000~3.5347;197000~257999;1
9164;*;*;25~32;6.344488189;1.031496063;1763;508;3.5348~7.0695;136000~196999;1
9165;*;*;9~16;6.25;1.006944444;1799;576;3.5348~7.0695;197000~257999;1
9166;*;*;1~8;5.433093155;1.12866701;9842;3886;3.5348~7.0695;136000~196999;1
9167;*;*;9~16;7.076071923;1.090825265;7087;2169;3.5348~7.0695;197000~257999;2
9168;*;*;1~32;5.715976331;1.597633136;233;169;0.0000~3.5347;258000~501999;1
9169;*;*;1~8;4.876513317;1.084745763;2062;826;3.5348~7.0695;136000~196999;2
9170;*;*;1~8;6.176979662;1.070532237;7158;2311;3.5348~7.0695;197000~257999;2
9171;*;*;9~16;6.103626943;1.215025907;1556;386;3.5348~7.0695;136000~196999;2
9172;*;*;1~8;5.123809524;0.933333333;8733;105;3.5348~7.0695;136000~196999;2
9173;*;*;1~8;4.896984925;1.150753769;868;398;3.5348~7.0695;258000~501999;1
9174;*;*;17~24;4.481996727;1.043371522;3384;1222;3.5348~7.0695;197000~257999;1
9175;*;*;17~24;3.832495812;1.016750419;2305;597;0.0000~3.5347;136000~196999;1
9176;*;*;17~24;6.390243902;0.942073171;1044;328;3.5348~7.0695;258000~318999;1
9177;*;*;1~8;5.562096195;1.117731515;4768;1393;3.5348~7.0695;258000~501999;1
9178;*;*;1~8;6.47386172;1.436762226;1342;593;3.5348~7.0695;258000~501999;1
9179;*;*;25~32;7.146341463;1.048780488;917;287;7.0696~10.6043;*;1
9180;*;*;1~8;6.535603715;1.102167183;2024;646;3.5348~7.0695;258000~501999;1
9181;*;*;17~24;6.753371869;1.024084778;3331;1038;3.5348~7.0695;258000~318999;1
9182;*;*;17~24;5.554455446;1.02970297;1984;707;3.5348~7.0695;197000~257999;1
9183;*;*;1~8;5.563588391;1.040897098;9936;3790;3.5348~7.0695;258000~501999;1
9184;*;*;17~24;6.252252252;1.029029029;2803;999;3.5348~7.0695;258000~318999;1
9185;*;*;1~8;6.395640931;1.190986332;6902;2707;3.5348~7.0695;258000~501999;1
9186;*;*;9~16;6.822517592;1.029710711;3789;1279;3.5348~7.0695;258000~501999;1
9187;*;*;1~8;9.769983687;1.44045677;1787;613;3.5348~7.0695;258000~501999;2
9188;*;*;49~56;3.568888889;1.186666667;628;225;*;14000~135999;2
9189;*;*;49~56;8.169811321;1.301886792;147;53;*;136000~196999;2
9190;*;*;49~56;3.1875;0.90625;54;32;*;136000~196999;1
9191;*;*;33~40;5.165605096;1.130573248;903;314;*;136000~196999;1
9192;*;*;33~40;7.397058824;1.455882353;275;68;*;319000~379999;2
9193;*;*;25~32;20.33668342;3.527638191;571;199;0.0000~3.5347;136000~196999;2
9194;*;*;9~16;9.282051282;2;88;39;3.5348~7.0695;197000~257999;2
9195;*;*;9~16;7.762987013;1.464285714;798;308;0.0000~3.5347;75000~135999;2
9196;*;*;17~24;5.624801272;1.154213037;1603;629;0.0000~3.5347;75000~135999;2
9197;*;*;17~24;4.794007491;0.951310861;707;267;3.5348~7.0695;14000~135999;2
9198;*;*;17~24;6.804573805;1.27027027;1164;481;3.5348~7.0695;14000~135999;2
9199;*;*;9~16;5.304785894;1.032745592;1003;397;0.0000~3.5347;75000~135999;2
9200;*;*;9~16;6.648414986;1.112391931;925;347;0.0000~3.5347;75000~135999;2
9201;*;*;9~16;5.775067751;1.149051491;989;369;0.0000~3.5347;75000~135999;2
9202;*;*;9~16;5.335802469;1.10617284;820;405;0.0000~3.5347;75000~135999;2
9203;*;*;9~16;5.427402863;1.083844581;1267;489;0.0000~3.5347;75000~135999;2
9204;*;*;1~16;6.401486989;1.208178439;712;269;0.0000~3.5347;136000~196999;2
9205;*;*;1~16;7.14978903;1.310126582;1268;474;0.0000~3.5347;136000~196999;2
9206;*;*;17~24;5.789333333;1.037333333;1042;375;3.5348~7.0695;14000~135999;2
9207;*;*;1~8;5.671232877;1.150684932;413;146;0.0000~3.5347;14000~135999;2
9208;*;*;9~16;6.080078125;1.150390625;1508;512;0.0000~3.5347;75000~135999;2
9209;*;*;1~8;6.08168028;1.017502917;2383;857;3.5348~7.0695;14000~135999;2
9210;*;*;9~16;5.571741512;1.074479737;2284;913;0.0000~3.5347;75000~135999;2
9211;*;*;33~40;6.100719424;1.082733813;985;278;0.0000~3.5347;75000~135999;2
9212;*;*;33~40;5.436363636;1.061818182;858;275;0.0000~3.5347;14000~74999;2
9213;*;*;17~24;5.944827586;1.093103448;1006;290;0.0000~3.5347;75000~135999;2
9214;*;*;25~32;5.63559322;1.107344633;1261;354;0.0000~3.5347;75000~135999;2
9215;*;*;17~24;5.365546218;0.983193277;674;238;0.0000~3.5347;75000~135999;2
9216;*;*;17~24;4.521929825;1.021929825;1285;456;0.0000~3.5347;14000~74999;2
9217;*;*;33~40;4.335968379;1.003952569;627;253;0.0000~3.5347;14000~74999;2
9218;*;*;41~48;5.438095238;1.123809524;597;210;0.0000~3.5347;14000~74999;2
9219;*;*;33~40;4.975510204;1.053061224;639;245;0.0000~3.5347;14000~74999;2
9220;*;*;17~24;5.37641357;1.01453958;1580;619;0.0000~3.5347;75000~135999;2
9221;*;*;33~40;5.45814978;1.101321586;648;227;0.0000~3.5347;14000~74999;2
9222;*;*;9~16;5.321243523;1.031088083;673;193;0.0000~3.5347;14000~74999;2
9223;*;*;33~40;4.950177936;1.056939502;943;281;0.0000~3.5347;75000~135999;2
9224;*;*;17~24;4.33557047;0.899328859;454;149;0.0000~3.5347;14000~74999;2
9225;*;*;17~24;4.742105263;0.963157895;700;190;0.0000~3.5347;14000~74999;2
9226;*;*;9~16;5.599378882;1.085403727;2074;644;0.0000~3.5347;14000~74999;2
9227;*;*;17~24;4.528712871;1.057425743;1339;505;0.0000~3.5347;14000~74999;2
9228;*;*;17~24;6.039855072;1.097826087;861;276;0.0000~3.5347;75000~135999;2
9229;*;*;17~24;4.456140351;0.912280702;393;114;0.0000~3.5347;136000~196999;2
9230;*;*;17~24;6.23880597;1.063432836;1624;536;3.5348~7.0695;14000~135999;2
9231;*;*;17~24;5.661971831;1.070422535;213;71;0.0000~3.5347;75000~135999;2
9232;*;*;9~16;5.588410104;1.002971768;2374;673;0.0000~3.5347;14000~74999;2
9233;*;*;9~16;6.099709584;1.045498548;3840;1033;0.0000~3.5347;75000~135999;2
9234;*;*;9~16;7.271111111;1.124444444;766;225;0.0000~3.5347;75000~135999;2
9235;*;*;9~16;5.450847458;1.006779661;1057;295;3.5348~7.0695;14000~135999;2
9236;*;*;17~24;5.606741573;1.064606742;1327;356;0.0000~3.5347;75000~135999;2
9237;*;*;25~32;4.462025316;1.016877637;1976;474;0.0000~3.5347;14000~74999;2
9238;*;*;9~16;6.055421687;0.98313253;1360;415;3.5348~7.0695;14000~135999;2
9239;*;*;9~16;5.970893971;0.991683992;1607;481;3.5348~7.0695;14000~135999;2
9240;*;*;9~16;6.504098361;1.06557377;1590;488;3.5348~7.0695;14000~135999;2
9241;*;*;9~16;6.970731707;1.019512195;702;205;3.5348~7.0695;14000~135999;2
9242;*;*;9~16;4.508816121;0.95465995;1399;397;0.0000~3.5347;14000~74999;2
9243;*;*;9~16;5.251937984;1.114341085;1724;516;0.0000~3.5347;14000~74999;2
9244;*;*;9~16;5.315638451;1.06025825;2463;697;0.0000~3.5347;14000~74999;2
9245;*;*;17~24;5.059850374;1.064837905;983;401;0.0000~3.5347;14000~74999;2
9246;*;*;33~40;4.616766467;1.089820359;1220;334;0.0000~3.5347;14000~74999;2
9247;*;*;25~32;3.830882353;0.987745098;1564;408;0.0000~3.5347;14000~74999;2
9248;*;*;33~48;6.446902655;1.057522124;557;226;3.5348~7.0695;14000~135999;2
9249;*;*;9~16;5.584026622;0.980033278;1458;601;3.5348~7.0695;14000~135999;2
9250;*;*;17~24;7.664233577;1.156934307;910;274;3.5348~7.0695;14000~135999;2
9251;*;*;9~16;6.4055666;1.015904573;1425;503;3.5348~7.0695;14000~135999;2
9252;*;*;33~40;5.713498623;0.961432507;954;363;0.0000~3.5347;14000~74999;2
9253;*;*;41~48;6.807017544;1.233918129;476;171;0.0000~3.5347;14000~74999;2
9254;*;*;25~32;4.19047619;1.038961039;587;231;0.0000~3.5347;14000~74999;2
9255;*;*;33~40;4.65914787;1.072681704;1208;399;0.0000~3.5347;14000~74999;2
9256;*;*;33~40;4.291845494;1.120171674;1092;233;0.0000~3.5347;14000~74999;2
9257;*;*;25~32;2.806451613;1.024193548;913;248;0.0000~3.5347;14000~74999;2
9258;*;*;41~48;4.487804878;1.027874564;723;287;0.0000~3.5347;14000~74999;2
9259;*;*;41~48;4.563981043;1.023696682;471;211;0.0000~3.5347;14000~74999;2
9260;*;*;25~32;4.644688645;1.036630037;549;273;0.0000~3.5347;14000~74999;2
9261;*;*;17~24;4.078544061;1.007662835;1845;522;0.0000~3.5347;14000~74999;2
9262;*;*;17~24;4.3299389;1.030549898;2091;491;0.0000~3.5347;14000~74999;2
9263;*;*;33~40;5.026315789;1.141447368;1334;304;0.0000~3.5347;14000~74999;2
9264;*;*;25~32;5.05511811;0.940944882;820;254;0.0000~3.5347;14000~74999;2
9265;*;*;9~16;7.4921875;1.109375;2047;640;3.5348~7.0695;14000~135999;2
9266;*;*;25~32;5.464203233;1.113163972;1933;433;0.0000~3.5347;14000~74999;2
9267;*;*;25~32;4.892271663;1.096018735;1765;427;0.0000~3.5347;14000~74999;2
9268;*;*;41~48;5.980487805;1.190243902;491;205;*;258000~318999;0
9269;*;*;1~16;7.033333333;0.957142857;1659;630;7.0696~10.6043;*;0
9270;*;*;25~32;5.726269316;0.984547461;2341;906;3.5348~7.0695;197000~257999;0
9271;*;*;9~16;6.528901734;0.985549133;1127;346;3.5348~7.0695;258000~501999;1
9272;*;*;17~24;7.09375;1.03125;601;224;3.5348~7.0695;258000~318999;1
9273;*;*;1~16;6.852631579;0.931578947;682;190;7.0696~10.6043;*;1
9274;*;*;17~24;4.197947214;1.076246334;1583;682;0.0000~3.5347;197000~257999;0
9275;*;*;25~32;4.869986169;1.034578147;1706;723;0.0000~3.5347;197000~257999;0
9276;*;*;25~32;6.675814751;0.981989708;3445;1166;3.5348~7.0695;258000~318999;1
9277;*;*;9~16;6.528571429;1.131168831;1912;770;3.5348~7.0695;258000~501999;0
9278;*;*;17~24;5.214285714;0.976190476;873;336;3.5348~7.0695;197000~257999;1
9279;*;*;17~24;6.897047087;1.032721468;3594;1253;3.5348~7.0695;258000~318999;1
9280;*;*;17~24;6.15664557;0.974683544;1968;632;3.5348~7.0695;258000~318999;1
9281;*;*;17~24;8.207671958;1.085978836;2311;756;3.5348~7.0695;319000~379999;1
9282;*;*;17~24;5.396363636;1.045454545;5600;2200;3.5348~7.0695;258000~318999;0
9283;*;*;25~32;6.678373383;1.008626001;4406;1623;3.5348~7.0695;258000~318999;0
9284;*;*;1~8;7.437810945;1.169154229;555;201;3.5348~7.0695;258000~501999;0
9285;*;*;17~24;4.666990291;1.030582524;4684;2060;3.5348~7.0695;197000~257999;0
9286;*;*;17~24;5.973996176;1.040535373;6109;2615;3.5348~7.0695;258000~318999;0
9287;*;*;33~40;4.757363254;0.994389902;1894;713;*;319000~379999;0
9288;*;*;17~24;6.470756063;1.009985735;1812;701;3.5348~7.0695;380000~501999;0
9289;*;*;17~24;5.049468085;1.029255319;5162;1880;0.0000~3.5347;75000~135999;0
9290;*;*;9~16;5.264084507;1.028169014;472;284;0.0000~3.5347;14000~74999;0
9291;*;*;9~16;4.57203842;1.112059765;2146;937;3.5348~7.0695;136000~196999;0
9292;*;*;33~40;5.62625;1.04;2196;800;*;197000~257999;0
9293;*;*;25~32;6.382413088;1.085889571;1318;489;3.5348~7.0695;258000~318999;0
9294;*;*;17~24;4.510128913;0.987108656;1157;543;3.5348~7.0695;258000~318999;0
9295;*;*;25~32;6;1;19;8;7.0696~10.6043;*;0
9296;*;*;25~32;6.12116041;0.997440273;3063;1172;3.5348~7.0695;258000~318999;0
9297;*;*;17~24;7.28125;1.00625;911;320;3.5348~7.0695;380000~501999;0
9298;*;*;33~40;6.667844523;1.024734982;815;283;*;319000~379999;0
9299;*;*;25~32;8.403940887;1.120689655;1238;406;7.0696~10.6043;*;0
9300;*;*;33~40;6.764371895;1.05535841;3798;1409;*;258000~318999;0
9301;*;*;17~24;5.386934673;1.005025126;840;398;3.5348~7.0695;197000~257999;0
9302;*;*;25~32;6.718328841;0.958221024;1928;742;3.5348~7.0695;319000~379999;0
9303;*;*;25~32;6.490998363;0.944353519;1657;611;3.5348~7.0695;319000~379999;0
9304;*;*;1~32;4.27;1.0325;1694;800;0.0000~3.5347;258000~501999;0
9305;*;*;17~24;4.319944598;1.112188366;1395;722;3.5348~7.0695;258000~318999;0
9306;*;*;25~32;6.775757576;1.054545455;818;330;7.0696~10.6043;*;0
9307;*;*;1~32;4.477459016;1.073087432;2962;1464;0.0000~3.5347;258000~501999;0
9308;*;*;49~56;6.659090909;1.196969697;607;264;*;319000~379999;0
9309;*;*;33~40;5.651282051;0.948717949;1398;585;*;319000~379999;0
9310;*;*;25~32;6.751412429;0.949152542;810;354;7.0696~10.6043;*;0
9311;*;*;1~32;4.788679245;1.041509434;1581;795;0.0000~3.5347;258000~501999;0
9312;*;*;25~32;6.610223642;1.009584665;1541;626;3.5348~7.0695;380000~501999;0
9313;*;*;33~40;7.070692194;1.029455081;1830;679;*;441000~501999;0
9314;*;*;33~40;4.191219512;1.062439024;2100;1025;*;319000~379999;0
9315;*;*;17~24;7.600835946;1.047021944;2468;957;7.0696~10.6043;*;0
9316;*;*;1~32;8.179012346;1.166666667;427;162;10.6044~16.0000;*;0
9317;*;*;25~32;7.159685864;0.988219895;1916;764;3.5348~7.0695;380000~501999;0
9318;*;*;33~40;7.218390805;1.022988506;460;174;*;441000~501999;0
9319;*;*;49~56;1.553030303;0.901515152;228;132;*;197000~257999;0
9320;*;*;49~56;3.723150358;1.076372315;700;419;*;258000~318999;0
9321;*;*;41~48;3.950549451;1.047252747;1831;910;*;258000~318999;0
9322;*;*;33~40;5.689280868;1.033921303;1833;737;*;319000~379999;0
9323;*;*;33~40;3.331360947;1.147928994;265;169;*;197000~257999;0
9324;*;*;33~40;5.056661562;1.047473201;1574;653;*;258000~318999;0
9325;*;*;33~40;5.715909091;0.982954545;818;352;*;319000~379999;0
9326;*;*;33~40;4.267515924;1.025477707;621;314;*;258000~318999;0
9327;*;*;33~40;5.072463768;0.826086957;179;69;*;441000~501999;0
9328;*;*;33~40;4.609137056;0.984771574;413;197;*;258000~318999;0
9329;*;*;9~16;4.624539877;1.029447853;1986;815;3.5348~7.0695;136000~196999;0
9330;*;*;9~16;4;0.8;45;25;3.5348~7.0695;197000~257999;0
9331;*;*;25~32;3.601545254;1.049668874;5917;1812;0.0000~3.5347;136000~196999;0
9332;*;*;33~40;5.365461847;1.036144578;678;249;*;258000~318999;0
9333;*;*;33~40;5.23580786;1.013100437;551;229;*;258000~318999;0
9334;*;*;41~48;5.054200542;1.062330623;825;369;*;197000~257999;0
9335;*;*;41~48;4.828767123;1.054794521;624;292;*;258000~318999;0
9336;*;*;33~40;5.6;1.098039216;708;255;*;258000~318999;0
9337;*;*;41~48;4.845138055;1.027611044;1872;833;*;258000~318999;0
9338;*;*;33~40;5.735359526;1.103039288;3108;1349;*;258000~318999;0
9339;*;*;49~56;6.607142857;1.107142857;150;56;*;258000~318999;0
9340;*;*;33~40;5.887545345;1.053204353;1899;827;*;258000~318999;0
9341;*;*;17~24;4.89532294;1.028953229;1100;449;3.5348~7.0695;197000~257999;1
9342;*;*;33~40;7.0063593;1.038950715;3450;1258;*;380000~440999;0
9343;*;*;41~48;6.01;1.0625;926;400;*;319000~379999;0
9344;*;*;33~40;5.440116845;0.969814995;2466;1027;*;319000~379999;0
9345;*;*;49~56;5.478927203;1.057471264;1178;522;*;319000~379999;0
9346;*;*;49~56;5.751173709;1.015649452;1553;639;*;258000~318999;0
9347;*;*;49~56;5.989847716;1.096446701;467;197;*;258000~318999;0
9348;*;*;33~40;4.755834829;0.973070018;1111;557;*;319000~379999;0
9349;*;*;49~56;5.990196078;1.058823529;735;306;*;380000~440999;0
9350;*;*;41~48;5.273612463;1.085686465;2177;1027;*;380000~501999;0
9351;*;*;49~56;8.822134387;1.150197628;731;253;*;441000~501999;0
9352;*;*;49~56;7.341825902;0.993630573;1449;471;*;441000~501999;0
9353;*;*;33~40;6.529268293;1.002439024;933;410;*;441000~501999;0
9354;*;*;33~40;8.394190871;1.004149378;653;241;*;441000~501999;0
9355;*;*;25~32;5.626865672;0.865671642;151;67;7.0696~10.6043;*;0
9356;*;*;41~48;7.461538462;0.980769231;596;208;*;380000~501999;0
9357;*;*;33~40;5.643652561;1.102449889;996;449;*;441000~501999;0
9358;*;*;33~40;5.984455959;1.03626943;971;386;*;380000~440999;0
9359;*;*;33~40;7.082802548;1.00477707;1675;628;*;441000~501999;0
9360;*;*;17~24;3.943855932;1.048199153;2980;1888;3.5348~7.0695;258000~318999;0
9361;*;*;33~40;7.004792332;0.990415335;1549;626;*;441000~501999;0
9362;*;*;41~48;6.25648415;1.043227666;887;347;*;380000~501999;0
9363;*;*;41~48;6.972093023;1.093023256;970;430;*;380000~501999;0
9364;*;*;33~40;4.657360406;0.983502538;1519;788;*;380000~440999;0
9365;*;*;25~32;5.037878788;1.015151515;1550;792;3.5348~7.0695;380000~501999;0
9366;*;*;17~24;7.485477178;1.178423237;600;241;3.5348~7.0695;380000~501999;0
9367;*;*;17~24;3.55465587;1.032388664;384;247;3.5348~7.0695;197000~257999;0
9368;*;*;33~40;5.487179487;0.990138067;1219;507;*;319000~379999;0
9369;*;*;25~32;5.650862069;1.165948276;1022;464;3.5348~7.0695;319000~379999;0
9370;*;*;1~32;5.613333333;0.853333333;163;75;10.6044~16.0000;*;0
9371;*;*;41~48;5.689542484;0.983660131;723;306;*;380000~501999;0
9372;*;*;33~40;5.109792285;1.044510386;648;337;*;258000~318999;0
9373;*;*;41~48;4.664634146;0.987804878;608;328;*;380000~501999;0
9374;*;*;41~48;5.251655629;1.079470199;334;151;*;258000~318999;0
9375;*;*;25~32;6.468137255;1.017156863;1013;408;3.5348~7.0695;319000~379999;0
9376;*;*;25~32;6.467236467;1.022792023;974;351;3.5348~7.0695;258000~318999;0
9377;*;*;25~32;6.823899371;1.091194969;849;318;3.5348~7.0695;380000~501999;0
9378;*;*;1~8;5.483050847;1.152542373;203;118;3.5348~7.0695;258000~501999;0
9379;*;*;9~16;3.966352624;1.079407806;1385;743;3.5348~7.0695;258000~501999;0
9380;*;*;33~40;6.680965147;1.096514745;812;373;*;441000~501999;0
9381;*;*;33~40;7.682130584;1.06185567;1315;582;*;441000~501999;0
9382;*;*;25~32;7.268292683;1.035230352;935;369;7.0696~10.6043;*;0
9383;*;*;25~32;5.525651144;1.01183899;2755;1267;3.5348~7.0695;380000~501999;0
9384;*;*;17~24;4.910714286;1.199404762;541;336;3.5348~7.0695;380000~501999;0
9385;*;*;17~24;6.401663696;1.031491384;3895;1683;7.0696~10.6043;*;0
9386;*;*;25~32;5.954113924;1.134493671;1292;632;7.0696~10.6043;*;0
9387;*;*;25~32;5.325513196;1.064516129;2100;1023;3.5348~7.0695;380000~501999;0
9388;*;*;1~32;4.888482633;1.032906764;1233;547;0.0000~3.5347;258000~501999;0
9389;*;*;33~40;6.052757794;0.954436451;999;417;*;441000~501999;0
9390;*;*;41~48;5.29981378;1.026070764;1232;537;*;319000~379999;0
9391;*;*;41~48;5.474725275;1.010989011;937;455;*;319000~379999;0
9392;*;*;41~48;5.79009901;0.968316832;1159;505;*;380000~501999;0
9393;*;*;49~56;6.415041783;0.974930362;859;359;*;441000~501999;0
9394;*;*;25~32;5.920567376;1.04822695;1818;705;3.5348~7.0695;380000~501999;0
9395;*;*;17~24;4.411526795;1.052578362;1640;989;3.5348~7.0695;380000~501999;0
9396;*;*;9~16;4.896551724;1.155172414;689;348;3.5348~7.0695;258000~501999;0
9397;*;*;41~48;6.003787879;1.178030303;1091;528;*;380000~501999;0
9398;*;*;33~40;6.504545455;1.018181818;503;220;*;441000~501999;0
9399;*;*;41~48;5.615942029;0.916666667;641;276;*;380000~501999;0
9400;*;*;49~56;5.715942029;0.947826087;755;345;*;441000~501999;0
9401;*;*;33~40;6.463087248;0.973154362;721;298;*;441000~501999;0
9402;*;*;41~48;5.031372549;1.090196078;567;255;*;380000~501999;0
9403;*;*;25~32;5.900479616;1.038369305;1913;834;3.5348~7.0695;380000~501999;0
9404;*;*;25~32;5.881879195;0.982550336;1775;745;3.5348~7.0695;380000~501999;0
9405;*;*;17~24;7.169960474;1.114624506;658;253;7.0696~10.6043;*;0
9406;*;*;33~40;5.986636971;1.080178174;1064;449;*;258000~318999;0
9407;*;*;33~40;7.154471545;1.150406504;562;246;*;380000~440999;0
9408;*;*;33~40;6.252830189;1.051572327;1907;795;*;380000~440999;0
9409;*;*;33~40;5.837340877;0.974540311;1596;707;*;380000~440999;0
9410;*;*;17~24;5.815789474;1.078947368;75;38;3.5348~7.0695;319000~379999;0
9411;*;*;1~32;4.248095756;1.066376496;1949;919;0.0000~3.5347;258000~501999;0
9412;*;*;17~24;3.527472527;1.086080586;881;546;0.0000~3.5347;136000~196999;0
9413;*;*;17~24;4.714907508;1.0304679;1650;919;3.5348~7.0695;319000~379999;0
9414;*;*;33~40;5.168560606;1.018939394;969;528;*;441000~501999;0
9415;*;*;49~56;4.324055666;1.013916501;809;503;*;441000~501999;0
9416;*;*;49~56;5.841791045;1.12238806;1177;670;*;441000~501999;0
9417;*;*;41~48;5.225726141;1.084647303;2096;1205;*;380000~501999;0
9418;*;*;33~40;7.058823529;0.852941176;63;34;*;441000~501999;0
9419;*;*;49~56;3.826086957;1.086956522;88;46;*;258000~318999;0
9420;*;*;25~32;5.825174825;1.146853147;358;143;3.5348~7.0695;380000~501999;0
9421;*;*;33~40;5.770731707;0.956097561;628;205;*;441000~501999;0
9422;*;*;41~48;5.433212996;1.16967509;553;277;*;319000~379999;0
9423;*;*;17~24;11.38;2208;599;250;3.5348~7.0695;380000~501999;0
9424;*;*;41~48;6.200716846;1.168458781;629;279;*;197000~257999;0
9425;*;*;17~24;6.64893617;1.367021277;437;188;0.0000~3.5347;197000~257999;0
9426;*;*;41~48;7.586005831;1.483965015;691;343;*;258000~318999;0
9427;*;*;25~32;6.255892256;1.235690236;701;297;3.5348~7.0695;258000~318999;0
9428;*;*;25~32;5.863013699;1.210045662;628;219;3.5348~7.0695;197000~257999;0
9429;*;*;25~32;6.980676329;1.178743961;510;207;3.5348~7.0695;380000~501999;0
9430;*;*;49~56;6.891891892;1.178378378;627;185;*;136000~196999;0
9431;*;*;17~24;15.01515152;2.712121212;308;132;0.0000~3.5347;197000~257999;0
9432;*;*;17~24;4.792284866;1.086053412;815;337;0.0000~3.5347;197000~257999;0
9433;*;*;33~40;6.569060773;1.314917127;957;362;*;197000~257999;0
9434;*;*;25~32;5.19434629;1.204946996;706;283;0.0000~3.5347;14000~74999;2
9435;*;*;17~24;6.63322884;1.332288401;909;319;0.0000~3.5347;75000~135999;2
9436;*;*;9~16;5.654223969;1.212180747;1011;509;0.0000~3.5347;75000~135999;2
9437;*;*;25~32;4.950943396;1.188679245;600;265;0.0000~3.5347;75000~135999;2
9438;*;*;9~16;5.676891616;1.210633947;1236;489;0.0000~3.5347;75000~135999;2
9439;*;*;9~16;5.890459364;1.314487633;762;283;0.0000~3.5347;75000~135999;2
9440;*;*;9~16;6.985465116;1.444767442;890;344;0.0000~3.5347;75000~135999;2
9441;*;*;9~16;5.248484848;1.527272727;369;165;0.0000~3.5347;14000~74999;2
9442;*;*;17~24;6.843902439;1.463414634;990;410;0.0000~3.5347;75000~135999;2
9443;*;*;17~24;5.733333333;1.4;79;30;3.5348~7.0695;14000~135999;2
9444;*;*;9~16;7.107883817;1.410788382;643;241;0.0000~3.5347;75000~135999;2
9445;*;*;9~16;6.177285319;1.227146814;920;361;0.0000~3.5347;75000~135999;2
9446;*;*;17~24;6.104018913;1.307328605;1087;423;0.0000~3.5347;75000~135999;2
9447;*;*;9~16;6.549668874;1.218543046;406;151;0.0000~3.5347;75000~135999;2
9448;*;*;9~16;6.49025974;1.217532468;750;308;0.0000~3.5347;75000~135999;2
9449;*;*;9~16;5.789029536;1.170886076;1153;474;0.0000~3.5347;75000~135999;2
9450;*;*;25~32;5.229468599;1.29468599;1500;414;3.5348~7.0695;14000~135999;2
9451;*;*;25~32;21.16296296;4.896296296;291;135;0.0000~3.5347;136000~196999;2
9452;*;*;17~24;5.62962963;1.324074074;281;108;0.0000~3.5347;14000~74999;2
9453;*;*;25~32;5.540540541;1.173745174;746;259;0.0000~3.5347;14000~74999;2
9454;*;*;25~32;5.50397878;1.153846154;991;377;0.0000~3.5347;14000~74999;2
9455;*;*;17~24;6.156069364;1.575144509;863;346;0.0000~3.5347;75000~135999;2
9456;*;*;41~48;5.00990099;1.264026403;656;303;0.0000~3.5347;14000~74999;0
9457;*;*;17~24;6.436123348;1.497797357;515;227;0.0000~3.5347;136000~196999;0
9458;*;*;9~16;5.539156627;1.472891566;887;332;0.0000~3.5347;75000~135999;1
9459;*;*;17~24;4.762331839;1.00896861;1122;446;0.0000~3.5347;14000~74999;2
9460;*;*;17~24;5.232087227;1.054517134;1908;642;0.0000~3.5347;136000~196999;1
9461;*;*;17~24;5.186131387;1.062043796;588;274;0.0000~3.5347;136000~196999;1
9462;*;*;25~32;5.417391304;1.102173913;1202;460;0.0000~3.5347;136000~196999;1
9463;*;*;25~32;5.563380282;1.063380282;380;142;0.0000~3.5347;136000~196999;1
9464;*;*;41~48;5.721393035;1.213930348;552;201;0.0000~3.5347;75000~135999;1
9465;*;*;33~40;5.745819398;1.153846154;698;299;0.0000~3.5347;75000~135999;1
9466;*;*;49~56;4.508823529;0.988235294;754;340;*;14000~135999;1
9467;*;*;49~56;4.780793319;1.006263048;1201;479;*;14000~135999;1
9468;*;*;33~40;4.796208531;1.087677725;1019;422;0.0000~3.5347;75000~135999;1
9469;*;*;33~40;4.65034965;0.954545455;761;286;0.0000~3.5347;75000~135999;1
9470;*;*;9~16;4.871980676;1.02173913;1177;414;0.0000~3.5347;75000~135999;1
9471;*;*;1~16;4;1.12195122;895;451;0.0000~3.5347;136000~196999;1
9472;*;*;9~16;5.408775982;1.23556582;1064;433;0.0000~3.5347;75000~135999;2
9473;*;*;9~16;5.390501319;1.096306069;2111;758;0.0000~3.5347;75000~135999;1
9474;*;*;17~24;5.186567164;1.074626866;1133;402;0.0000~3.5347;75000~135999;1
9475;*;*;17~24;5.405479452;1.11369863;1899;730;0.0000~3.5347;75000~135999;1
9476;*;*;17~24;5.488135593;1.172881356;904;295;0.0000~3.5347;75000~135999;1
9477;*;*;25~32;5.803757829;0.981210856;1281;479;3.5348~7.0695;14000~135999;1
9478;*;*;41~48;5.296969697;1.096969697;808;330;0.0000~3.5347;75000~135999;1
9479;*;*;25~32;4.039755352;1.033639144;779;327;0.0000~3.5347;14000~74999;1
9480;*;*;17~24;3.930909091;0.923636364;715;275;0.0000~3.5347;14000~74999;1
9481;*;*;17~24;4.58699187;1.021138211;1636;615;0.0000~3.5347;75000~135999;1
9482;*;*;17~24;4.672566372;1.097345133;611;226;0.0000~3.5347;75000~135999;2
9483;*;*;17~24;5.742857143;0.864285714;448;140;3.5348~7.0695;136000~196999;1
9484;*;*;17~24;6.75;1.348684211;424;152;0.0000~3.5347;136000~196999;2
9485;*;*;17~24;6.38372093;1.172093023;1421;430;0.0000~3.5347;136000~196999;2
9486;*;*;25~32;5.730841121;1.065420561;1558;535;3.5348~7.0695;14000~135999;1
9487;*;*;1~16;5.118566176;1.016544118;3148;1088;0.0000~3.5347;136000~196999;1
9488;*;*;17~24;5.381188119;1.257425743;522;202;0.0000~3.5347;136000~196999;1
9489;*;*;17~24;4.5;1.018518519;115;54;0.0000~3.5347;136000~196999;1
9490;*;*;17~24;4.860896445;1.071097372;1560;647;0.0000~3.5347;136000~196999;1
9491;*;*;17~24;5.410526316;1.021052632;821;285;3.5348~7.0695;14000~135999;1
9492;*;*;25~32;4.881987578;1.043478261;494;161;0.0000~3.5347;75000~135999;1
9493;*;*;1~16;4.935483871;1.0609319;830;279;0.0000~3.5347;136000~196999;1
9494;*;*;17~24;5.450408401;1.064177363;2095;857;0.0000~3.5347;136000~196999;1
9495;*;*;1~32;6.095384615;1.141538462;773;325;0.0000~3.5347;258000~501999;1
9496;*;*;17~24;5.657534247;1.205479452;711;292;0.0000~3.5347;197000~257999;1
9497;*;*;17~24;6375;1.335648148;887;432;0.0000~3.5347;197000~257999;0
9498;*;*;17~24;5.818639798;1.312342569;1745;794;0.0000~3.5347;136000~196999;0
9499;*;*;33~40;8.085308057;1.682464455;506;211;*;136000~196999;0
9500;*;*;17~24;5.154205607;1.11682243;1140;428;0.0000~3.5347;75000~135999;0
9501;*;*;17~24;6.478206725;1.291407223;1742;803;0.0000~3.5347;136000~196999;0
9502;*;*;17~24;6.100271003;1.382113821;1032;369;0.0000~3.5347;75000~135999;1
9503;*;*;25~32;5.488372093;1.139534884;812;258;0.0000~3.5347;75000~135999;1
9504;*;*;33~40;5.385416667;1.114583333;857;288;0.0000~3.5347;75000~135999;1
9505;*;*;17~24;4.746575342;0.98630137;1501;584;0.0000~3.5347;136000~196999;1
9506;*;*;17~24;5.415322581;1.059475806;3002;992;0.0000~3.5347;75000~135999;1
9507;*;*;17~24;6.057692308;1.096153846;877;312;3.5348~7.0695;136000~196999;1
9508;*;*;41~48;4.992592593;0.981481481;639;270;0.0000~3.5347;75000~135999;1
9509;*;*;25~32;5.524038462;0.899038462;499;208;3.5348~7.0695;136000~196999;1
9510;*;*;33~40;5.419354839;0.97235023;529;217;*;136000~196999;1
9511;*;*;33~48;5.743842365;1.064039409;504;203;3.5348~7.0695;14000~135999;1
9512;*;*;49~56;6.00877193;1.131578947;617;228;*;14000~135999;1
9513;*;*;33~40;5.104316547;0.942446043;661;278;0.0000~3.5347;75000~135999;1
9514;*;*;25~32;6.542735043;1.136752137;822;234;3.5348~7.0695;14000~135999;1
9515;*;*;9~16;4.085653105;1.03640257;1195;467;0.0000~3.5347;75000~135999;1
9516;*;*;25~32;5.148023549;1.027754415;3595;1189;0.0000~3.5347;75000~135999;1
9517;*;*;25~32;4.4;1.057777778;592;225;0.0000~3.5347;75000~135999;1
9518;*;*;9~16;5.280737705;1.014344262;1232;488;0.0000~3.5347;75000~135999;1
9519;*;*;25~32;4.28913738;1.07827476;1367;626;0.0000~3.5347;75000~135999;1
9520;*;*;17~24;4.060150376;0.992481203;878;399;0.0000~3.5347;75000~135999;1
9521;*;*;25~32;3.675810474;1.039900249;1065;401;0.0000~3.5347;75000~135999;1
9522;*;*;9~16;4.331395349;1.05620155;1376;516;0.0000~3.5347;75000~135999;1
9523;*;*;25~32;6.079787234;1.106382979;454;188;3.5348~7.0695;14000~135999;1
9524;*;*;9~16;7.272727273;1.061688312;1030;308;3.5348~7.0695;197000~257999;1
9525;*;*;25~32;5.858461538;1.018461538;816;325;3.5348~7.0695;136000~196999;1
9526;*;*;33~40;4.356435644;1;1048;303;0.0000~3.5347;75000~135999;1
9527;*;*;25~32;5.160493827;1.012345679;327;81;0.0000~3.5347;75000~135999;1
9528;*;*;33~40;4.45;0.95;196;60;0.0000~3.5347;14000~74999;1
9529;*;*;17~24;6.041899441;1.217877095;1048;358;0.0000~3.5347;75000~135999;1
9530;*;*;33~40;4.824701195;0.984063745;697;251;0.0000~3.5347;75000~135999;1
9531;*;*;17~24;6.776942356;1.245614035;1432;399;0.0000~3.5347;75000~135999;2
9532;*;*;33~40;5.218274112;1.147208122;658;197;0.0000~3.5347;14000~74999;2
9533;*;*;25~32;6.557142857;1.211428571;1252;350;3.5348~7.0695;14000~135999;2
9534;*;*;17~24;4.873479319;0.96836983;1333;411;0.0000~3.5347;75000~135999;2
9535;*;*;25~32;3.937759336;0.929460581;888;241;0.0000~3.5347;14000~74999;2
9536;*;*;17~24;5.047808765;1.029880478;1764;502;0.0000~3.5347;75000~135999;2
9537;*;*;33~40;5.194029851;0.993603412;1730;469;0.0000~3.5347;75000~135999;2
9538;*;*;9~16;4.52293578;1.042813456;1476;327;0.0000~3.5347;14000~74999;2
9539;*;*;33~40;3.885714286;0.914285714;785;175;0.0000~3.5347;14000~74999;2
9540;*;*;41~48;5.850340136;0.884353741;496;147;*;136000~196999;2
9541;*;*;25~32;5.58411215;1.098130841;1409;428;0.0000~3.5347;75000~135999;2
9542;*;*;25~32;5.79020979;1.108391608;1037;286;0.0000~3.5347;75000~135999;2
9543;*;*;33~40;3.710227273;1;827;176;0.0000~3.5347;14000~74999;2
9544;*;*;17~24;3.855882353;0.938235294;1455;340;0.0000~3.5347;14000~74999;2
9545;*;*;17~24;5.475471698;1.101886792;1052;265;0.0000~3.5347;14000~74999;2
9546;*;*;9~16;5.180628272;1.130890052;1756;382;0.0000~3.5347;14000~74999;2
9547;*;*;1~8;5.491089109;1.04950495;1374;505;0.0000~3.5347;14000~135999;2
9548;*;*;17~24;5.690437601;1.030794165;1904;617;0.0000~3.5347;75000~135999;2
9549;*;*;25~32;5.975206612;1.076446281;1580;484;3.5348~7.0695;136000~196999;2
9550;*;*;25~32;5.292792793;0.936936937;774;222;0.0000~3.5347;75000~135999;2
9551;*;*;17~24;5.85520362;1.004524887;684;221;0.0000~3.5347;75000~135999;2
9552;*;*;25~32;6.022371365;1.07606264;1518;447;0.0000~3.5347;75000~135999;2
9553;*;*;17~24;5.091935484;1.027419355;2268;620;0.0000~3.5347;14000~74999;2
9554;*;*;17~24;5.186206897;1.032183908;1469;435;0.0000~3.5347;75000~135999;2
9555;*;*;25~32;6.507518797;1.169172932;810;266;3.5348~7.0695;14000~135999;2
9556;*;*;9~16;4.638151426;1.100294985;3589;1017;0.0000~3.5347;14000~74999;2
9557;*;*;25~32;4.348643006;0.926931106;1462;479;0.0000~3.5347;14000~74999;2
9558;*;*;33~40;5.559701493;1.024875622;1268;402;0.0000~3.5347;14000~74999;2
9559;*;*;9~16;6.314168378;1.022587269;1368;487;3.5348~7.0695;14000~135999;2
9560;*;*;25~32;5.528508772;1.061403509;1307;456;0.0000~3.5347;75000~135999;2
9561;*;*;9~16;5.651408451;0.992957746;866;284;3.5348~7.0695;14000~135999;2
9562;*;*;17~24;4.6;1.068421053;572;190;0.0000~3.5347;14000~74999;2
9563;*;*;9~16;5.242792109;1.106221548;2014;659;0.0000~3.5347;75000~135999;2
9564;*;*;1~8;5.995402299;0.983908046;1530;435;3.5348~7.0695;14000~135999;2
9565;*;*;9~16;4.140608604;1.026232949;2814;953;0.0000~3.5347;75000~135999;2
9566;*;*;33~40;5.466666667;1.003174603;904;315;0.0000~3.5347;14000~74999;2
9567;*;*;33~40;4.935064935;1.041558442;1009;385;0.0000~3.5347;75000~135999;2
9568;*;*;17~24;4.210982659;1.075144509;1000;346;0.0000~3.5347;14000~74999;2
9569;*;*;17~24;6.222360248;1.026086957;2497;805;3.5348~7.0695;136000~196999;2
9570;*;*;33~40;4.409638554;1.038554217;1304;415;0.0000~3.5347;14000~74999;2
9571;*;*;9~16;4.833333333;3.295454545;380;132;0.0000~3.5347;75000~135999;2
9572;*;*;17~24;4.571428571;1.142857143;520;154;0.0000~3.5347;75000~135999;2
9573;*;*;17~24;5.479490806;0.956152758;2441;707;0.0000~3.5347;75000~135999;2
9574;*;*;9~16;5.460504202;1.030252101;1569;595;3.5348~7.0695;14000~135999;2
9575;*;*;33~40;5.120689655;1.028735632;2603;696;0.0000~3.5347;14000~74999;2
9576;*;*;9~16;5.68956743;1.114503817;1361;393;0.0000~3.5347;75000~135999;2
9577;*;*;17~24;6.87804878;1.117073171;590;205;0.0000~3.5347;136000~196999;2
9578;*;*;25~32;5.711640212;1.100529101;1283;378;0.0000~3.5347;75000~135999;2
9579;*;*;17~24;5.234793187;1.020681265;5303;1644;0.0000~3.5347;75000~135999;2
9580;*;*;17~24;5.397435897;1.092948718;1052;312;0.0000~3.5347;75000~135999;2
9581;*;*;9~16;4.525751073;1.02360515;1108;466;0.0000~3.5347;75000~135999;2
9582;*;*;9~16;5.3125;1.0625;620;240;0.0000~3.5347;75000~135999;2
9583;*;*;9~16;5.27520436;1.046321526;1158;367;0.0000~3.5347;75000~135999;2
9584;*;*;9~16;4.231425091;1.12911084;2149;821;0.0000~3.5347;75000~135999;2
9585;*;*;9~16;4.620558376;1.138324873;1737;788;0.0000~3.5347;75000~135999;2
9586;*;*;9~16;3.851851852;0.959064327;2024;1026;0.0000~3.5347;75000~135999;2
9587;*;*;9~16;5.684931507;1.054794521;956;219;0.0000~3.5347;75000~135999;2
9588;*;*;1~8;6.226950355;1.030395137;2821;987;3.5348~7.0695;14000~135999;2
9589;*;*;9~16;5.856287425;1.01996008;1227;501;3.5348~7.0695;14000~135999;2
9590;*;*;9~16;6.464088398;0.983425414;566;181;3.5348~7.0695;14000~135999;2
9591;*;*;17~24;6.69035533;1.025380711;618;197;3.5348~7.0695;14000~135999;2
9592;*;*;17~24;6.479338843;0.962809917;1631;484;3.5348~7.0695;14000~135999;2
9593;*;*;1~8;7.211009174;1.064220183;368;109;3.5348~7.0695;136000~196999;2
9594;*;*;17~24;5.535326087;1.060688406;2950;1104;0.0000~3.5347;75000~135999;2
9595;*;*;9~16;5.869337979;0.926829268;1770;574;3.5348~7.0695;14000~135999;2
9596;*;*;17~24;6.115921788;1.051675978;2055;716;3.5348~7.0695;14000~135999;2
9597;*;*;25~32;5.610619469;1.012389381;1524;565;0.0000~3.5347;75000~135999;2
9598;*;*;41~48;4.62035225;1.001956947;1684;511;0.0000~3.5347;75000~135999;2
9599;*;*;33~40;4.793791574;0.960088692;1048;451;0.0000~3.5347;75000~135999;2
9600;*;*;41~48;4.506142506;1.034398034;1405;407;0.0000~3.5347;14000~74999;2
9601;*;*;49~56;4.298969072;1.058910162;1956;679;*;14000~135999;2
9602;*;*;33~40;3.242811502;1.137380192;875;313;0.0000~3.5347;14000~74999;2
9603;*;*;49~56;3.94;1236;621;250;*;14000~135999;2
9604;*;*;17~24;5.32845027;1.033924441;3967;1297;0.0000~3.5347;75000~135999;2
9605;*;*;33~40;5.735955056;1.061797753;953;356;0.0000~3.5347;75000~135999;2
9606;*;*;33~40;4.977088949;1.039083558;2102;742;0.0000~3.5347;75000~135999;2
9607;*;*;33~40;4.692847125;1.036465638;2151;713;0.0000~3.5347;14000~74999;2
9608;*;*;17~24;4.883052527;1.032705649;4205;1009;0.0000~3.5347;75000~135999;2
9609;*;*;25~32;3.664335664;1.062937063;1697;429;0.0000~3.5347;14000~74999;2
9610;*;*;33~40;3.827988338;0.944606414;1350;343;0.0000~3.5347;14000~74999;2
9611;*;*;17~24;4.147766323;1.020618557;2487;582;0.0000~3.5347;14000~74999;2
9612;*;*;9~16;3.34375;0.991071429;1277;224;0.0000~3.5347;14000~74999;2
9613;*;*;17~24;3.412650602;1.043674699;3200;664;0.0000~3.5347;14000~74999;2
9614;*;*;17~24;5.009708738;1.03236246;1227;309;0.0000~3.5347;14000~74999;2
9615;*;*;9~16;4.613941019;1.021447721;1708;373;0.0000~3.5347;14000~74999;2
9616;*;*;9~16;4.872013652;1.020477816;1658;586;0.0000~3.5347;75000~135999;2
9617;*;*;17~24;4.790874525;1.019011407;576;263;0.0000~3.5347;75000~135999;2
9618;*;*;25~32;5.037288136;1.076271186;1940;590;0.0000~3.5347;14000~74999;2
9619;*;*;9~16;7.572769953;0.953051643;673;213;3.5348~7.0695;197000~257999;2
9620;*;*;25~32;5.451361868;1.692607004;967;257;0.0000~3.5347;75000~135999;2
9621;*;*;33~40;5.674285714;1.062857143;556;175;0.0000~3.5347;75000~135999;2
9622;*;*;33~40;5.142857143;3.883928571;478;112;0.0000~3.5347;14000~74999;2
9623;*;*;33~40;4.521994135;1;1283;341;0.0000~3.5347;14000~74999;2
9624;*;*;33~40;5.537142857;1.177142857;732;175;0.0000~3.5347;14000~74999;2
9625;*;*;9~16;3.657894737;0.989473684;810;190;0.0000~3.5347;14000~74999;2
9626;*;*;33~40;4.987951807;0.987951807;1110;332;0.0000~3.5347;14000~74999;2
9627;*;*;25~32;6.951704545;1.321022727;1313;352;0.0000~3.5347;75000~135999;2
9628;*;*;17~24;7.289156627;1.915662651;416;83;0.0000~3.5347;75000~135999;2
9629;*;*;25~32;5.510028653;0.977077364;806;349;0.0000~3.5347;75000~135999;2
9630;*;*;41~48;4.943502825;1.048022599;847;354;0.0000~3.5347;75000~135999;2
9631;*;*;17~24;5.193029491;1.042895442;1002;373;0.0000~3.5347;75000~135999;2
9632;*;*;9~16;5.226415094;1.080188679;1135;424;0.0000~3.5347;75000~135999;2
9633;*;*;25~32;5.503171247;1.071881607;1491;473;0.0000~3.5347;75000~135999;2
9634;*;*;25~32;10.7875817;2.215686275;994;306;0.0000~3.5347;75000~135999;2
9635;*;*;17~24;4.581967213;1.106557377;560;244;0.0000~3.5347;75000~135999;2
9636;*;*;33~40;5.665441176;1.150735294;880;272;0.0000~3.5347;75000~135999;2
9637;*;*;25~32;6.325842697;1.415730337;1057;267;0.0000~3.5347;136000~196999;2
9638;*;*;41~48;5.391304348;1.072463768;801;207;0.0000~3.5347;75000~135999;2
9639;*;*;1~8;7.461873638;1.331154684;1588;459;3.5348~7.0695;136000~196999;2
9640;*;*;9~16;5.279411765;1.064705882;1642;340;0.0000~3.5347;75000~135999;2
9641;*;*;17~24;4.967320261;1.094771242;882;306;0.0000~3.5347;75000~135999;2
9642;*;*;9~16;4.278409091;1.079545455;1096;352;0.0000~3.5347;75000~135999;2
9643;*;*;25~32;4.147853736;1.025437202;1796;629;0.0000~3.5347;75000~135999;2
9644;*;*;25~32;4.917874396;0.968599034;1343;414;3.5348~7.0695;14000~135999;2
9645;*;*;25~32;5.63562753;1.051282051;2092;741;0.0000~3.5347;75000~135999;2
9646;*;*;25~32;6.208154506;1.032188841;1198;466;0.0000~3.5347;136000~196999;2
9647;*;*;1~8;7.043478261;1.025362319;814;276;3.5348~7.0695;136000~196999;2
9648;*;*;9~16;4.409090909;0.909090909;91;22;0.0000~3.5347;14000~74999;2
9649;*;*;9~16;5.117808219;1.042465753;1942;730;0.0000~3.5347;75000~135999;2
9650;*;*;1~16;5.431372549;1.129411765;775;255;0.0000~3.5347;136000~196999;2
9651;*;*;17~24;5.50310559;1.074534161;595;161;0.0000~3.5347;136000~196999;2
9652;*;*;33~40;5.171348315;0.994382022;1019;356;0.0000~3.5347;14000~74999;2
9653;*;*;25~32;4.102564103;0.935897436;222;78;0.0000~3.5347;75000~135999;2
9654;*;*;25~32;4.936464088;1.005524862;1548;362;0.0000~3.5347;14000~74999;2
9655;*;*;17~24;4.712871287;0.968316832;1581;505;0.0000~3.5347;14000~74999;2
9656;*;*;17~24;5.763414634;1.095121951;1168;410;0.0000~3.5347;75000~135999;2
9657;*;*;25~32;4.989837398;1.032520325;1344;492;0.0000~3.5347;14000~74999;2
9658;*;*;17~24;5125;0.9375;104;32;0.0000~3.5347;75000~135999;2
9659;*;*;41~48;6.631818182;1.309090909;1182;440;0.0000~3.5347;14000~74999;2
9660;*;*;17~24;6.785942492;1.380191693;829;313;0.0000~3.5347;14000~74999;2
9661;*;*;17~24;5.803191489;1.106382979;660;188;0.0000~3.5347;14000~74999;2
9662;*;*;9~16;7.365284974;1.461139896;892;386;0.0000~3.5347;14000~74999;2
9663;*;*;17~24;7.552486188;1.569060773;429;181;0.0000~3.5347;14000~74999;2
9664;*;*;33~40;7.612359551;1.471910112;434;178;0.0000~3.5347;14000~74999;2
9665;*;*;33~40;6.99751861;1.277915633;976;403;0.0000~3.5347;14000~74999;2
9666;*;*;17~24;5.577681874;1.128853268;4276;1622;0.0000~3.5347;14000~74999;2
9667;*;*;9~16;5.341880342;1.162393162;721;234;0.0000~3.5347;75000~135999;2
9668;*;*;17~24;7.19047619;1.58974359;682;273;0.0000~3.5347;75000~135999;2
9669;*;*;17~24;11.62587413;2.307692308;750;286;0.0000~3.5347;75000~135999;2
9670;*;*;9~16;5.829411765;1.629411765;419;170;3.5348~7.0695;14000~135999;2
9671;*;*;1~16;14.11382114;2.861788618;330;123;0.0000~3.5347;136000~196999;2
9672;*;*;17~24;12.7421875;2.6171875;285;128;0.0000~3.5347;75000~135999;2
9673;*;*;9~16;6.337175793;1.305475504;899;347;0.0000~3.5347;75000~135999;2
9674;*;*;17~24;7.368303571;1.738839286;1085;448;3.5348~7.0695;136000~196999;2
9675;*;*;9~16;11.40289855;2.020289855;901;345;3.5348~7.0695;197000~257999;2
9676;*;*;1~16;52.84821429;11.41071429;265;112;0.0000~3.5347;197000~257999;2
9677;*;*;17~24;8.629807692;2;483;208;3.5348~7.0695;136000~196999;2
9678;*;*;17~24;17.54609929;4.432624113;338;141;3.5348~7.0695;136000~196999;2
9679;*;*;17~24;8.3200883;2.004415011;1160;453;0.0000~3.5347;136000~196999;2
9680;*;*;1~16;8.14957265;2.324786325;575;234;0.0000~3.5347;136000~196999;2
9681;*;*;9~16;16.67153285;4.540145985;342;137;0.0000~3.5347;75000~135999;2
9682;*;*;9~16;18.84693878;4.479591837;238;98;3.5348~7.0695;136000~196999;2
9683;*;*;1~16;34.57142857;7.022321429;483;224;0.0000~3.5347;197000~257999;2
9684;*;*;17~24;5.082224909;0.986698912;2900;827;3.5348~7.0695;136000~196999;1
9685;*;*;17~24;5.335106383;1.077659574;3251;940;3.5348~7.0695;136000~196999;1
9686;*;*;17~24;6.483771252;1.091190108;2200;647;3.5348~7.0695;136000~196999;1
9687;*;*;25~32;5.412955466;1.024291498;838;247;3.5348~7.0695;136000~196999;1
9688;*;*;25~32;5.734922861;1.03085554;2927;713;3.5348~7.0695;136000~196999;1
9689;*;*;25~32;4.791505792;1.019305019;2773;1036;0.0000~3.5347;136000~196999;1
9690;*;*;25~32;5.068711656;1.087116564;2002;815;0.0000~3.5347;136000~196999;1
9691;*;*;33~40;5.073322933;0.982839314;2010;641;*;136000~196999;1
9692;*;*;17~24;4.108389786;1.047941636;4907;1919;0.0000~3.5347;136000~196999;1
9693;*;*;1~16;4.196805112;1.02428115;6012;1565;0.0000~3.5347;136000~196999;1
9694;*;*;17~24;3.690883191;1.052706553;3243;702;0.0000~3.5347;75000~135999;1
9695;*;*;33~40;3.996192893;1.057106599;3456;788;0.0000~3.5347;75000~135999;1
9696;*;*;41~48;4.202321725;0.981757877;2448;603;0.0000~3.5347;75000~135999;1
9697;*;*;17~24;3.915743671;1.035205696;11272;2528;0.0000~3.5347;75000~135999;1
9698;*;*;33~40;4.110970996;1.035308953;3130;793;0.0000~3.5347;75000~135999;1
9699;*;*;41~48;4.456097561;0.995121951;1507;410;0.0000~3.5347;75000~135999;1
9700;*;*;25~32;4.055639098;1.037593985;2220;665;0.0000~3.5347;75000~135999;1
9701;*;*;33~40;4.463195691;1.005385996;2443;557;0.0000~3.5347;75000~135999;1
9702;*;*;25~32;4.266666667;1.1;214;60;0.0000~3.5347;136000~196999;1
9703;*;*;41~48;3.8625;1.5125;315;80;0.0000~3.5347;75000~135999;1
9704;*;*;17~24;5.93271028;0.945794393;1466;535;3.5348~7.0695;197000~257999;1
9705;*;*;25~32;5.006684492;1.02540107;1762;748;0.0000~3.5347;197000~257999;1
9706;*;*;41~48;5.319600499;1.048689139;2013;801;*;197000~257999;1
9707;*;*;49~56;5.355353075;1.045558087;1169;439;*;136000~196999;1
9708;*;*;25~32;3.6;1.039252336;1717;535;0.0000~3.5347;75000~135999;1
9709;*;*;1~16;3.637450199;1.055776892;508;251;0.0000~3.5347;136000~196999;1
9710;*;*;33~40;5.102836879;1.04964539;1444;564;*;136000~196999;1
9711;*;*;33~40;4.915354331;1.023622047;1275;508;*;136000~196999;1
9712;*;*;17~24;4.979277365;1.052072264;4259;1882;3.5348~7.0695;136000~196999;1
9713;*;*;17~24;5.483928571;0.971428571;1477;560;3.5348~7.0695;197000~257999;1
9714;*;*;25~32;5.768072289;1.021084337;2780;996;3.5348~7.0695;197000~257999;1
9715;*;*;33~40;4.438148444;1.031125299;3523;1253;*;136000~196999;1
9716;*;*;1~8;4.468631579;1.046315789;7249;2375;3.5348~7.0695;136000~196999;1
9717;*;*;25~32;5.043269231;1.129807692;705;208;0.0000~3.5347;136000~196999;0
9718;*;*;33~40;6625;1.015625;266;64;*;258000~318999;0
9719;*;*;17~24;3.331476323;1.004178273;3074;718;0.0000~3.5347;136000~196999;1
9720;*;*;9~16;6.109090909;1.036363636;1103;275;3.5348~7.0695;197000~257999;1
9721;*;*;9~16;6.559055118;1.023622047;405;127;3.5348~7.0695;258000~501999;1
9722;*;*;9~16;5.70678337;1.002188184;1531;457;3.5348~7.0695;197000~257999;1
9723;*;*;25~32;5.088028169;0.943661972;1017;284;3.5348~7.0695;197000~257999;1
9724;*;*;25~32;5.743055556;1.236111111;703;144;3.5348~7.0695;136000~196999;1
9725;*;*;17~24;5.138211382;1.12601626;2332;492;3.5348~7.0695;136000~196999;1
9726;*;*;17~24;5.744493392;1.224669604;887;227;3.5348~7.0695;197000~257999;1
9727;*;*;17~24;5.58;1.033333333;1551;450;3.5348~7.0695;197000~257999;1
9728;*;*;17~24;6.117370892;0.995305164;1361;426;3.5348~7.0695;197000~257999;1
9729;*;*;17~24;5.079812207;0.962441315;1309;426;0.0000~3.5347;136000~196999;1
9730;*;*;9~16;6.286415712;1.014729951;1799;611;3.5348~7.0695;197000~257999;1
9731;*;*;17~24;5.526462396;1.055710306;1078;359;0.0000~3.5347;197000~257999;1
9732;*;*;17~24;6.194323144;1.139737991;1454;458;3.5348~7.0695;197000~257999;1
9733;*;*;17~24;6.11700468;1.020280811;1895;641;3.5348~7.0695;197000~257999;1
9734;*;*;17~24;6.166101695;0.959322034;919;295;3.5348~7.0695;197000~257999;1
9735;*;*;17~24;5.851282051;1.317948718;671;195;3.5348~7.0695;136000~196999;1
9736;*;*;17~24;5.334883721;1.111627907;1306;430;0.0000~3.5347;197000~257999;1
9737;*;*;25~32;3.228915663;1.010040161;2031;498;0.0000~3.5347;75000~135999;1
9738;*;*;25~32;4.746153846;1.071794872;1678;390;0.0000~3.5347;75000~135999;1
9739;*;*;25~32;4.473007712;1.025706941;1563;389;0.0000~3.5347;75000~135999;1
9740;*;*;25~32;6.083333333;1.027777778;1372;432;3.5348~7.0695;136000~196999;1
9741;*;*;17~24;6.066666667;1.025641026;2975;975;3.5348~7.0695;197000~257999;1
9742;*;*;17~24;7.191780822;1.050228311;751;219;3.5348~7.0695;258000~318999;1
9743;*;*;9~16;6.639393939;1.084848485;1150;330;3.5348~7.0695;197000~257999;1
9744;*;*;1~16;4.399359561;1.027447392;12153;4372;0.0000~3.5347;136000~196999;1
9745;*;*;33~40;4.514084507;0.908450704;458;142;*;197000~257999;1
9746;*;*;49~56;5.591439689;1.159533074;836;257;*;136000~196999;1
9747;*;*;1~16;6.143636364;1.128181818;3918;1100;0.0000~3.5347;197000~257999;1
9748;*;*;9~16;4.264253394;0.993665158;5982;1105;0.0000~3.5347;75000~135999;1
9749;*;*;9~16;3.436241611;0.966442953;767;149;0.0000~3.5347;14000~74999;1
9750;*;*;17~24;7.062962963;1.196296296;681;270;3.5348~7.0695;197000~257999;1
9751;*;*;17~24;7.053465347;1.04950495;1607;505;3.5348~7.0695;258000~318999;1
9752;*;*;9~16;7.256157635;1.030788177;2327;812;3.5348~7.0695;258000~501999;1
9753;*;*;33~40;5.34057971;1.014492754;362;138;*;258000~318999;1
9754;*;*;17~24;6.663822526;0.994880546;1528;586;7.0696~10.6043;*;1
9755;*;*;1~16;7.247755835;1.052064632;1596;557;7.0696~10.6043;*;1
9756;*;*;9~16;3.980477223;1.015184382;1867;461;0.0000~3.5347;75000~135999;1
9757;*;*;25~32;4.825958702;1.120943953;1468;339;0.0000~3.5347;75000~135999;1
9758;*;*;25~32;3.827838828;1.139194139;1245;273;0.0000~3.5347;75000~135999;1
9759;*;*;9~16;4.685863874;1.083769634;2474;573;0.0000~3.5347;75000~135999;1
9760;*;*;25~32;5.212435233;1.18134715;738;193;0.0000~3.5347;197000~257999;1
9761;*;*;33~40;5.709864603;1.092843327;1264;517;*;258000~318999;1
9762;*;*;25~32;6.45841785;1.054766734;1121;493;3.5348~7.0695;319000~379999;1
9763;*;*;25~32;5.653295129;0.982808023;970;349;3.5348~7.0695;258000~318999;1
9764;*;*;1~32;5.023364486;1.119158879;1052;428;0.0000~3.5347;258000~501999;1
9765;*;*;17~24;5.49382716;1.193415638;717;243;3.5348~7.0695;197000~257999;1
9766;*;*;9~16;7.596153846;1.379807692;465;208;3.5348~7.0695;258000~501999;1
9767;*;*;17~24;4.858156028;1.090425532;2630;564;0.0000~3.5347;75000~135999;1
9768;*;*;17~24;3.860805861;0.985347985;1219;273;0.0000~3.5347;75000~135999;1
9769;*;*;17~24;4.736245955;1.030744337;2546;618;0.0000~3.5347;75000~135999;1
9770;*;*;33~40;3.173469388;0.989795918;902;196;0.0000~3.5347;75000~135999;1
9771;*;*;33~40;5.580487805;1.290243902;1449;410;*;136000~196999;1
9772;*;*;17~24;4.584245077;1.172866521;1858;457;0.0000~3.5347;75000~135999;1
9773;*;*;9~16;4.480300188;1.015009381;4601;1066;0.0000~3.5347;75000~135999;1
9774;*;*;25~32;3.65;1025;164;40;0.0000~3.5347;197000~257999;1
9775;*;*;9~16;4.231958763;1.077319588;1534;388;0.0000~3.5347;75000~135999;1
9776;*;*;33~40;6.454198473;1.175572519;792;262;*;136000~196999;1
9777;*;*;9~16;5.910652921;1.625429553;1427;291;0.0000~3.5347;75000~135999;1
9778;*;*;25~32;4.122905028;0.983240223;1156;358;0.0000~3.5347;136000~196999;1
9779;*;*;25~32;4.227920228;1.179487179;1200;351;0.0000~3.5347;75000~135999;1
9780;*;*;33~40;4.577696527;1.005484461;1810;547;0.0000~3.5347;75000~135999;1
9781;*;*;1~16;4.28440367;1.016055046;1323;436;0.0000~3.5347;136000~196999;1
9782;*;*;9~16;4.378486056;1.009960159;1971;502;0.0000~3.5347;75000~135999;1
9783;*;*;9~16;5.629518072;1.069277108;2337;664;3.5348~7.0695;14000~135999;1
9784;*;*;25~32;8.130769231;1.915384615;288;130;0.0000~3.5347;136000~196999;0
9785;*;*;25~32;5.552238806;1.014925373;479;67;3.5348~7.0695;197000~257999;0
9786;*;*;9~16;5.740671642;1.171641791;1479;536;0.0000~3.5347;75000~135999;1
9787;*;*;25~32;6.101910828;1.229299363;1019;314;0.0000~3.5347;75000~135999;1
9788;*;*;33~40;6.508474576;1.372881356;264;118;*;197000~257999;2
9789;*;*;9~16;6.304093567;1.526315789;382;171;3.5348~7.0695;197000~257999;0
9790;*;*;1~32;5.068783069;1.296296296;590;189;0.0000~3.5347;258000~501999;0
9791;*;*;1~32;3.392523364;1.280373832;411;214;0.0000~3.5347;258000~501999;0
9792;*;*;17~24;6.201727329;1.090684762;3083;1621;3.5348~7.0695;380000~501999;0
9793;*;*;17~24;4.796703297;0.997252747;886;364;3.5348~7.0695;319000~379999;1
9794;*;*;17~24;6.806451613;1.049853372;803;341;7.0696~10.6043;*;1
9795;*;*;17~24;7.292626728;1.228110599;1312;434;3.5348~7.0695;319000~379999;0
9796;*;*;25~32;7.648648649;1.237837838;898;370;3.5348~7.0695;380000~501999;0
9797;*;*;41~48;6.595317726;1.234113712;1374;598;*;380000~501999;0
9798;*;*;33~40;7.679775281;1.171348315;1782;712;*;380000~440999;0
9799;*;*;33~40;7.193243243;1.198648649;1670;740;*;441000~501999;0
9800;*;*;33~40;6.228739003;1.316715543;643;341;*;319000~379999;0
9801;*;*;1~32;7.088541667;1.520833333;628;384;0.0000~3.5347;258000~501999;0
9802;*;*;33~40;5.116945107;1.284009547;749;419;*;319000~379999;0
9803;*;*;33~40;7.3;1.396666667;490;300;*;441000~501999;0
9804;*;*;41~48;8.419277108;1.530120482;693;415;*;380000~501999;0
9805;*;*;49~56;8.357827476;1.54313099;582;313;*;441000~501999;0
9806;*;*;25~32;10.21176471;1.470588235;497;170;3.5348~7.0695;380000~501999;0
9807;*;*;25~32;7.461016949;1.196610169;622;295;3.5348~7.0695;380000~501999;0
9808;*;*;25~32;7.399061033;1.183098592;793;426;7.0696~10.6043;*;0
9809;*;*;17~24;8.056689342;1.201814059;1108;441;3.5348~7.0695;380000~501999;0
9810;*;*;17~24;8.103960396;1.143564356;1480;606;3.5348~7.0695;380000~501999;0
9811;*;*;1~32;11.63468635;1.509225092;569;271;10.6044~16.0000;*;0
9812;*;*;33~40;5.211161388;1.030165913;1704;663;*;197000~257999;0
9813;*;*;25~32;4.933949802;1.067371202;1873;757;0.0000~3.5347;197000~257999;0
9814;*;*;33~40;5.492990654;1.01635514;1063;428;*;258000~318999;0
9815;*;*;1~32;4.925566343;1.069579288;1229;618;0.0000~3.5347;258000~501999;0
9816;*;*;33~40;5.266666667;1.048484848;406;165;*;197000~257999;0
9817;*;*;49~56;5.38121547;1.049723757;403;181;*;197000~257999;0
9818;*;*;49~56;5.440217391;1.038043478;425;184;*;197000~257999;0
9819;*;*;41~48;4.829333333;1.069333333;948;375;*;197000~257999;0
9820;*;*;49~56;4.883959044;1.023890785;657;293;*;197000~257999;1
9821;*;*;49~56;4.636363636;1.064171123;391;187;*;197000~257999;0
9822;*;*;49~56;4.947368421;1.063157895;578;285;*;197000~257999;0
9823;*;*;49~56;5.126760563;1.133802817;313;142;*;197000~257999;0
9824;*;*;33~40;5.617391304;1.17826087;504;230;*;258000~318999;1
9825;*;*;25~32;4.670967742;1.077419355;325;155;0.0000~3.5347;197000~257999;1
9826;*;*;17~24;7.141566265;0.975903614;944;332;3.5348~7.0695;197000~257999;1
9827;*;*;49~56;5.81981982;1.349099099;790;444;*;258000~318999;0
9828;*;*;49~56;3.731034483;1.082758621;240;145;*;258000~318999;1
9829;*;*;49~56;4.603773585;1.00754717;488;265;*;197000~257999;1
9830;*;*;41~48;4.233160622;1.005181347;391;193;*;258000~318999;1
9831;*;*;1~32;5.119537275;1.095115681;1582;778;0.0000~3.5347;258000~501999;0
9832;*;*;33~40;5.288753799;1.039513678;638;329;*;319000~379999;0
9833;*;*;33~40;5.977777778;1.072222222;406;180;*;258000~318999;1
9834;*;*;41~48;5.732240437;1.081967213;428;183;*;258000~318999;0
9835;*;*;33~40;5.220238095;1.041666667;349;168;*;319000~379999;1
9836;*;*;17~24;3.568093385;1.077821012;971;514;0.0000~3.5347;197000~257999;1
9837;*;*;25~32;4.495388669;1.089591568;1574;759;0.0000~3.5347;197000~257999;0
9838;*;*;25~32;4.972924188;1.077617329;1519;554;0.0000~3.5347;197000~257999;0
9839;*;*;25~32;4.706395349;1.023255814;831;344;3.5348~7.0695;197000~257999;0
9840;*;*;17~24;3.430939227;0.939226519;834;362;0.0000~3.5347;197000~257999;0
9841;*;*;33~40;4.220207254;1.095854922;804;386;*;197000~257999;0
9842;*;*;33~40;4.09484193;1.079866889;1234;601;*;197000~257999;0
9843;*;*;41~48;5.242424242;0.96037296;944;429;*;258000~318999;0
9844;*;*;41~48;5.8583878;1.111111111;1023;459;*;258000~318999;0
9845;*;*;1~32;3.641221374;1.106870229;704;393;0.0000~3.5347;258000~501999;0
9846;*;*;25~32;6.316770186;1.040372671;966;322;3.5348~7.0695;258000~318999;0
9847;*;*;33~40;6.416256158;1.009852217;1110;406;*;319000~379999;0
9848;*;*;17~24;7.097183099;1.173239437;1678;710;3.5348~7.0695;319000~379999;0
9849;*;*;33~40;4.173333333;1.093333333;337;150;*;197000~257999;1
9850;*;*;1~32;3.791907514;1.156069364;248;173;0.0000~3.5347;258000~501999;1
9851;*;*;25~32;4456;1.250666667;760;375;0.0000~3.5347;136000~196999;1
9852;*;*;25~32;3.673387097;1.018145161;932;496;0.0000~3.5347;136000~196999;1
9853;*;*;17~24;3.629032258;1.259408602;1042;744;0.0000~3.5347;136000~196999;0
9854;*;*;25~32;6.877192982;0.98245614;262;114;3.5348~7.0695;380000~501999;0
9855;*;*;25~32;5.431415929;0.963495575;3438;904;3.5348~7.0695;380000~501999;0
9856;*;*;17~24;6.630366492;1.037696335;2668;955;3.5348~7.0695;319000~379999;1
9857;*;*;9~16;8.347107438;1.137741047;1027;363;3.5348~7.0695;258000~501999;1
9858;*;*;17~24;4.208333333;1.041666667;688;384;3.5348~7.0695;258000~318999;1
9859;*;*;25~32;3.468438538;0.946843854;762;301;0.0000~3.5347;136000~196999;1
9860;*;*;17~24;3.962922574;1.102508179;1985;917;0.0000~3.5347;136000~196999;1
9861;*;*;33~40;4.85862069;1.05862069;633;290;*;136000~196999;1
9862;*;*;17~24;3.613050076;1.063732929;1264;659;0.0000~3.5347;197000~257999;1
9863;*;*;41~48;4.202830189;0.95754717;525;212;*;136000~196999;1
9864;*;*;33~40;5.534482759;1.05316092;1661;696;*;197000~257999;1
9865;*;*;25~32;4.756507137;1.075566751;3612;1191;0.0000~3.5347;136000~196999;1
9866;*;*;25~32;5.136448598;0.938317757;1491;535;3.5348~7.0695;136000~196999;1
9867;*;*;25~32;4.036161335;1.058414465;2258;719;0.0000~3.5347;75000~135999;1
9868;*;*;25~32;4.441441441;1.037537538;1616;666;0.0000~3.5347;136000~196999;1
9869;*;*;17~24;3.617610063;1.008805031;2487;795;0.0000~3.5347;75000~135999;1
9870;*;*;9~16;4.294117647;1.149019608;1570;510;0.0000~3.5347;75000~135999;1
9871;*;*;17~24;5.488738739;0.986486486;1430;444;3.5348~7.0695;136000~196999;1
9872;*;*;25~32;4.983935743;1.0562249;2563;747;0.0000~3.5347;75000~135999;1
9873;*;*;25~32;4.962472406;1.028697572;1644;453;0.0000~3.5347;75000~135999;1
9874;*;*;33~40;5.172535211;1.014084507;1516;568;*;136000~196999;1
9875;*;*;33~40;4.56443299;1.025773196;1037;388;*;136000~196999;1
9876;*;*;41~48;4.887850467;1.11682243;1890;642;*;136000~196999;1
9877;*;*;33~40;3.552238806;6.492537313;191;67;0.0000~3.5347;75000~135999;1
9878;*;*;33~40;3.38;1.09;231;100;0.0000~3.5347;75000~135999;1
9879;*;*;25~32;3.2;0.8;27;10;0.0000~3.5347;136000~196999;1
9880;*;*;9~16;5.364518251;1.059684314;28566;6082;0.0000~3.5347;75000~135999;1
9881;*;*;17~24;4.54261514;1.035997882;6071;1889;0.0000~3.5347;136000~196999;1
9882;*;*;17~24;4.750515464;1.039862543;3794;1455;0.0000~3.5347;136000~196999;1
9883;*;*;9~16;5.964114833;0.973684211;1296;418;3.5348~7.0695;136000~196999;1
9884;*;*;1~16;4.518648019;1.065268065;2274;858;0.0000~3.5347;136000~196999;1
9885;*;*;17~24;5.081601232;1.073903002;3562;1299;0.0000~3.5347;136000~196999;1
9886;*;*;49~56;3;1125;89;48;*;136000~196999;0
9887;*;*;49~56;4.516908213;1.082125604;315;207;*;136000~196999;0
9888;*;*;17~24;4.04379562;0.981751825;524;274;0.0000~3.5347;136000~196999;0
9889;*;*;49~56;5.725888325;1.050761421;450;197;*;136000~196999;0
9890;*;*;49~56;4.307420495;1.017667845;847;283;*;136000~196999;0
9891;*;*;17~24;3.443349754;0.955665025;1112;406;0.0000~3.5347;136000~196999;0
9892;*;*;49~56;4.794336811;1.105812221;1670;671;*;136000~196999;0
9893;*;*;41~48;5.028697572;1.052980132;1219;453;*;136000~196999;0
9894;*;*;33~40;5.573717949;1.019230769;744;312;*;136000~196999;0
9895;*;*;33~48;5.684729064;1.04679803;1272;406;3.5348~7.0695;14000~135999;0
9896;*;*;9~16;5.383333333;0.888888889;482;180;3.5348~7.0695;197000~257999;0
9897;*;*;33~40;4.901694915;1.037288136;678;295;*;136000~196999;0
9898;*;*;17~24;4.046153846;1.169230769;245;130;0.0000~3.5347;136000~196999;0
9899;*;*;1~32;6.6375;1.4;139;80;0.0000~3.5347;258000~501999;0
9900;*;*;17~24;5;1.027131783;2088;774;0.0000~3.5347;136000~196999;0
9901;*;*;17~24;5.628230616;0.998011928;1462;503;3.5348~7.0695;136000~196999;0
9902;*;*;33~40;3.874172185;1.003311258;766;302;*;136000~196999;0
9903;*;*;33~40;6.753363229;1.052316891;1776;669;*;258000~318999;0
9904;*;*;25~32;4.265993266;1.074074074;545;297;0.0000~3.5347;197000~257999;0
9905;*;*;41~48;5.206185567;1.012027491;1373;582;*;136000~196999;0
9906;*;*;1~16;4.801041667;1.046875;2293;960;0.0000~3.5347;136000~196999;0
9907;*;*;17~24;4.616702355;1.063169165;2317;934;0.0000~3.5347;136000~196999;0
9908;*;*;17~24;4.484782609;1.056521739;1045;460;0.0000~3.5347;136000~196999;0
9909;*;*;33~40;4.415233415;0.970515971;1162;407;*;136000~196999;0
9910;*;*;25~32;4.936873747;1.007014028;2756;998;0.0000~3.5347;136000~196999;0
9911;*;*;49~56;2.636363636;0.818181818;48;22;*;136000~196999;0
9912;*;*;41~48;4.253112033;1.042876902;1635;723;*;136000~196999;0
9913;*;*;41~48;5.013586957;1.099184783;1922;736;*;136000~196999;0
9914;*;*;17~24;6.920661157;1.130578512;1827;605;3.5348~7.0695;197000~257999;0
9915;*;*;17~24;5.619883041;1.005847953;1051;342;3.5348~7.0695;136000~196999;0
9916;*;*;9~16;5.538551402;1.11682243;2043;856;3.5348~7.0695;136000~196999;0
9917;*;*;25~32;5.904109589;0.928767123;956;365;3.5348~7.0695;136000~196999;0
9918;*;*;33~40;5.296774194;0.905376344;1235;465;*;136000~196999;0
9919;*;*;17~24;6.918699187;0.959349593;370;123;3.5348~7.0695;197000~257999;0
9920;*;*;9~16;7.495305164;1.098591549;1303;426;3.5348~7.0695;197000~257999;0
9921;*;*;17~24;6.610859729;0.943438914;1221;442;3.5348~7.0695;197000~257999;0
9922;*;*;17~24;5.046747967;1.073170732;1478;492;3.5348~7.0695;136000~196999;0
9923;*;*;33~40;5.685633001;1.083926031;2074;703;*;136000~196999;0
9924;*;*;25~32;5.599173554;1.02892562;1439;484;3.5348~7.0695;136000~196999;0
9925;*;*;9~16;6.684418146;0.933925049;2768;1014;3.5348~7.0695;258000~501999;0
9926;*;*;25~32;5.74408284;1.094674556;1641;676;3.5348~7.0695;136000~196999;0
9927;*;*;25~32;5.765100671;1.024608501;1172;447;3.5348~7.0695;136000~196999;0
9928;*;*;33~48;4.601217656;1.00304414;1789;657;3.5348~7.0695;14000~135999;0
9929;*;*;17~24;4.565340909;1.011363636;834;352;0.0000~3.5347;136000~196999;0
9930;*;*;9~16;7.71459695;1.087145969;1577;459;3.5348~7.0695;258000~501999;0
9931;*;*;17~24;4.494974874;1.090452261;1113;398;0.0000~3.5347;136000~196999;0
9932;*;*;25~32;4.263157895;1.070175439;1021;399;0.0000~3.5347;136000~196999;0
9933;*;*;25~32;5.443333333;1.053333333;944;300;0.0000~3.5347;136000~196999;0
9934;*;*;33~40;5.768976898;0.937293729;783;303;*;136000~196999;0
9935;*;*;1~8;4.237903226;1.060483871;455;248;3.5348~7.0695;14000~135999;0
9936;*;*;17~24;5.075822604;1.258941345;1476;699;3.5348~7.0695;136000~196999;0
9937;*;*;33~40;7.033149171;1.160220994;555;181;*;258000~318999;0
9938;*;*;33~40;6.454545455;1.090909091;91;33;*;136000~196999;0
9939;*;*;41~48;4.24;0.72;40;25;*;258000~318999;0
9940;*;*;9~16;5.786240786;1.031122031;3864;1221;3.5348~7.0695;136000~196999;0
9941;*;*;33~48;5.720588235;1.007352941;406;136;3.5348~7.0695;14000~135999;0
9942;*;*;41~48;4.861111111;6.041666667;225;72;*;197000~257999;0
9943;*;*;17~24;5.021396396;1.063063063;1812;888;0.0000~3.5347;75000~135999;0
9944;*;*;17~24;6.094420601;1.053648069;1586;466;3.5348~7.0695;14000~135999;0
9945;*;*;33~40;6.539877301;1.171779141;403;163;*;197000~257999;1
9946;*;*;25~32;6.577464789;1.024647887;764;284;3.5348~7.0695;136000~196999;0
9947;*;*;17~24;7.16890595;1.069097889;1504;521;3.5348~7.0695;197000~257999;0
9948;*;*;33~40;5.897660819;1.081871345;949;342;*;197000~257999;0
9949;*;*;33~40;6.641509434;1.287735849;520;212;*;197000~257999;1
9950;*;*;25~32;6.219512195;1.030487805;504;164;3.5348~7.0695;258000~318999;2
9951;*;*;1~32;4.795073892;1;1725;1015;0.0000~3.5347;258000~501999;2
9952;*;*;17~24;6.458410351;1.014787431;1673;541;3.5348~7.0695;136000~196999;2
9953;*;*;17~24;4.886486486;1.081081081;968;370;3.5348~7.0695;136000~196999;2
9954;*;*;1~16;5432;1092;898;500;0.0000~3.5347;197000~257999;2
9955;*;*;17~24;6.672131148;1.114754098;175;61;3.5348~7.0695;197000~257999;2
9956;*;*;9~16;7.140468227;1.093645485;1624;598;3.5348~7.0695;258000~501999;2
9957;*;*;25~32;6.550161812;1.100323625;844;309;3.5348~7.0695;319000~379999;2
9958;*;*;33~40;7.623853211;1.119266055;272;109;*;258000~318999;2
9959;*;*;41~48;6.126436782;1.091954023;416;174;*;258000~318999;0
9960;*;*;25~32;10.17318436;1.921787709;349;179;3.5348~7.0695;380000~501999;2
9961;*;*;33~40;7.670411985;1.183520599;780;267;*;319000~379999;0
9962;*;*;25~32;6.405959032;1.068901304;1538;537;3.5348~7.0695;319000~379999;0
9963;*;*;33~40;6.8;1.056140351;823;285;*;258000~318999;0
9964;*;*;33~40;5.927536232;1.140096618;548;207;*;319000~379999;2
9965;*;*;25~32;7.074534161;1.232919255;765;322;3.5348~7.0695;319000~379999;2
9966;*;*;33~40;6.052380952;1.10952381;1099;420;*;197000~257999;2
9967;*;*;17~24;4.944333996;1.02584493;980;503;3.5348~7.0695;136000~196999;2
9968;*;*;25~32;5.043478261;1.059782609;413;184;0.0000~3.5347;136000~196999;2
9969;*;*;49~56;5.831858407;1.159292035;741;339;*;197000~257999;2
9970;*;*;33~40;6.945330296;0.990888383;1287;439;*;258000~318999;2
9971;*;*;17~24;6.069252078;1.149584488;959;361;3.5348~7.0695;197000~257999;2
9972;*;*;17~24;4.157051282;1.080128205;610;312;0.0000~3.5347;136000~196999;2
9973;*;*;17~24;7.536796537;1.251082251;564;231;3.5348~7.0695;197000~257999;2
9974;*;*;25~32;5.836111111;1.083333333;2171;360;3.5348~7.0695;136000~196999;2
9975;*;*;33~40;5.424568966;1.040948276;1324;464;*;136000~196999;2
9976;*;*;17~24;5.340206186;1.041237113;589;194;3.5348~7.0695;258000~318999;2
9977;*;*;33~40;5.582352941;1.055882353;973;340;*;197000~257999;2
9978;*;*;25~32;5.614886731;1.071197411;785;309;3.5348~7.0695;258000~318999;2
9979;*;*;17~24;6.235294118;1.193277311;343;119;0.0000~3.5347;75000~135999;2
9980;*;*;17~24;6.97260274;1.410958904;139;73;0.0000~3.5347;136000~196999;2
9981;*;*;17~24;6.582524272;1.330097087;336;103;3.5348~7.0695;136000~196999;2
9982;*;*;1~16;6.602272727;1.386363636;655;264;0.0000~3.5347;136000~196999;2
9983;*;*;33~40;6.739130435;1.268774704;708;253;*;258000~318999;2
9984;*;*;41~48;7.126279863;1.293515358;721;293;*;197000~257999;1
9985;*;*;17~24;4.277207392;1.039014374;926;487;0.0000~3.5347;197000~257999;2
9986;*;*;33~40;5.036585366;1.06504065;539;246;*;136000~196999;2
9987;*;*;25~32;4.897482014;1.145683453;1549;556;0.0000~3.5347;136000~196999;2
9988;*;*;17~24;5.618263473;1.125748503;1454;668;3.5348~7.0695;136000~196999;1
9989;*;*;1~16;5.180576631;1.000758725;3002;1318;0.0000~3.5347;136000~196999;2
9990;*;*;17~24;6.280936455;1.153846154;892;299;0.0000~3.5347;136000~196999;2
9991;*;*;1~16;5.311004785;1.033492823;602;209;0.0000~3.5347;136000~196999;2
9992;*;*;1~16;5.263157895;1.036842105;508;190;0.0000~3.5347;136000~196999;2
9993;*;*;17~24;5.901408451;1.133802817;388;142;3.5348~7.0695;136000~196999;2
9994;*;*;9~16;6.041420118;0.980276134;1168;507;3.5348~7.0695;136000~196999;2
9995;*;*;9~16;6.140900196;1.025440313;1275;511;3.5348~7.0695;136000~196999;2
9996;*;*;1~8;6.350393701;1.091863517;1977;762;3.5348~7.0695;136000~196999;2
9997;*;*;1~8;7.243455497;1.107329843;1143;382;3.5348~7.0695;136000~196999;2
9998;*;*;1~16;6.363636364;1.166297118;1307;451;0.0000~3.5347;197000~257999;2
9999;*;*;1~16;5.4875;1.05;246;80;0.0000~3.5347;136000~196999;2
10000;*;*;9~16;6.811111111;1.018518519;752;270;3.5348~7.0695;197000~257999;2
10001;*;*;9~16;6.317073171;1.083623693;827;287;3.5348~7.0695;136000~196999;2
10002;*;*;9~16;7.129129129;1.117117117;884;333;3.5348~7.0695;197000~257999;2
10003;*;*;9~16;6.625441696;1.084805654;806;283;3.5348~7.0695;136000~196999;2
10004;*;*;9~16;6.325670498;1.068965517;633;261;3.5348~7.0695;136000~196999;2
10005;*;*;9~16;8.12601626;1.166666667;585;246;3.5348~7.0695;258000~501999;2
10006;*;*;9~16;6.667844523;1.070671378;775;283;3.5348~7.0695;136000~196999;2
10007;*;*;1~16;6.162280702;1.179824561;660;228;0.0000~3.5347;136000~196999;2
10008;*;*;9~16;6.353932584;1.084269663;520;178;3.5348~7.0695;136000~196999;2
10009;*;*;9~16;5.070093458;1.060747664;629;214;3.5348~7.0695;136000~196999;2
10010;*;*;1~16;6.475113122;1.149321267;681;221;0.0000~3.5347;136000~196999;2
10011;*;*;9~16;4.857142857;1.021428571;354;140;3.5348~7.0695;136000~196999;2
10012;*;*;17~24;6.129287599;1.047493404;963;379;3.5348~7.0695;136000~196999;2
10013;*;*;9~16;6.702479339;1.330578512;352;121;3.5348~7.0695;136000~196999;2
10014;*;*;9~16;7.129436326;1.173277662;1208;479;3.5348~7.0695;136000~196999;2
10015;*;*;1~8;6.425531915;1.021276596;376;141;3.5348~7.0695;136000~196999;2
10016;*;*;1~8;6.139534884;1.046511628;782;344;3.5348~7.0695;136000~196999;2
10017;*;*;1~8;7.409893993;1.189045936;1355;566;3.5348~7.0695;197000~257999;2
10018;*;*;9~16;6.703349282;1.06937799;955;418;3.5348~7.0695;197000~257999;2
10019;*;*;1~16;4.789968652;1.10031348;729;319;0.0000~3.5347;136000~196999;2
10020;*;*;1~16;5.437837838;1.010810811;462;185;0.0000~3.5347;136000~196999;2
10021;*;*;1~16;5.676136364;1.073863636;411;176;0.0000~3.5347;136000~196999;2
10022;*;*;9~16;5.64673913;0.989130435;554;184;0.0000~3.5347;75000~135999;2
10023;*;*;1~16;5.693548387;1.118768328;1816;682;0.0000~3.5347;136000~196999;2
10024;*;*;1~16;6.105590062;1.01242236;399;161;0.0000~3.5347;136000~196999;2
10025;*;*;1~16;6.170731707;1.092682927;573;205;0.0000~3.5347;136000~196999;2
10026;*;*;33~40;4.962174941;1.023640662;929;423;0.0000~3.5347;75000~135999;2
10027;*;*;41~48;5.424657534;1.03652968;471;219;0.0000~3.5347;75000~135999;2
10028;*;*;17~24;4.18974359;0.958974359;1053;390;0.0000~3.5347;136000~196999;2
10029;*;*;9~16;4.353515625;1.048828125;982;512;0.0000~3.5347;75000~135999;2
10030;*;*;49~56;4.47314578;1.079283887;837;391;*;14000~135999;2
10031;*;*;33~40;5.49375;1.064583333;1181;480;0.0000~3.5347;75000~135999;2
10032;*;*;49~56;5.590804598;1.137931034;928;435;*;14000~135999;2
10033;*;*;25~32;5.006864989;0.995423341;1033;437;0.0000~3.5347;75000~135999;2
10034;*;*;17~24;5.202401372;1.012006861;1319;583;0.0000~3.5347;75000~135999;2
10035;*;*;25~32;5.250596659;1.047732697;1045;419;0.0000~3.5347;75000~135999;2
10036;*;*;41~48;4;1.215686275;133;51;0.0000~3.5347;75000~135999;2
10037;*;*;9~16;4.285285285;0.957957958;642;333;0.0000~3.5347;75000~135999;2
10038;*;*;9~16;4.73433584;1.180451128;853;399;0.0000~3.5347;75000~135999;2
10039;*;*;25~32;5.415238095;1.019047619;1310;525;0.0000~3.5347;75000~135999;2
10040;*;*;41~48;5.025714286;1.111428571;716;350;0.0000~3.5347;75000~135999;2
10041;*;*;49~56;4.856187291;1.033444816;637;299;*;14000~135999;2
10042;*;*;41~48;4.861538462;1.05;611;260;0.0000~3.5347;75000~135999;2
10043;*;*;9~16;5.693965517;1.155172414;661;232;3.5348~7.0695;136000~196999;2
10044;*;*;9~16;5.939501779;1.081850534;1373;562;3.5348~7.0695;136000~196999;2
10045;*;*;9~16;6.884803922;1.102941176;1267;408;3.5348~7.0695;136000~196999;2
10046;*;*;1~16;6.160493827;1.131687243;737;243;0.0000~3.5347;136000~196999;2
10047;*;*;1~16;5.777992278;1.084942085;1296;518;0.0000~3.5347;136000~196999;2
10048;*;*;9~16;5.563245823;1.107398568;1110;419;3.5348~7.0695;136000~196999;2
10049;*;*;9~16;6.637931034;1;285;116;3.5348~7.0695;136000~196999;2
10050;*;*;17~24;6.296296296;1.128395062;1016;405;3.5348~7.0695;136000~196999;2
10051;*;*;1~16;6.030927835;1.159793814;537;194;0.0000~3.5347;136000~196999;2
10052;*;*;17~24;5.035294118;0.982352941;518;170;3.5348~7.0695;136000~196999;2
10053;*;*;17~24;4.783613445;0.964285714;1149;476;0.0000~3.5347;136000~196999;2
10054;*;*;49~56;6.108374384;1.16091954;1424;609;*;136000~196999;2
10055;*;*;49~56;6.169966997;1.252475248;1422;606;*;136000~196999;2
10056;*;*;1~16;5.869565217;1.094202899;302;138;0.0000~3.5347;136000~196999;2
10057;*;*;49~56;6.220883534;1.104417671;604;249;*;136000~196999;2
10058;*;*;1~16;5.614457831;0.996987952;894;332;0.0000~3.5347;136000~196999;2
10059;*;*;9~16;5.611510791;1.070143885;1569;556;3.5348~7.0695;136000~196999;2
10060;*;*;17~24;6.013461538;1.036538462;1390;520;3.5348~7.0695;136000~196999;2
10061;*;*;17~24;6.150943396;1.161725067;974;371;3.5348~7.0695;136000~196999;2
10062;*;*;9~16;6.155294118;0.992941176;1090;425;3.5348~7.0695;136000~196999;2
10063;*;*;9~16;4.292682927;1.280487805;226;82;0.0000~3.5347;75000~135999;2
10064;*;*;9~16;4.369281046;1.065359477;1172;306;0.0000~3.5347;75000~135999;2
10065;*;*;17~24;5.560581583;1.138933764;1693;619;0.0000~3.5347;75000~135999;2
10066;*;*;17~24;5.883116883;1.519480519;152;77;0.0000~3.5347;75000~135999;2
10067;*;*;17~24;16.8125;4.421875;171;64;0.0000~3.5347;75000~135999;2
10068;*;*;17~24;5.843575419;1.139664804;486;179;3.5348~7.0695;14000~135999;2
10069;*;*;25~32;6.193146417;1.180685358;905;321;3.5348~7.0695;14000~135999;2
10070;*;*;1~16;7.384615385;1.432692308;646;208;0.0000~3.5347;136000~196999;2
10071;*;*;9~16;6.838983051;1.381355932;1000;354;3.5348~7.0695;14000~135999;2
10072;*;*;9~16;6.463157895;1.484210526;195;95;0.0000~3.5347;75000~135999;2
10073;*;*;9~16;6.233243968;1.09919571;1016;373;3.5348~7.0695;14000~135999;2
10074;*;*;9~16;6.645631068;1.237864078;1193;412;3.5348~7.0695;14000~135999;2
10075;*;*;9~16;9.275720165;1.646090535;694;243;3.5348~7.0695;136000~196999;2
10076;*;*;17~24;16.79329609;3.427374302;780;358;0.0000~3.5347;75000~135999;2
10077;*;*;25~32;19.86;4.74;337;100;3.5348~7.0695;14000~135999;2
10078;*;*;9~16;15.27272727;2.43030303;397;165;3.5348~7.0695;136000~196999;2
10079;*;*;1~16;24.9;5.045454545;294;110;0.0000~3.5347;136000~196999;2
10080;*;*;1~16;36.47826087;6.304347826;291;115;0.0000~3.5347;136000~196999;2
10081;*;*;1~8;22.22826087;3.891304348;245;92;3.5348~7.0695;136000~196999;2
10082;*;*;1~8;26.36619718;3.957746479;203;71;3.5348~7.0695;197000~257999;2
10083;*;*;1~8;26.88235294;4.676470588;85;34;3.5348~7.0695;136000~196999;2
10084;*;*;1~8;16.42138365;2.48427673;482;159;3.5348~7.0695;136000~196999;2
10085;*;*;25~32;5.747983871;1;1287;496;3.5348~7.0695;258000~318999;1
10086;*;*;33~40;5.894179894;1.055555556;1159;378;*;197000~257999;1
10087;*;*;33~40;5.771604938;1.043209877;947;324;*;197000~257999;1
10088;*;*;33~40;6.089552239;0.981343284;690;268;*;197000~257999;1
10089;*;*;33~40;5.267759563;0.983606557;1056;366;*;197000~257999;1
10090;*;*;25~32;5.691642651;1.074927954;918;347;3.5348~7.0695;197000~257999;1
10091;*;*;33~40;4.696132597;1.019337017;981;362;*;136000~196999;1
10092;*;*;25~32;4.457575758;0.972727273;841;330;0.0000~3.5347;197000~257999;1
10093;*;*;25~32;4.622754491;1.041916168;1275;501;3.5348~7.0695;136000~196999;1
10094;*;*;25~32;5.035714286;1.088235294;1407;476;0.0000~3.5347;136000~196999;1
10095;*;*;33~40;4.836065574;1.010928962;1346;366;*;136000~196999;1
10096;*;*;33~40;5.034129693;1.088737201;698;293;*;136000~196999;1
10097;*;*;1~16;4.094262295;0.950819672;1037;244;0.0000~3.5347;136000~196999;1
10098;*;*;25~32;4.593333333;1068;2400;750;0.0000~3.5347;136000~196999;1
10099;*;*;33~40;4.179365079;1;1904;630;*;136000~196999;1
10100;*;*;9~16;5.164102564;1.074358974;839;390;3.5348~7.0695;136000~196999;1
10101;*;*;25~32;6.107226107;0.927738928;1296;429;3.5348~7.0695;197000~257999;1
10102;*;*;33~40;5.376068376;0.934472934;989;351;*;197000~257999;1
10103;*;*;17~24;4.626146789;0.95412844;900;436;0.0000~3.5347;197000~257999;1
10104;*;*;17~24;4.105263158;1.126096491;1654;912;0.0000~3.5347;197000~257999;1
10105;*;*;17~24;4.393468118;1.026438569;1590;643;3.5348~7.0695;136000~196999;1
10106;*;*;25~32;3.781065089;1.059171598;1062;169;0.0000~3.5347;136000~196999;1
10107;*;*;25~32;5.5;1.033112583;1201;302;3.5348~7.0695;136000~196999;1
10108;*;*;9~16;4.505763689;1.017291066;1594;694;3.5348~7.0695;136000~196999;1
10109;*;*;25~32;4.743243243;0.932432432;1038;222;3.5348~7.0695;136000~196999;1
10110;*;*;1~16;4.135957066;1.059033989;2038;559;0.0000~3.5347;136000~196999;1
10111;*;*;25~32;6.487025948;1.089820359;1452;501;3.5348~7.0695;258000~318999;1
10112;*;*;25~32;5.165048544;0.993527508;845;309;3.5348~7.0695;197000~257999;1
10113;*;*;25~32;5.15437788;0.993087558;1135;434;3.5348~7.0695;258000~318999;1
10114;*;*;25~32;3.773076923;1.038461538;1236;520;0.0000~3.5347;136000~196999;1
10115;*;*;25~32;6.780612245;0.974489796;1135;392;3.5348~7.0695;197000~257999;1
10116;*;*;25~32;5.576864536;1.094368341;1820;657;3.5348~7.0695;197000~257999;1
10117;*;*;25~32;4.648183556;1.021032505;1702;523;3.5348~7.0695;136000~196999;1
10118;*;*;25~32;6.876506024;0.93373494;2045;664;3.5348~7.0695;258000~318999;1
10119;*;*;25~32;5.952494062;0.935866983;1255;421;3.5348~7.0695;197000~257999;1
10120;*;*;33~40;5.244803695;1.009237875;1393;433;*;136000~196999;1
10121;*;*;33~40;4.820512821;1.166666667;931;234;*;136000~196999;1
10122;*;*;33~40;4.56741573;1.061797753;1062;356;*;136000~196999;1
10123;*;*;9~16;5.169789227;1.042154567;1532;854;3.5348~7.0695;136000~196999;1
10124;*;*;17~24;7.365714286;1.037142857;1207;350;3.5348~7.0695;258000~318999;1
10125;*;*;9~16;7.368487929;1.069885642;2314;787;3.5348~7.0695;258000~501999;1
10126;*;*;17~24;4.961481481;1.014814815;1822;675;3.5348~7.0695;197000~257999;1
10127;*;*;17~24;7.043879908;0.994226328;2771;866;7.0696~10.6043;*;1
10128;*;*;1~16;4.00462963;1.102777778;1897;1080;0.0000~3.5347;197000~257999;1
10129;*;*;17~24;5.487850467;1.037383178;1381;535;3.5348~7.0695;136000~196999;1
10130;*;*;25~32;5.53968254;0.920634921;391;126;3.5348~7.0695;258000~318999;1
10131;*;*;17~24;5.428571429;1.3;398;70;3.5348~7.0695;197000~257999;1
10132;*;*;25~32;4.469262295;1.026639344;1555;488;3.5348~7.0695;136000~196999;1
10133;*;*;33~40;5.936026936;1.02020202;894;297;*;197000~257999;1
10134;*;*;25~32;5.543478261;1.09057971;666;276;3.5348~7.0695;197000~257999;1
10135;*;*;17~24;5.841558442;0.984415584;1015;385;3.5348~7.0695;258000~318999;1
10136;*;*;33~40;4.676190476;0.99047619;1025;315;*;136000~196999;1
10137;*;*;33~40;5.568281938;0.986784141;527;227;*;197000~257999;1
10138;*;*;33~40;6.226244344;1.162895928;687;221;*;136000~196999;1
10139;*;*;1~16;4.510638298;1.157446809;1281;470;0.0000~3.5347;136000~196999;1
10140;*;*;9~16;4.762195122;1.137195122;609;328;0.0000~3.5347;75000~135999;1
10141;*;*;9~16;6.309734513;0.955752212;652;226;3.5348~7.0695;258000~501999;1
10142;*;*;17~24;6.665217391;0.982608696;693;230;7.0696~10.6043;*;1
10143;*;*;17~24;5.412935323;1.029850746;1002;402;3.5348~7.0695;136000~196999;1
10144;*;*;25~32;6.571753986;1.08428246;1227;439;3.5348~7.0695;197000~257999;1
10145;*;*;33~40;5.013189448;0.964028777;2049;834;*;197000~257999;1
10146;*;*;17~24;6.471810089;1.18694362;1272;337;3.5348~7.0695;258000~318999;1
10147;*;*;33~40;6.961165049;0.927184466;1204;412;*;319000~379999;1
10148;*;*;25~32;8.094936709;0.981012658;891;316;7.0696~10.6043;*;1
10149;*;*;25~32;6.233082707;0.857142857;383;133;7.0696~10.6043;*;1
10150;*;*;17~24;6.748251748;1.135198135;1116;429;3.5348~7.0695;380000~501999;1
10151;*;*;9~16;5.795527157;1.022364217;1010;313;3.5348~7.0695;258000~501999;1
10152;*;*;17~24;6.21978022;1.087912088;676;273;3.5348~7.0695;319000~379999;1
10153;*;*;17~24;6.727112676;1.014084507;1430;568;3.5348~7.0695;319000~379999;1
10154;*;*;25~32;7.573033708;0.971910112;947;356;7.0696~10.6043;*;1
10155;*;*;1~32;8.111650485;0.932038835;678;206;10.6044~16.0000;*;1
10156;*;*;9~16;5.882911392;1.243670886;622;316;3.5348~7.0695;136000~196999;1
10157;*;*;17~24;6.166031988;1.003808073;3853;1313;3.5348~7.0695;258000~318999;1
10158;*;*;1~16;6.481228669;0.969283276;1070;293;7.0696~10.6043;*;1
10159;*;*;9~16;6.138554217;0.96184739;1679;498;3.5348~7.0695;258000~501999;1
10160;*;*;9~16;6.982708934;1.025936599;1213;347;3.5348~7.0695;258000~501999;1
10161;*;*;1~8;5.489285714;1.239285714;506;280;3.5348~7.0695;136000~196999;1
10162;*;*;25~32;7.678111588;0.989270386;1588;466;3.5348~7.0695;319000~379999;1
10163;*;*;17~24;6.55511811;0.972440945;755;254;3.5348~7.0695;319000~379999;1
10164;*;*;17~24;5.791304348;1.095652174;625;230;3.5348~7.0695;319000~379999;1
10165;*;*;17~24;6.089593384;1.052377671;3946;1451;3.5348~7.0695;258000~318999;1
10166;*;*;25~32;8.24137931;1.037617555;956;319;7.0696~10.6043;*;1
10167;*;*;25~32;6.890374332;1.080213904;1076;374;3.5348~7.0695;380000~501999;1
10168;*;*;33~40;6.444776119;1.023880597;833;335;*;319000~379999;1
10169;*;*;25~32;7.988188976;0.952755906;711;254;7.0696~10.6043;*;1
10170;*;*;25~32;4.106854839;1.038306452;1435;496;0.0000~3.5347;136000~196999;1
10171;*;*;25~32;4.455782313;1.129251701;937;294;3.5348~7.0695;136000~196999;1
10172;*;*;25~32;5.601092896;1.453551913;726;183;3.5348~7.0695;136000~196999;1
10173;*;*;25~32;3.936507937;0.904761905;781;315;3.5348~7.0695;197000~257999;1
10174;*;*;25~32;4.120092379;1.016166282;1255;433;3.5348~7.0695;136000~196999;1
10175;*;*;33~40;4.617710583;1.058315335;1682;463;*;136000~196999;1
10176;*;*;33~40;4.473544974;0.970899471;1265;378;*;136000~196999;1
10177;*;*;9~16;4.628378378;1.239864865;1022;296;3.5348~7.0695;136000~196999;1
10178;*;*;33~40;5.002331002;1.002331002;1230;429;*;136000~196999;1
10179;*;*;33~40;6.092178771;1.036312849;1249;358;*;136000~196999;1
10180;*;*;33~40;5.539325843;1.030898876;1152;356;*;136000~196999;1
10181;*;*;33~40;5.601415094;1.035377358;1343;424;*;136000~196999;1
10182;*;*;33~40;5.803278689;1.009367681;1333;427;*;136000~196999;1
10183;*;*;25~32;4.960167715;1.05870021;1283;477;0.0000~3.5347;136000~196999;1
10184;*;*;41~48;5.902027027;1.054054054;770;296;*;197000~257999;1
10185;*;*;33~40;5.208469055;0.964169381;938;307;*;136000~196999;1
10186;*;*;33~40;4.866141732;1.005249344;1115;381;*;136000~196999;1
10187;*;*;17~24;4.837837838;1.131756757;746;296;0.0000~3.5347;14000~74999;1
10188;*;*;25~32;4.45;1445;416;200;0.0000~3.5347;136000~196999;1
10189;*;*;33~40;4.429280397;0.893300248;1155;403;*;136000~196999;1
10190;*;*;33~40;6.175159236;1.130573248;817;314;*;258000~318999;1
10191;*;*;33~40;5.570019724;0.972386588;1394;507;*;136000~196999;1
10192;*;*;33~40;3.808270677;1.172932331;706;266;*;197000~257999;1
10193;*;*;33~40;5.89017341;0.99132948;1066;346;*;136000~196999;1
10194;*;*;33~40;4.961424332;0.943620178;1173;337;*;136000~196999;1
10195;*;*;33~40;5.333333333;0.986842105;893;228;*;136000~196999;1
10196;*;*;33~40;5.613636364;1.031818182;875;220;*;136000~196999;1
10197;*;*;33~40;5.626984127;1.103174603;1247;378;*;136000~196999;1
10198;*;*;49~56;5.782841823;0.970509383;1001;373;*;197000~257999;1
10199;*;*;1~16;3.06235012;1.170263789;730;417;0.0000~3.5347;136000~196999;1
10200;*;*;41~48;4.611607143;1.004464286;1275;448;*;136000~196999;1
10201;*;*;33~40;6.007092199;1.04964539;679;282;*;197000~257999;1
10202;*;*;41~48;3.08;0.87;301;100;*;136000~196999;1
10203;*;*;33~40;4.377431907;1.108949416;966;257;*;136000~196999;1
10204;*;*;49~56;5.135135135;1.237837838;429;185;*;136000~196999;1
10205;*;*;41~48;5.023076923;1.126923077;585;260;*;197000~257999;1
10206;*;*;25~32;6.009779951;0.877750611;967;409;7.0696~10.6043;*;1
10207;*;*;49~56;6.018957346;1.308056872;609;211;*;197000~257999;1
10208;*;*;33~40;6.382758621;1.003448276;784;290;*;197000~257999;1
10209;*;*;25~32;6.399239544;1.038022814;719;263;3.5348~7.0695;197000~257999;1
10210;*;*;25~32;6.944680851;1.038297872;575;235;3.5348~7.0695;258000~318999;1
10211;*;*;25~32;7.550925926;0.981481481;523;216;7.0696~10.6043;*;1
10212;*;*;33~40;5.775910364;0.988795518;991;357;*;197000~257999;1
10213;*;*;33~40;5.348659004;0.938697318;661;261;*;197000~257999;1
10214;*;*;25~32;4.593253968;1.067460317;1360;504;0.0000~3.5347;197000~257999;1
10215;*;*;33~40;4.719063545;0.976588629;1040;299;*;136000~196999;1
10216;*;*;25~32;4.061594203;1.576086957;762;276;0.0000~3.5347;136000~196999;1
10217;*;*;49~56;4.386609071;1.09287257;1191;463;*;136000~196999;1
10218;*;*;17~24;3.258064516;1.072580645;866;496;3.5348~7.0695;14000~135999;1
10219;*;*;9~16;5.183783784;0.951351351;353;185;3.5348~7.0695;136000~196999;1
10220;*;*;1~16;2.586486486;0.972972973;615;370;0.0000~3.5347;136000~196999;1
10221;*;*;1~16;2.843642612;1.075601375;1549;582;0.0000~3.5347;136000~196999;1
10222;*;*;33~40;6.591666667;1.066666667;771;240;*;197000~257999;1
10223;*;*;25~32;6.298192771;1.012048193;1037;332;3.5348~7.0695;197000~257999;1
10224;*;*;25~32;3.835475578;1.128534704;755;389;0.0000~3.5347;136000~196999;1
10225;*;*;25~32;4.969298246;0.947368421;693;228;0.0000~3.5347;197000~257999;1
10226;*;*;33~40;5.562318841;1.011594203;1302;345;*;136000~196999;1
10227;*;*;25~32;4.064766839;1.093264249;835;386;0.0000~3.5347;136000~196999;1
10228;*;*;41~48;4.244725738;0.970464135;1237;237;*;136000~196999;1
10229;*;*;33~40;3.072607261;0.920792079;778;303;*;136000~196999;1
10230;*;*;17~24;4.409214092;1.078590786;1216;369;0.0000~3.5347;136000~196999;1
10231;*;*;33~40;5.350574713;1.040229885;516;174;*;136000~196999;1
10232;*;*;25~32;3.745398773;1.13803681;1822;326;0.0000~3.5347;136000~196999;1
10233;*;*;25~32;3.85359116;1.099447514;1220;362;0.0000~3.5347;136000~196999;1
10234;*;*;25~32;4.356736243;1.081593928;1415;527;0.0000~3.5347;136000~196999;1
10235;*;*;25~32;4.933774834;1.066225166;247;151;3.5348~7.0695;14000~135999;1
10236;*;*;33~40;3.775413712;1.028368794;1888;423;*;136000~196999;1
10237;*;*;9~16;5.113445378;0.955882353;1017;476;3.5348~7.0695;136000~196999;1
10238;*;*;17~24;8.132992327;1.109974425;1413;391;3.5348~7.0695;258000~318999;1
10239;*;*;9~16;3.559498956;0.997912317;759;479;0.0000~3.5347;75000~135999;1
10240;*;*;17~24;4.113662457;1.045924225;2300;871;0.0000~3.5347;197000~257999;1
10241;*;*;17~24;3.905339806;1.120145631;1701;824;3.5348~7.0695;258000~318999;1
10242;*;*;25~32;7.613333333;1.08;486;150;7.0696~10.6043;*;1
10243;*;*;9~16;7.204488778;1.054862843;1227;401;3.5348~7.0695;258000~501999;1
10244;*;*;17~24;7.484536082;0.969072165;630;194;3.5348~7.0695;258000~318999;1
10245;*;*;25~32;7.855392157;1.00245098;1291;408;7.0696~10.6043;*;1
10246;*;*;17~24;6.782515991;0.953091684;1416;469;3.5348~7.0695;258000~318999;1
10247;*;*;17~24;7.408783784;1.001689189;1915;592;3.5348~7.0695;258000~318999;1
10248;*;*;17~24;8.307053942;1.049792531;820;241;3.5348~7.0695;258000~318999;1
10249;*;*;17~24;7.153846154;1.038461538;786;234;3.5348~7.0695;258000~318999;1
10250;*;*;17~24;5.034161491;1.01863354;871;322;3.5348~7.0695;197000~257999;1
10251;*;*;17~24;3.160087719;1.162280702;769;456;0.0000~3.5347;136000~196999;1
10252;*;*;17~24;4.285714286;1.216117216;1382;546;0.0000~3.5347;136000~196999;1
10253;*;*;25~32;3.982378855;0.969162996;1342;454;0.0000~3.5347;136000~196999;1
10254;*;*;17~24;3.75;0.991525424;1519;708;0.0000~3.5347;136000~196999;1
10255;*;*;25~32;4.61634349;1.041551247;2026;722;3.5348~7.0695;136000~196999;1
10256;*;*;25~32;4.639431616;1.069271758;1682;563;3.5348~7.0695;197000~257999;1
10257;*;*;9~16;6.25;0.98046875;685;256;3.5348~7.0695;197000~257999;1
10258;*;*;33~40;4.5;1.1;34;10;*;319000~379999;1
10259;*;*;17~24;4.633802817;1.014084507;209;71;3.5348~7.0695;136000~196999;1
10260;*;*;17~24;6.330708661;1.031496063;1486;635;3.5348~7.0695;258000~318999;1
10261;*;*;1~16;7.010324484;1.004424779;2138;678;7.0696~10.6043;*;1
10262;*;*;17~24;7.351201479;0.998151571;1886;541;3.5348~7.0695;258000~318999;1
10263;*;*;9~16;6.690382082;1.061923584;2569;759;3.5348~7.0695;258000~501999;1
10264;*;*;17~24;6.193846154;0.996923077;1997;650;3.5348~7.0695;258000~318999;1
10265;*;*;25~32;5.885931559;0.97338403;811;263;3.5348~7.0695;197000~257999;1
10266;*;*;17~24;6.635750422;1.053962901;1912;593;3.5348~7.0695;197000~257999;1
10267;*;*;17~24;6.732793522;1.018218623;1616;494;3.5348~7.0695;197000~257999;1
10268;*;*;17~24;4.150273224;1.06010929;1203;366;0.0000~3.5347;136000~196999;1
10269;*;*;1~32;5.352517986;1.074340528;1149;417;0.0000~3.5347;258000~501999;1
10270;*;*;1~8;3.933530281;0.948301329;1367;677;3.5348~7.0695;136000~196999;1
10271;*;*;1~16;4.171428571;1.046153846;1766;455;0.0000~3.5347;136000~196999;1
10272;*;*;1~32;4.515254237;1.247457627;1534;295;0.0000~3.5347;258000~501999;1
10273;*;*;17~24;6.713080169;1.17721519;891;237;3.5348~7.0695;197000~257999;1
10274;*;*;17~24;4.013353116;1.057863501;2726;674;0.0000~3.5347;197000~257999;1
10275;*;*;25~32;4.502946955;1.043222004;2197;509;0.0000~3.5347;136000~196999;1
10276;*;*;17~24;4.437751004;0.967871486;971;249;0.0000~3.5347;75000~135999;1
10277;*;*;9~16;5.838420108;1.046678636;1546;557;3.5348~7.0695;258000~501999;1
10278;*;*;17~24;6.117283951;0.925925926;1027;324;3.5348~7.0695;319000~379999;1
10279;*;*;17~24;5.460957179;1.060453401;1050;397;3.5348~7.0695;197000~257999;1
10280;*;*;17~24;6.466230937;1.095860566;1430;459;3.5348~7.0695;319000~379999;1
10281;*;*;17~24;6.414583333;1.060416667;1431;480;3.5348~7.0695;258000~318999;1
10282;*;*;9~16;5.023154848;1.024602026;1769;691;3.5348~7.0695;197000~257999;1
10283;*;*;9~16;6.909565217;1.034782609;1971;575;3.5348~7.0695;258000~501999;1
10284;*;*;17~24;6.813370474;1.002785515;1196;359;3.5348~7.0695;258000~318999;1
10285;*;*;17~24;7.867579909;1.01826484;707;219;3.5348~7.0695;258000~318999;1
10286;*;*;25~32;6.554716981;1.018867925;840;265;3.5348~7.0695;197000~257999;1
10287;*;*;17~24;6.81556196;1.023054755;1209;347;3.5348~7.0695;258000~318999;1
10288;*;*;17~24;6.328571429;0.967857143;1787;560;3.5348~7.0695;258000~318999;1
10289;*;*;17~24;6.704761905;1.079365079;1048;315;3.5348~7.0695;197000~257999;1
10290;*;*;9~16;6.519951632;1.082224909;2531;827;3.5348~7.0695;258000~501999;1
10291;*;*;1~8;4.898805341;1.018271258;3521;1423;3.5348~7.0695;197000~257999;1
10292;*;*;17~24;8.11827957;1.014336918;904;279;7.0696~10.6043;*;1
10293;*;*;17~24;6.397435897;0.968660969;2457;702;3.5348~7.0695;197000~257999;1
10294;*;*;9~16;4.924731183;1.05955335;3107;1209;3.5348~7.0695;197000~257999;1
10295;*;*;17~24;5.782608696;1.260869565;95;23;3.5348~7.0695;197000~257999;1
10296;*;*;9~16;6.028358209;0.998507463;1905;670;3.5348~7.0695;258000~501999;1
10297;*;*;9~16;4.716332378;1.041547278;1565;698;3.5348~7.0695;258000~501999;1
10298;*;*;1~16;8.007211538;0.985576923;1460;416;7.0696~10.6043;*;1
10299;*;*;17~24;6.207598372;1.036635007;2054;737;3.5348~7.0695;258000~318999;1
10300;*;*;9~16;7.271375465;1.048327138;671;269;3.5348~7.0695;258000~501999;1
10301;*;*;9~16;6.366520788;1.078774617;2306;914;3.5348~7.0695;258000~501999;1
10302;*;*;25~32;8.023136247;0.979434447;1278;389;3.5348~7.0695;319000~379999;1
10303;*;*;17~24;6.506079027;1.026595745;3822;1316;3.5348~7.0695;197000~257999;1
10304;*;*;9~16;6.005353319;1.019271949;2624;934;3.5348~7.0695;136000~196999;1
10305;*;*;9~16;7.692307692;1.017094017;871;234;3.5348~7.0695;258000~501999;1
10306;*;*;9~16;6.901548673;0.996681416;2923;904;3.5348~7.0695;258000~501999;1
10307;*;*;25~32;6.932926829;1.036585366;524;164;7.0696~10.6043;*;1
10308;*;*;17~24;8.156182213;1.045553145;1485;461;7.0696~10.6043;*;1
10309;*;*;1~16;7.31104259;1.054345731;16122;5189;7.0696~10.6043;*;1
10310;*;*;9~16;6.961151079;1.092086331;2090;695;3.5348~7.0695;258000~501999;1
10311;*;*;1~16;7.873990307;1.012924071;2070;619;7.0696~10.6043;*;1
10312;*;*;1~16;8.014003295;0.996705107;4160;1214;7.0696~10.6043;*;1
10313;*;*;17~24;6.936073059;1.073059361;1568;438;3.5348~7.0695;197000~257999;1
10314;*;*;17~24;6.674358974;1.035897436;1350;390;3.5348~7.0695;197000~257999;1
10315;*;*;17~24;5.552147239;0.935582822;1189;326;3.5348~7.0695;197000~257999;1
10316;*;*;9~16;6.872516556;1.054635762;1558;604;3.5348~7.0695;258000~501999;1
10317;*;*;25~32;8.239631336;0.935483871;676;217;7.0696~10.6043;*;1
10318;*;*;17~24;8.973140496;1.064049587;1605;484;7.0696~10.6043;*;1
10319;*;*;1~16;7.388301621;1.129668781;4005;1419;7.0696~10.6043;*;1
10320;*;*;1~16;7.577154309;1.01002004;1665;499;7.0696~10.6043;*;1
10321;*;*;9~16;6.935229068;1.042654028;2146;633;3.5348~7.0695;258000~501999;1
10322;*;*;9~16;7.434579439;1.002336449;1663;428;3.5348~7.0695;258000~501999;1
10323;*;*;17~24;7.638461538;1.069230769;826;260;7.0696~10.6043;*;1
10324;*;*;1~16;8.789823009;1.068584071;1373;452;7.0696~10.6043;*;1
10325;*;*;9~16;5.926686217;1.061583578;1081;341;3.5348~7.0695;197000~257999;1
10326;*;*;9~16;6.495067818;0.998766954;4409;1622;3.5348~7.0695;258000~501999;1
10327;*;*;1~16;7.584033613;1.158263305;2061;714;7.0696~10.6043;*;1
10328;*;*;1~16;8.042735043;1.08974359;1448;468;7.0696~10.6043;*;1
10329;*;*;9~16;6.858546169;0.986247544;1496;509;3.5348~7.0695;258000~501999;1
10330;*;*;9~16;7.077981651;1.048165138;1262;436;3.5348~7.0695;258000~501999;1
10331;*;*;1~8;5.910931174;0.964912281;1913;741;3.5348~7.0695;258000~501999;1
10332;*;*;1~16;8.466512702;1.020785219;1400;433;7.0696~10.6043;*;1
10333;*;*;1~16;8.916363636;1.076363636;954;275;7.0696~10.6043;*;1
10334;*;*;1~8;9.289879931;1.40651801;1753;583;3.5348~7.0695;258000~501999;1
10335;*;*;1~16;8.400541272;1.01488498;2443;739;7.0696~10.6043;*;1
10336;*;*;1~16;9.09375;1.09375;199;64;7.0696~10.6043;*;1
10337;*;*;25~32;5.833333333;1.002109705;1666;474;3.5348~7.0695;197000~257999;1
10338;*;*;25~32;5.592105263;1.085526316;4528;1064;3.5348~7.0695;197000~257999;1
10339;*;*;1~16;8.093959732;0.953020134;572;149;7.0696~10.6043;*;1
10340;*;*;17~24;7.902004454;1.055679287;1506;449;3.5348~7.0695;258000~318999;1
10341;*;*;17~24;5.305128205;1.032051282;2442;780;3.5348~7.0695;197000~257999;1
10342;*;*;1~8;5.469879518;1.08605852;1467;581;3.5348~7.0695;197000~257999;1
10343;*;*;1~16;7.488888889;0.940740741;789;270;7.0696~10.6043;*;1
10344;*;*;9~16;6.391509434;1.039308176;1962;636;3.5348~7.0695;197000~257999;1
10345;*;*;17~24;6.184294872;1.059294872;1972;624;3.5348~7.0695;197000~257999;1
10346;*;*;17~24;6.535849057;0.979245283;1713;530;3.5348~7.0695;197000~257999;1
10347;*;*;17~24;6.755244755;0.93006993;860;286;7.0696~10.6043;*;1
10348;*;*;17~24;7.32173913;1.008695652;781;230;3.5348~7.0695;258000~318999;1
10349;*;*;25~32;7.550403226;1.052419355;1648;496;7.0696~10.6043;*;1
10350;*;*;17~24;6.305799649;1.014059754;1695;569;3.5348~7.0695;197000~257999;1
10351;*;*;9~16;4.638222222;1.055111111;2701;1125;3.5348~7.0695;136000~196999;1
10352;*;*;9~16;6.543209877;1.033670034;2897;891;3.5348~7.0695;197000~257999;1
10353;*;*;9~16;4.564426877;1.043478261;3086;1265;3.5348~7.0695;197000~257999;1
10354;*;*;41~48;4.413394919;1.013856813;930;433;*;136000~196999;1
10355;*;*;33~40;6.154205607;1.065420561;531;214;*;258000~318999;1
10356;*;*;25~32;6.984547461;0.991169978;1517;453;3.5348~7.0695;258000~318999;1
10357;*;*;17~24;6.78390462;1.052160954;1918;671;7.0696~10.6043;*;1
10358;*;*;17~24;7.135294118;1.005882353;565;170;7.0696~10.6043;*;1
10359;*;*;1~16;7.895287958;1.031413613;1172;382;7.0696~10.6043;*;1
10360;*;*;17~24;7.722488038;1.004784689;692;209;7.0696~10.6043;*;1
10361;*;*;1~16;7.790528233;1.029143898;1642;549;7.0696~10.6043;*;1
10362;*;*;9~16;5.022372529;1.040582726;4732;1922;3.5348~7.0695;197000~257999;1
10363;*;*;17~24;7.840073529;1.068014706;2025;544;3.5348~7.0695;258000~318999;1
10364;*;*;17~24;6.731818182;0.920454545;1295;440;3.5348~7.0695;197000~257999;1
10365;*;*;9~16;5.594795539;1.078066914;1649;538;3.5348~7.0695;197000~257999;1
10366;*;*;17~24;8.618942731;1.013215859;1646;454;7.0696~10.6043;*;1
10367;*;*;9~16;5.938223938;1.003861004;835;259;3.5348~7.0695;197000~257999;1
10368;*;*;17~24;6.101923077;0.963461538;1555;520;3.5348~7.0695;197000~257999;1
10369;*;*;9~16;5.358267717;1.090551181;1565;508;3.5348~7.0695;136000~196999;1
10370;*;*;9~16;6.12132089;0.979181622;4597;1393;3.5348~7.0695;197000~257999;1
10371;*;*;9~16;7.18556701;1.070103093;1740;485;3.5348~7.0695;197000~257999;1
10372;*;*;1~16;7.93442623;0.995316159;1395;427;7.0696~10.6043;*;1
10373;*;*;1~16;7.002971768;0.997028232;2197;673;7.0696~10.6043;*;1
10374;*;*;9~16;5.46192053;1.009933775;1967;604;3.5348~7.0695;197000~257999;1
10375;*;*;1~16;7.665952891;1.051391863;1688;467;7.0696~10.6043;*;1
10376;*;*;1~16;9.906329114;1.130379747;2985;790;7.0696~10.6043;*;1
10377;*;*;1~16;8.18707483;1.093537415;1808;588;7.0696~10.6043;*;1
10378;*;*;9~16;6.13164557;1.086075949;810;395;3.5348~7.0695;258000~501999;1
10379;*;*;1~8;4.754690757;1.050729673;3256;1439;3.5348~7.0695;197000~257999;1
10380;*;*;9~16;5.71409396;1.053691275;1293;745;3.5348~7.0695;136000~196999;1
10381;*;*;1~8;5.723880597;1.024253731;985;536;3.5348~7.0695;197000~257999;1
10382;*;*;9~16;6.961439589;1.053984576;1140;389;3.5348~7.0695;258000~501999;1
10383;*;*;1~16;5.408719346;1.050408719;1202;734;0.0000~3.5347;136000~196999;1
10384;*;*;9~16;6.365313653;0.982779828;2717;813;3.5348~7.0695;197000~257999;1
10385;*;*;9~16;7.527559055;0.570866142;2529;762;3.5348~7.0695;258000~501999;1
10386;*;*;9~16;6.235995232;0.965435042;3041;839;3.5348~7.0695;197000~257999;1
10387;*;*;9~16;6.102631579;1.131578947;1004;380;3.5348~7.0695;258000~501999;1
10388;*;*;1~16;8.394871795;0.982051282;1312;390;7.0696~10.6043;*;1
10389;*;*;1~16;7.737523105;0.804066543;1794;541;7.0696~10.6043;*;1
10390;*;*;1~8;4.479820628;1.121076233;1185;446;3.5348~7.0695;136000~196999;1
10391;*;*;1~16;11.11059908;1.631336406;703;217;7.0696~10.6043;*;1
10392;*;*;9~16;6.2075;1.1075;1357;400;3.5348~7.0695;197000~257999;1
10393;*;*;1~16;7.483050847;0.960451977;1238;354;7.0696~10.6043;*;1
10394;*;*;9~16;6.408536585;1.067073171;1003;328;3.5348~7.0695;136000~196999;1
10395;*;*;9~16;5.728132388;1.028368794;1366;423;3.5348~7.0695;136000~196999;1
10396;*;*;1~8;4.446478873;1.015492958;1695;710;3.5348~7.0695;197000~257999;1
10397;*;*;1~8;5.204113924;1.151898734;1345;632;3.5348~7.0695;136000~196999;1
10398;*;*;9~16;6.361313869;0.927007299;943;274;3.5348~7.0695;258000~501999;1
10399;*;*;1~16;7.298913043;0.951086957;650;184;7.0696~10.6043;*;1
10400;*;*;9~16;9.466666667;1.377777778;133;45;3.5348~7.0695;258000~501999;1
10401;*;*;1~16;7.674358974;1.1;991;390;7.0696~10.6043;*;1
10402;*;*;1~32;9.636036036;1.187387387;1862;555;10.6044~16.0000;*;1
10403;*;*;1~8;8.640701071;1.267770204;3191;1027;3.5348~7.0695;258000~501999;1
10404;*;*;25~32;5.995098039;1.053921569;633;204;3.5348~7.0695;258000~318999;1
10405;*;*;1~32;10.55813953;2.372093023;213;43;10.6044~16.0000;*;1
10406;*;*;1~8;4.202090592;0.891986063;563;287;3.5348~7.0695;136000~196999;1
10407;*;*;1~8;5.5360134;1.078726968;1693;597;3.5348~7.0695;197000~257999;1
10408;*;*;1~8;5.18134715;1.093264249;833;386;3.5348~7.0695;136000~196999;1
10409;*;*;1~8;5.857777778;0.968888889;673;225;3.5348~7.0695;258000~501999;1
10410;*;*;1~8;4.529356943;1.111835974;2332;1073;3.5348~7.0695;136000~196999;1
10411;*;*;1~8;6.46185567;1.039175258;1599;485;3.5348~7.0695;197000~257999;1
10412;*;*;1~8;7.789022298;1.234991424;1600;583;3.5348~7.0695;258000~501999;1
10413;*;*;1~8;4.665773012;1.087578195;2597;1119;3.5348~7.0695;197000~257999;1
10414;*;*;1~8;4.64507772;1.010362694;897;386;3.5348~7.0695;136000~196999;1
10415;*;*;1~32;3.769953052;1.169014085;815;426;0.0000~3.5347;258000~501999;1
10416;*;*;1~8;6.570224719;1.14747191;1970;712;3.5348~7.0695;197000~257999;1
10417;*;*;1~16;10.00587372;1.152716593;2175;681;7.0696~10.6043;*;1
10418;*;*;17~24;6.105747126;1.183908046;998;435;3.5348~7.0695;380000~501999;0
10419;*;*;9~16;6.781582054;1.244391972;2104;847;3.5348~7.0695;258000~501999;0
10420;*;*;33~40;6.406015038;1.012531328;946;399;*;380000~440999;0
10421;*;*;25~32;5.108387097;1.104516129;1919;775;3.5348~7.0695;258000~318999;0
10422;*;*;25~32;5.666666667;1.005167959;922;387;3.5348~7.0695;258000~318999;0
10423;*;*;1~8;8.587677725;1.208530806;661;211;3.5348~7.0695;258000~501999;0
10424;*;*;1~8;6.646067416;1.131086142;1571;534;3.5348~7.0695;258000~501999;0
10425;*;*;1~16;7.265682657;1.033210332;805;271;7.0696~10.6043;*;0
10426;*;*;1~8;5.107526882;0.989247312;426;186;3.5348~7.0695;197000~257999;0
10427;*;*;1~8;7.269631031;1.029328288;2812;1057;3.5348~7.0695;258000~501999;0
10428;*;*;25~32;7.009174312;1.995412844;607;218;3.5348~7.0695;319000~379999;0
10429;*;*;25~32;6.176136364;1.215909091;603;352;0.0000~3.5347;197000~257999;0
10430;*;*;25~32;7.260869565;1.217391304;130;46;3.5348~7.0695;258000~318999;0
10431;*;*;25~32;4.867374005;1.095490716;1221;377;0.0000~3.5347;197000~257999;0
10432;*;*;25~32;4.419243986;1.216494845;2321;873;0.0000~3.5347;197000~257999;0
10433;*;*;17~24;3.53133515;1.046321526;850;367;0.0000~3.5347;197000~257999;0
10434;*;*;17~24;5.56300813;1.329268293;910;492;3.5348~7.0695;319000~379999;0
10435;*;*;17~24;4.717112922;1.111757858;1950;859;3.5348~7.0695;197000~257999;0
10436;*;*;33~40;3.627760252;1.208201893;604;317;*;136000~196999;0
10437;*;*;25~32;4.135802469;1.094650206;460;243;0.0000~3.5347;136000~196999;0
10438;*;*;1~32;4.643086817;1.324758842;597;311;0.0000~3.5347;258000~501999;0
10439;*;*;1~8;5.445977011;1.301149425;996;435;3.5348~7.0695;197000~257999;0
10440;*;*;1~8;5.584053794;1.214217099;2363;1041;3.5348~7.0695;258000~501999;0
10441;*;*;17~24;4.933021807;1.157320872;1797;642;3.5348~7.0695;197000~257999;0
10442;*;*;17~24;5.314420804;1.059101655;878;423;3.5348~7.0695;197000~257999;0
10443;*;*;17~24;5.84;1.084705882;1048;425;3.5348~7.0695;258000~318999;0
10444;*;*;17~24;6.07651715;1.052770449;851;379;3.5348~7.0695;319000~379999;0
10445;*;*;17~24;7.276243094;1.034990792;1392;543;3.5348~7.0695;380000~501999;0
10446;*;*;17~24;7.683018868;1.026415094;713;265;3.5348~7.0695;319000~379999;0
10447;*;*;9~16;6.604508197;0.991803279;1230;488;3.5348~7.0695;258000~501999;0
10448;*;*;1~32;4.819787986;1.088339223;1081;566;0.0000~3.5347;258000~501999;1
10449;*;*;17~24;6.576427256;1.329650092;1409;543;3.5348~7.0695;258000~318999;1
10450;*;*;25~32;7.302439024;1.265853659;903;410;3.5348~7.0695;380000~501999;1
10451;*;*;17~24;6.53307393;1.054474708;783;257;3.5348~7.0695;258000~318999;1
10452;*;*;25~32;6.097058824;1.088235294;952;340;3.5348~7.0695;258000~318999;1
10453;*;*;25~32;5.210743802;0.962809917;609;242;3.5348~7.0695;258000~318999;1
10454;*;*;1~32;5.152866242;1.146496815;334;157;0.0000~3.5347;258000~501999;1
10455;*;*;9~16;5.819371728;1.188481675;628;382;3.5348~7.0695;197000~257999;1
10456;*;*;1~8;7.465875371;1.272997033;781;337;3.5348~7.0695;258000~501999;1
10457;*;*;9~16;6.26618705;1.04676259;1469;556;3.5348~7.0695;258000~501999;1
10458;*;*;1~32;9.413793103;1.08045977;572;174;10.6044~16.0000;*;1
10459;*;*;1~16;7.355691057;1.089430894;1506;492;7.0696~10.6043;*;1
10460;*;*;1~8;4.863731656;0.849056604;1408;477;3.5348~7.0695;197000~257999;0
10461;*;*;17~24;6.586142322;1.066479401;2824;1068;3.5348~7.0695;258000~318999;1
10462;*;*;9~16;5.380697051;1.064343164;1033;373;3.5348~7.0695;258000~501999;1
10463;*;*;9~16;6.136400986;1.047658176;3033;1217;3.5348~7.0695;197000~257999;0
10464;*;*;25~32;7.888888889;1.200617284;1530;648;7.0696~10.6043;*;1
10465;*;*;33~40;6.025157233;1.272012579;1332;636;*;380000~440999;1
10466;*;*;25~32;6.666666667;1.042635659;612;258;7.0696~10.6043;*;1
10467;*;*;1~16;7.7997558;1.123321123;2129;819;7.0696~10.6043;*;1
10468;*;*;9~16;6.638472033;1.107776262;1909;733;3.5348~7.0695;197000~257999;1
10469;*;*;9~16;5.706484642;1.006825939;704;293;3.5348~7.0695;197000~257999;1
10470;*;*;17~24;6.334500876;1.045534151;1176;571;3.5348~7.0695;319000~379999;1
10471;*;*;1~8;6.835849057;1.38490566;1129;530;3.5348~7.0695;258000~501999;1
10472;*;*;17~24;7.770609319;1.039426523;654;279;7.0696~10.6043;*;1
10473;*;*;1~8;7.19778481;1.243670886;1238;632;3.5348~7.0695;258000~501999;1
10474;*;*;17~24;7.578723404;0.934042553;1584;470;3.5348~7.0695;258000~318999;1
10475;*;*;17~24;7.640625;1.0234375;969;256;3.5348~7.0695;258000~318999;1
10476;*;*;17~24;6.417910448;1.07761194;1194;335;3.5348~7.0695;197000~257999;1
10477;*;*;1~16;5.336734694;1.24744898;877;392;0.0000~3.5347;197000~257999;1
10478;*;*;1~32;5.485074627;0.97761194;1333;402;0.0000~3.5347;258000~501999;1
10479;*;*;9~16;7.489655172;0.967816092;1464;435;3.5348~7.0695;258000~501999;1
10480;*;*;1~16;7.703016241;0.988399072;1432;431;7.0696~10.6043;*;1
10481;*;*;1~16;7.717777778;1.035555556;1569;450;7.0696~10.6043;*;1
10482;*;*;1~16;6.800407332;1.029531568;2877;982;7.0696~10.6043;*;1
10483;*;*;1~32;9.860169492;1.11440678;899;236;10.6044~16.0000;*;1
10484;*;*;1~16;8.225071225;1;1176;351;7.0696~10.6043;*;1
10485;*;*;1~8;6.332386364;1.038352273;1731;704;3.5348~7.0695;258000~501999;1
10486;*;*;9~16;6.09556314;1.020477816;727;293;3.5348~7.0695;197000~257999;1
10487;*;*;17~24;5.797402597;0.966233766;1072;385;3.5348~7.0695;197000~257999;1
10488;*;*;9~16;4.469565217;1.049275362;2557;690;0.0000~3.5347;75000~135999;1
10489;*;*;1~16;5.299047619;1.102857143;983;525;0.0000~3.5347;136000~196999;1
10490;*;*;1~16;6;1;128;61;7.0696~10.6043;*;1
10491;*;*;17~24;6.813953488;0.995348837;1481;430;3.5348~7.0695;380000~501999;1
10492;*;*;17~24;6.582018927;0.985804416;1649;634;3.5348~7.0695;258000~318999;1
10493;*;*;25~32;6.519114688;0.967806841;1462;497;3.5348~7.0695;258000~318999;1
10494;*;*;9~16;6.965517241;1.303448276;679;290;3.5348~7.0695;258000~501999;1
10495;*;*;17~24;5.030651341;0.833333333;1302;522;3.5348~7.0695;136000~196999;1
10496;*;*;9~16;6;1.061349693;862;326;3.5348~7.0695;136000~196999;1
10497;*;*;17~24;4.877598152;1.108545035;1893;433;3.5348~7.0695;14000~135999;1
10498;*;*;17~24;4.633802817;1.107042254;1490;355;0.0000~3.5347;75000~135999;1
10499;*;*;17~24;5.54185022;1.083700441;545;227;0.0000~3.5347;136000~196999;1
10500;*;*;17~24;5.518927445;1.138801262;1480;634;3.5348~7.0695;258000~318999;1
10501;*;*;17~24;4.735735736;1.09009009;764;333;3.5348~7.0695;319000~379999;1
10502;*;*;17~24;4.580912863;1.107883817;1423;482;3.5348~7.0695;258000~318999;1
10503;*;*;17~24;4.544658494;1.087565674;1728;571;3.5348~7.0695;197000~257999;1
10504;*;*;17~24;4.886842105;1.05;881;380;3.5348~7.0695;319000~379999;1
10505;*;*;1~8;7.678861789;1.459349593;616;246;3.5348~7.0695;258000~501999;1
10506;*;*;1~8;5.626865672;1.062189055;1016;402;3.5348~7.0695;258000~501999;1
10507;*;*;1~16;7.047146402;1;1363;403;7.0696~10.6043;*;1
10508;*;*;1~8;6.386243386;1.114638448;1546;567;3.5348~7.0695;258000~501999;1
10509;*;*;9~16;6.694444444;0.991319444;1646;576;3.5348~7.0695;258000~501999;1
10510;*;*;17~24;6.221830986;0.985915493;801;284;3.5348~7.0695;258000~318999;1
10511;*;*;17~24;6.293383271;0.971285893;2396;801;3.5348~7.0695;258000~318999;1
10512;*;*;1~32;4.434782609;1.293995859;1176;483;0.0000~3.5347;258000~501999;1
10513;*;*;1~8;8.782971619;1.273789649;1460;599;3.5348~7.0695;258000~501999;1
10514;*;*;1~8;5.765441751;1.129007037;3214;1279;3.5348~7.0695;258000~501999;1
10515;*;*;1~8;5.880597015;1.100965759;2834;1139;3.5348~7.0695;258000~501999;1
10516;*;*;17~24;6.886426593;1.155124654;876;361;3.5348~7.0695;319000~379999;1
10517;*;*;1~32;7.822064057;0.896797153;883;281;10.6044~16.0000;*;1
10518;*;*;9~16;7.819397993;1.16722408;1543;598;3.5348~7.0695;258000~501999;1
10519;*;*;1~16;8.78665496;1.275680421;3550;1139;7.0696~10.6043;*;1
10520;*;*;1~16;7875;0.982142857;705;224;7.0696~10.6043;*;1
10521;*;*;1~8;6.577235772;1.081300813;710;246;3.5348~7.0695;258000~501999;1
10522;*;*;1~16;7.9296;1.1088;1802;625;7.0696~10.6043;*;1
10523;*;*;1~16;6.289002558;0.997442455;1054;391;7.0696~10.6043;*;1
10524;*;*;1~8;8.091954023;1.168582375;703;261;3.5348~7.0695;258000~501999;1
10525;*;*;1~8;4.458029197;1.162408759;1033;548;3.5348~7.0695;136000~196999;1
10526;*;*;1~16;4.198209719;1.164961637;1512;782;0.0000~3.5347;136000~196999;1
10527;*;*;1~16;8.825539568;1.037769784;1883;556;7.0696~10.6043;*;1
10528;*;*;1~16;7.6875;1.15;962;320;7.0696~10.6043;*;1
10529;*;*;1~8;4.960784314;1.101960784;1066;510;3.5348~7.0695;136000~196999;1
10530;*;*;9~16;4.109215017;1.211604096;469;293;3.5348~7.0695;14000~135999;1
10531;*;*;1~8;5.052227343;1.156682028;1285;651;3.5348~7.0695;197000~257999;1
10532;*;*;1~8;4.782552083;1.147135417;1846;768;3.5348~7.0695;136000~196999;1
10533;*;*;1~8;6.29015544;1.038860104;959;386;3.5348~7.0695;258000~501999;1
10534;*;*;1~8;5.012295082;1.12704918;505;244;3.5348~7.0695;136000~196999;1
10535;*;*;1~8;5.921914358;1.120906801;834;397;3.5348~7.0695;197000~257999;1
10536;*;*;1~16;7.272727273;1.0995671;617;231;7.0696~10.6043;*;1
10537;*;*;1~16;7.42204568;1.02979146;2969;1007;7.0696~10.6043;*;1
10538;*;*;9~16;7.357446809;1.357446809;1156;470;3.5348~7.0695;258000~501999;1
10539;*;*;1~8;7.038608401;1.143826899;6223;2357;3.5348~7.0695;258000~501999;1
10540;*;*;9~16;6.190779014;1.06836248;1490;629;3.5348~7.0695;258000~501999;1
10541;*;*;9~16;7.261061947;1.455752212;1720;904;3.5348~7.0695;258000~501999;1
10542;*;*;17~24;6.53902439;1.107317073;830;410;3.5348~7.0695;319000~379999;1
10543;*;*;25~32;5.350378788;1.026515152;3985;1056;0.0000~3.5347;136000~196999;1
10544;*;*;1~16;7.475778547;1.006920415;2025;578;7.0696~10.6043;*;1
10545;*;*;1~16;5.478846154;1.032692308;878;520;0.0000~3.5347;136000~196999;1
10546;*;*;1~16;6.845238095;0.976190476;2042;588;7.0696~10.6043;*;1
10547;*;*;1~16;6.937293729;0.97359736;1060;303;7.0696~10.6043;*;1
10548;*;*;1~8;5.224137931;1.076149425;1486;696;3.5348~7.0695;197000~257999;1
10549;*;*;1~8;4.367857143;1.110714286;1315;560;3.5348~7.0695;136000~196999;1
10550;*;*;9~16;7.301886792;1.071698113;2356;795;3.5348~7.0695;258000~501999;1
10551;*;*;1~16;8.776744186;1.060465116;1587;430;7.0696~10.6043;*;1
10552;*;*;9~16;7.3174946;1.062634989;1249;463;3.5348~7.0695;258000~501999;1
10553;*;*;1~16;8.791044776;1.062686567;1293;335;7.0696~10.6043;*;1
10554;*;*;9~16;5.589285714;0.978571429;950;280;3.5348~7.0695;197000~257999;1
10555;*;*;9~16;5.475877193;1.096491228;1357;456;3.5348~7.0695;197000~257999;1
10556;*;*;1~16;5.160377358;1.113207547;945;318;0.0000~3.5347;197000~257999;1
10557;*;*;9~16;6.492668622;1.092375367;1525;682;3.5348~7.0695;258000~501999;1
10558;*;*;9~16;5;0.983739837;380;246;0.0000~3.5347;14000~74999;1
10559;*;*;17~24;5.973737374;0.993939394;1639;495;3.5348~7.0695;197000~257999;1
10560;*;*;17~24;6.967889908;1.084862385;1501;436;3.5348~7.0695;197000~257999;1
10561;*;*;17~24;6.445012788;0.989769821;1338;391;3.5348~7.0695;197000~257999;1
10562;*;*;1~16;7.867364747;1.078534031;1993;573;7.0696~10.6043;*;1
10563;*;*;1~16;8.115902965;1.045822102;1359;371;7.0696~10.6043;*;1
10564;*;*;1~16;6.732240437;0.948087432;1241;366;7.0696~10.6043;*;1
10565;*;*;9~16;3.794354839;1.072580645;366;248;3.5348~7.0695;136000~196999;1
10566;*;*;9~16;2.953216374;1.023391813;470;342;0.0000~3.5347;75000~135999;1
10567;*;*;17~24;5.466666667;1.133333333;391;60;3.5348~7.0695;14000~135999;1
10568;*;*;1~16;7.471590909;0.928977273;1256;352;7.0696~10.6043;*;1
10569;*;*;1~8;5.880886427;0.954293629;1933;722;3.5348~7.0695;197000~257999;1
10570;*;*;1~8;5.654320988;1.092324208;4656;1863;3.5348~7.0695;258000~501999;1
10571;*;*;1~8;5.274753758;1.130637636;4762;1929;3.5348~7.0695;197000~257999;1
10572;*;*;1~8;5.739922695;1.057426836;4783;1811;3.5348~7.0695;197000~257999;1
10573;*;*;1~8;6.062899787;1.034115139;2677;938;3.5348~7.0695;197000~257999;1
10574;*;*;1~32;4.795454545;1.159090909;125;44;0.0000~3.5347;258000~501999;1
10575;*;*;1~16;7.640226629;1.059490085;2383;706;7.0696~10.6043;*;1
10576;*;*;1~16;7.429495472;1;2380;773;7.0696~10.6043;*;1
10577;*;*;17~24;5.707509881;1.027667984;792;253;3.5348~7.0695;258000~318999;1
10578;*;*;17~24;6.07223114;1.04975923;1843;623;3.5348~7.0695;197000~257999;1
10579;*;*;9~16;6.767624021;0.971279373;1279;383;3.5348~7.0695;258000~501999;1
10580;*;*;1~16;5.323108384;1.014314928;4660;978;0.0000~3.5347;136000~196999;1
10581;*;*;17~24;7.375565611;1.036199095;1383;442;3.5348~7.0695;258000~318999;1
10582;*;*;1~32;5.808743169;1.032786885;363;183;0.0000~3.5347;258000~501999;1
10583;*;*;9~16;5.121330724;0.990215264;1317;511;3.5348~7.0695;197000~257999;1
10584;*;*;1~16;7.682997118;1.115273775;1227;347;7.0696~10.6043;*;1
10585;*;*;17~24;7.183884298;0.954545455;1593;484;3.5348~7.0695;258000~318999;1
10586;*;*;9~16;5.292775665;1.015209125;681;263;3.5348~7.0695;136000~196999;1
10587;*;*;9~16;4.180473373;1.100591716;744;338;3.5348~7.0695;136000~196999;1
10588;*;*;9~16;4.310344828;0.974137931;261;116;3.5348~7.0695;136000~196999;1
10589;*;*;9~16;4.958333333;1.014880952;479;336;0.0000~3.5347;14000~74999;1
10590;*;*;9~16;5.776412776;0.99017199;2529;814;3.5348~7.0695;197000~257999;1
10591;*;*;17~24;7.645259939;1.012232416;1027;327;3.5348~7.0695;258000~318999;1
10592;*;*;9~16;6.967213115;1.026639344;1575;488;3.5348~7.0695;258000~501999;1
10593;*;*;9~16;6.678832117;1.087591241;1429;411;3.5348~7.0695;258000~501999;1
10594;*;*;9~16;6.177419355;0.967741935;679;248;3.5348~7.0695;258000~501999;1
10595;*;*;9~16;6.682274247;1.030100334;818;299;3.5348~7.0695;258000~501999;1
10596;*;*;9~16;5.280561122;1.034068136;1150;499;3.5348~7.0695;258000~501999;1
10597;*;*;9~16;4.825737265;0.970509383;874;373;3.5348~7.0695;197000~257999;1
10598;*;*;1~16;6.83713355;1.048859935;873;307;7.0696~10.6043;*;1
10599;*;*;1~8;4.580882353;1.073529412;396;136;3.5348~7.0695;197000~257999;1
10600;*;*;1~8;5.976470588;1.026470588;862;340;3.5348~7.0695;258000~501999;1
10601;*;*;1~16;6.376899696;1.039513678;908;329;7.0696~10.6043;*;1
10602;*;*;1~8;5.051759834;1.039337474;1113;483;3.5348~7.0695;197000~257999;1
10603;*;*;9~16;5.329931973;1.017006803;675;294;3.5348~7.0695;197000~257999;1
10604;*;*;1~16;6.324675325;1.028571429;1194;385;7.0696~10.6043;*;1
10605;*;*;1~16;6.429411765;1.039215686;1447;510;7.0696~10.6043;*;1
10606;*;*;1~8;4.837438424;1.017241379;913;406;3.5348~7.0695;136000~196999;1
10607;*;*;9~16;5.935275081;1.067961165;841;309;3.5348~7.0695;197000~257999;1
10608;*;*;9~16;5.833333333;1.12;852;300;3.5348~7.0695;197000~257999;1
10609;*;*;1~16;6.524752475;1.02970297;1137;404;7.0696~10.6043;*;1
10610;*;*;9~16;4.851581509;1.160583942;849;411;3.5348~7.0695;197000~257999;1
10611;*;*;9~16;5.498316498;0.993265993;928;297;3.5348~7.0695;258000~501999;1
10612;*;*;1~16;6.343373494;0.960843373;1002;332;7.0696~10.6043;*;1
10613;*;*;1~8;5.495833333;1.085416667;1179;480;3.5348~7.0695;197000~257999;1
10614;*;*;1~16;6.264483627;0.977329975;1147;397;7.0696~10.6043;*;1
10615;*;*;1~8;6.20593692;1.024118738;1525;539;3.5348~7.0695;258000~501999;1
10616;*;*;1~32;4.361111111;0.888888889;880;288;0.0000~3.5347;258000~501999;1
10617;*;*;1~8;5.219594595;1.027027027;788;296;3.5348~7.0695;258000~501999;1
10618;*;*;1~16;6.146118721;0.97260274;603;219;7.0696~10.6043;*;1
10619;*;*;1~16;6.312757202;1.016460905;1357;486;7.0696~10.6043;*;1
10620;*;*;17~24;6.433333333;0.975555556;1588;450;3.5348~7.0695;258000~318999;1
10621;*;*;1~8;4.0325;1.0475;1666;800;3.5348~7.0695;136000~196999;1
10622;*;*;1~8;5.725221595;1.175664786;3068;1241;3.5348~7.0695;258000~501999;1
10623;*;*;9~16;4.426380368;1.09202454;1913;978;3.5348~7.0695;136000~196999;1
10624;*;*;9~16;7.072864322;1.082914573;1181;398;3.5348~7.0695;258000~501999;1
10625;*;*;1~16;6.645061728;0.975308642;954;324;7.0696~10.6043;*;1
10626;*;*;1~16;7.946721311;1.012295082;928;244;7.0696~10.6043;*;1
10627;*;*;1~16;6.772575251;0.976588629;1986;598;7.0696~10.6043;*;1
10628;*;*;1~8;5.486666667;1.07;859;300;3.5348~7.0695;197000~257999;1
10629;*;*;1~16;7.165584416;0.944805195;1081;308;7.0696~10.6043;*;1
10630;*;*;1~8;4.798029557;1.142857143;428;203;3.5348~7.0695;136000~196999;1
10631;*;*;1~16;6.488188976;1.11023622;3318;1270;7.0696~10.6043;*;1
10632;*;*;9~16;8.151960784;1.225490196;597;204;3.5348~7.0695;197000~257999;1
10633;*;*;9~16;5.618491921;0.985637343;3785;1114;3.5348~7.0695;197000~257999;1
10634;*;*;9~16;6.639658849;0.987206823;1641;469;3.5348~7.0695;258000~501999;1
10635;*;*;1~16;7.683636364;1.044848485;3132;825;7.0696~10.6043;*;1
10636;*;*;1~8;4.203166227;0.978891821;832;379;3.5348~7.0695;197000~257999;1
10637;*;*;1~8;4.363380282;1.064788732;735;355;3.5348~7.0695;136000~196999;1
10638;*;*;9~16;5.803278689;1.020491803;636;244;3.5348~7.0695;197000~257999;1
10639;*;*;9~16;5.933544304;1;890;316;3.5348~7.0695;197000~257999;1
10640;*;*;1~16;8.244623656;1.064516129;1275;372;7.0696~10.6043;*;1
10641;*;*;1~32;3.922297297;0.976351351;630;296;0.0000~3.5347;258000~501999;1
10642;*;*;33~40;4.124413146;1.089201878;821;426;*;380000~440999;1
10643;*;*;33~40;6.656957929;1.064724919;658;309;*;441000~501999;1
10644;*;*;1~32;8.321808511;1.333776596;1730;752;10.6044~16.0000;*;1
10645;*;*;33~40;5.482758621;1.135278515;724;377;*;441000~501999;1
10646;*;*;33~40;3.528571429;1.142857143;167;70;*;197000~257999;1
10647;*;*;41~48;5.004962779;1.213399504;783;403;*;380000~501999;1
10648;*;*;1~32;4.191740413;1.362831858;520;339;0.0000~3.5347;258000~501999;1
10649;*;*;33~40;4.535362578;1.156669651;1915;1117;*;441000~501999;1
10650;*;*;17~24;6.239971347;1.106017192;3173;1396;3.5348~7.0695;319000~379999;1
10651;*;*;25~32;5.953565506;1.28026534;1070;603;3.5348~7.0695;380000~501999;1
10652;*;*;25~32;7.386861314;1.083941606;617;274;3.5348~7.0695;380000~501999;1
10653;*;*;1~8;5.961174714;1.241911399;4327;2009;3.5348~7.0695;136000~196999;1
10654;*;*;9~16;4;1;15;5;3.5348~7.0695;258000~501999;1
10655;*;*;1~32;3.869731801;1.049808429;649;261;0.0000~3.5347;258000~501999;1
10656;*;*;17~24;4.703571429;1.144642857;1454;560;3.5348~7.0695;258000~318999;1
10657;*;*;9~16;5.233333333;0.973333333;747;450;3.5348~7.0695;258000~501999;1
10658;*;*;9~16;4.336088154;1.060606061;515;363;3.5348~7.0695;258000~501999;1
10659;*;*;17~24;6.37987013;1.073051948;1831;616;3.5348~7.0695;258000~318999;1
10660;*;*;9~16;5.145748988;1.008097166;1022;494;3.5348~7.0695;197000~257999;1
10661;*;*;1~16;6.147826087;0.830434783;635;230;7.0696~10.6043;*;1
10662;*;*;17~24;6.157667387;1.058315335;1192;463;3.5348~7.0695;258000~318999;1
10663;*;*;17~24;7.176570458;1.088285229;1605;589;3.5348~7.0695;258000~318999;1
10664;*;*;1~16;4.198895028;1.036832413;6083;1629;0.0000~3.5347;197000~257999;1
10665;*;*;25~32;6.514367816;1.031609195;866;348;7.0696~10.6043;*;1
10666;*;*;1~16;7.138702461;1.078299776;930;447;7.0696~10.6043;*;1
10667;*;*;25~32;7.493421053;1.039473684;772;304;7.0696~10.6043;*;1
10668;*;*;17~24;7.432291667;1.010416667;1443;576;7.0696~10.6043;*;1
10669;*;*;17~24;9.176811594;1.191304348;1092;345;7.0696~10.6043;*;1
10670;*;*;17~24;7.474874372;0.932160804;1247;398;7.0696~10.6043;*;1
10671;*;*;17~24;6.75;0.972222222;316;108;7.0696~10.6043;*;1
10672;*;*;1~16;6.47761194;1.105970149;1505;670;7.0696~10.6043;*;1
10673;*;*;1~32;7.842900302;0.993957704;1865;662;10.6044~16.0000;*;1
10674;*;*;17~24;5.79588015;1.031835206;1175;534;3.5348~7.0695;380000~501999;1
10675;*;*;25~32;7.30472103;1.066523605;1134;466;7.0696~10.6043;*;1
10676;*;*;25~32;6.965944272;1.018575851;826;323;3.5348~7.0695;380000~501999;1
10677;*;*;41~48;5.309278351;1.120274914;1105;582;*;319000~379999;1
10678;*;*;41~48;4.611607143;0.995535714;462;224;*;380000~501999;1
10679;*;*;49~56;5.12;1.515555556;519;225;*;441000~501999;1
10680;*;*;25~32;6.427083333;1.039583333;1176;480;7.0696~10.6043;*;1
10681;*;*;17~24;5.55862069;0.967241379;1310;580;7.0696~10.6043;*;1
10682;*;*;1~32;6.340361446;1.042168675;712;332;10.6044~16.0000;*;1
10683;*;*;25~32;5.738489871;1.217311234;1105;543;3.5348~7.0695;380000~501999;1
10684;*;*;41~48;6.839552239;1.235074627;515;268;*;380000~501999;1
10685;*;*;9~16;4.90443686;1.010238908;1382;586;3.5348~7.0695;136000~196999;1
10686;*;*;9~16;5.548993289;0.993288591;2103;745;3.5348~7.0695;197000~257999;1
10687;*;*;9~16;4.610701107;0.907749077;1111;542;3.5348~7.0695;136000~196999;1
10688;*;*;17~24;5.080962801;1.133479212;662;457;0.0000~3.5347;75000~135999;1
10689;*;*;17~24;4.100358423;0.960573477;365;279;0.0000~3.5347;75000~135999;1
10690;*;*;25~32;4.798722045;1.146964856;891;626;0.0000~3.5347;75000~135999;1
10691;*;*;1~16;6.742574257;1.262376238;378;202;0.0000~3.5347;136000~196999;1
10692;*;*;17~24;4.715918367;1.029387755;1711;1225;0.0000~3.5347;75000~135999;1
10693;*;*;9~16;4.876033058;1.074380165;178;121;3.5348~7.0695;136000~196999;1
10694;*;*;1~16;3.517690875;1.098696462;686;537;0.0000~3.5347;197000~257999;1
10695;*;*;9~16;5.042124542;1.054945055;857;546;3.5348~7.0695;197000~257999;1
10696;*;*;17~24;4.776523702;1.069977427;662;443;3.5348~7.0695;136000~196999;1
10697;*;*;17~24;4.787356322;1.084291188;781;522;0.0000~3.5347;136000~196999;1
10698;*;*;1~8;5.215189873;1.227848101;1727;948;3.5348~7.0695;197000~257999;1
10699;*;*;1~16;4.642126789;0.99795501;709;489;0.0000~3.5347;197000~257999;1
10700;*;*;17~24;4.631205674;1.031914894;832;564;0.0000~3.5347;75000~135999;1
10701;*;*;9~16;3.456268222;1.056851312;1738;686;3.5348~7.0695;258000~501999;1
10702;*;*;25~32;4.867803838;1.078891258;634;469;0.0000~3.5347;14000~74999;1
10703;*;*;1~8;5.292527822;1.197138315;1312;629;3.5348~7.0695;197000~257999;1
10704;*;*;25~32;4.603975535;1.091743119;893;654;0.0000~3.5347;14000~74999;1
10705;*;*;25~32;4.517777778;1.028888889;618;450;0.0000~3.5347;75000~135999;1
10706;*;*;25~32;4.542808219;1.063356164;774;584;0.0000~3.5347;75000~135999;1
10707;*;*;25~32;4.594268477;1.095022624;888;663;0.0000~3.5347;14000~74999;1
10708;*;*;25~32;4.541832669;1.09561753;669;502;0.0000~3.5347;14000~74999;1
10709;*;*;25~32;4.553738318;1.072429907;602;428;0.0000~3.5347;14000~74999;1
10710;*;*;25~32;4.908653846;1.105769231;301;208;0.0000~3.5347;75000~135999;1
10711;*;*;25~32;4.751798561;1.061151079;396;278;0.0000~3.5347;75000~135999;1
10712;*;*;9~16;5.117122852;1.092934437;3445;1571;3.5348~7.0695;136000~196999;1
10713;*;*;1~8;3.888888889;1;384;171;3.5348~7.0695;197000~257999;1
10714;*;*;1~8;4.199004975;1.069651741;857;402;3.5348~7.0695;197000~257999;1
10715;*;*;1~16;4.01216545;1.109489051;1030;411;0.0000~3.5347;197000~257999;1
10716;*;*;1~16;5.106060606;1;511;198;7.0696~10.6043;*;1
10717;*;*;9~16;2.726495726;1.136752137;426;234;3.5348~7.0695;136000~196999;1
10718;*;*;1~8;5.385964912;1.067669173;950;399;3.5348~7.0695;197000~257999;1
10719;*;*;9~16;6.180904523;1.123115578;1049;398;3.5348~7.0695;258000~501999;1
10720;*;*;17~24;7.315359477;0.996732026;1798;612;7.0696~10.6043;*;1
10721;*;*;17~24;7.36013986;1.055944056;830;286;3.5348~7.0695;319000~379999;1
10722;*;*;1~8;2.909090909;0.818181818;26;11;3.5348~7.0695;258000~501999;1
10723;*;*;1~16;6.307801418;1.011347518;1680;705;7.0696~10.6043;*;1
10724;*;*;1~32;7.778846154;1.084134615;1289;416;10.6044~16.0000;*;1
10725;*;*;17~24;7.100719424;0.935251799;808;278;7.0696~10.6043;*;1
10726;*;*;1~32;7.306990881;1.060790274;868;329;10.6044~16.0000;*;1
10727;*;*;1~32;7.472103004;0.965665236;811;233;10.6044~16.0000;*;1
10728;*;*;25~32;5.692946058;1.09439834;1938;964;7.0696~10.6043;*;1
10729;*;*;17~24;6.106463878;1.087452471;1064;526;3.5348~7.0695;380000~501999;1
10730;*;*;33~40;3.888077859;0.96836983;782;411;*;441000~501999;1
10731;*;*;41~48;6.681818182;1.058823529;910;374;*;380000~501999;1
10732;*;*;33~40;5.641952984;1.088607595;1155;553;*;441000~501999;1
10733;*;*;25~32;6.022292994;1.159235669;635;314;3.5348~7.0695;380000~501999;1
10734;*;*;33~40;4.756267409;1.084958217;1275;718;*;441000~501999;1
10735;*;*;33~40;7.369458128;1.216748768;441;203;*;441000~501999;1
10736;*;*;41~48;5.530909091;1.192727273;527;275;*;380000~501999;1
10737;*;*;33~40;6.580188679;1.252358491;952;424;*;441000~501999;1
10738;*;*;33~40;5.353846154;1.307692308;673;390;*;441000~501999;1
10739;*;*;33~40;9.166666667;1.344262295;921;366;*;441000~501999;0
10740;*;*;25~32;5.222457627;1.23940678;906;472;3.5348~7.0695;380000~501999;1
10741;*;*;17~24;6.026666667;1.36;539;300;3.5348~7.0695;380000~501999;1
10742;*;*;33~40;7.204678363;1.040935673;410;171;*;441000~501999;1
10743;*;*;33~40;8.077922078;1.123376623;394;154;*;441000~501999;1
10744;*;*;33~40;8.134920635;1.19047619;316;126;*;441000~501999;1
10745;*;*;33~40;8.443835616;1.246575342;771;365;*;441000~501999;1
10746;*;*;17~24;5.223921354;1.250136537;3162;1831;3.5348~7.0695;319000~379999;1
10747;*;*;17~24;4.305084746;1.008474576;465;236;0.0000~3.5347;75000~135999;1
10748;*;*;1~16;6.466905188;1.019677996;1209;559;7.0696~10.6043;*;1
10749;*;*;1~32;7.89373297;1.125340599;860;367;10.6044~16.0000;*;1
10750;*;*;9~16;5.704491726;1.321513002;656;423;3.5348~7.0695;258000~501999;1
10751;*;*;41~48;6.302816901;1.271126761;540;284;*;380000~501999;1
10752;*;*;41~48;5.224899598;1.124497992;539;249;*;380000~501999;1
10753;*;*;41~48;6.403614458;1.274096386;745;332;*;380000~501999;1
10754;*;*;33~40;5.895683453;1.26618705;498;278;*;441000~501999;1
10755;*;*;41~48;5.740853659;1.277439024;653;328;*;380000~501999;1
10756;*;*;41~48;5.522556391;1.172932331;507;266;*;380000~501999;1
10757;*;*;25~32;7.807095344;1.00886918;1336;451;7.0696~10.6043;*;1
10758;*;*;1~8;5.067226891;1.074229692;1326;714;3.5348~7.0695;258000~501999;1
10759;*;*;1~32;6.825027685;1.111849391;1912;903;10.6044~16.0000;*;1
10760;*;*;1~32;8.062043796;1.003649635;735;274;10.6044~16.0000;*;1
10761;*;*;1~16;6.918032787;2.37704918;375;183;7.0696~10.6043;*;1
10762;*;*;17~24;6.470822281;1.00265252;1777;754;3.5348~7.0695;380000~501999;1
10763;*;*;25~32;8.171220401;1.009107468;1598;549;7.0696~10.6043;*;1
10764;*;*;17~24;3.523029683;1.561924258;1427;977;0.0000~3.5347;75000~135999;1
10765;*;*;25~32;6.621973929;0.970204842;1381;537;3.5348~7.0695;380000~501999;1
10766;*;*;1~32;4352;1.002666667;598;375;0.0000~3.5347;258000~501999;1
10767;*;*;25~32;6.829971182;1.014409222;832;347;7.0696~10.6043;*;1
10768;*;*;25~32;5.301321586;1.096035242;2673;1135;3.5348~7.0695;258000~318999;1
10769;*;*;33~40;4.911202186;1.072404372;1621;732;*;258000~318999;1
10770;*;*;9~16;4.461956522;1.149456522;841;368;3.5348~7.0695;197000~257999;1
10771;*;*;17~24;5.258479532;1.025730994;1928;855;3.5348~7.0695;197000~257999;1
10772;*;*;25~32;5.123595506;1.029962547;1279;534;3.5348~7.0695;197000~257999;1
10773;*;*;25~32;5.879218472;1.062166963;1402;563;3.5348~7.0695;380000~501999;1
10774;*;*;25~32;5.303225806;1.090322581;1081;465;3.5348~7.0695;319000~379999;1
10775;*;*;25~32;4.519911504;0.951327434;1108;452;3.5348~7.0695;258000~318999;1
10776;*;*;25~32;4.773913043;1.056521739;1131;460;3.5348~7.0695;258000~318999;1
10777;*;*;17~24;3.484251969;1.263779528;590;254;0.0000~3.5347;197000~257999;1
10778;*;*;1~32;4.489010989;1.024725275;771;364;0.0000~3.5347;258000~501999;1
10779;*;*;1~32;3.860465116;1.095930233;762;344;0.0000~3.5347;258000~501999;1
10780;*;*;33~40;4.582568807;1.082568807;1030;436;*;258000~318999;1
10781;*;*;33~40;5.795977011;1.025862069;850;348;*;258000~318999;1
10782;*;*;25~32;5.067484663;0.950920245;832;326;3.5348~7.0695;319000~379999;1
10783;*;*;33~40;5.379120879;0.914835165;876;364;*;319000~379999;1
10784;*;*;1~32;4.54784689;0.956937799;946;418;0.0000~3.5347;258000~501999;1
10785;*;*;33~40;5.059183673;1.002040816;1131;490;*;258000~318999;1
10786;*;*;25~32;5.026699029;1;1081;412;3.5348~7.0695;319000~379999;1
10787;*;*;1~32;4.310077519;1.124031008;985;516;0.0000~3.5347;258000~501999;1
10788;*;*;33~40;4.33984375;1.05859375;1067;512;*;258000~318999;1
10789;*;*;17~24;4.501440922;1.270893372;696;347;0.0000~3.5347;197000~257999;1
10790;*;*;25~32;5.031390135;1.044843049;557;223;3.5348~7.0695;380000~501999;1
10791;*;*;33~40;5.349081365;0.994750656;837;381;*;441000~501999;1
10792;*;*;33~40;6.528888889;1.004444444;553;225;*;441000~501999;1
10793;*;*;33~40;5.762658228;1.060126582;727;316;*;441000~501999;1
10794;*;*;25~32;8.852216749;1.689655172;435;203;3.5348~7.0695;380000~501999;1
10795;*;*;25~32;4.687793427;1.002347418;944;426;3.5348~7.0695;380000~501999;1
10796;*;*;33~40;6.26873385;0.927648579;937;387;*;441000~501999;1
10797;*;*;17~24;5.340277778;1.475694444;425;288;3.5348~7.0695;258000~318999;1
10798;*;*;33~40;5.744680851;1.26443769;859;329;*;441000~501999;1
10799;*;*;33~40;4.540598291;1.064102564;1052;468;*;441000~501999;1
10800;*;*;25~32;5.05730659;1.11747851;832;349;3.5348~7.0695;380000~501999;1
10801;*;*;25~32;6.958139535;1.311627907;463;215;3.5348~7.0695;380000~501999;1
10802;*;*;33~40;4.868020305;1.16751269;384;197;*;441000~501999;0
10803;*;*;25~32;5.044692737;1.298882682;791;358;3.5348~7.0695;319000~379999;1
10804;*;*;33~40;5.375609756;1.043902439;807;410;*;441000~501999;1
10805;*;*;25~32;4.771084337;1.060240964;569;249;3.5348~7.0695;380000~501999;1
10806;*;*;17~24;5.686396677;1.114226376;2327;963;3.5348~7.0695;197000~257999;1
10807;*;*;33~40;5.305970149;1.027363184;1473;402;*;197000~257999;1
10808;*;*;25~32;3.461126005;0.954423592;1252;373;0.0000~3.5347;136000~196999;1
10809;*;*;1~32;4.679197995;1.067669173;871;399;0.0000~3.5347;258000~501999;1
10810;*;*;17~24;3.452970297;0.98019802;1478;404;0.0000~3.5347;136000~196999;1
10811;*;*;17~24;4.155482815;1.137479542;1623;611;0.0000~3.5347;136000~196999;1
10812;*;*;17~24;3.294294294;0.921921922;470;333;0.0000~3.5347;197000~257999;1
10813;*;*;1~16;3.933179724;1.184331797;1335;434;0.0000~3.5347;136000~196999;1
10814;*;*;25~32;5.618510158;1.085778781;1082;443;3.5348~7.0695;319000~379999;1
10815;*;*;25~32;5.210526316;1.070175439;513;171;3.5348~7.0695;380000~501999;1
10816;*;*;9~16;4.281733746;1.133126935;1332;646;3.5348~7.0695;197000~257999;1
10817;*;*;17~24;4.394136808;1.00781759;2688;1535;3.5348~7.0695;258000~318999;1
10818;*;*;17~24;4.032994924;1.068527919;1118;394;3.5348~7.0695;197000~257999;1
10819;*;*;1~16;3.889344262;1.176229508;497;244;0.0000~3.5347;197000~257999;1
10820;*;*;1~16;3.087264151;1125;1330;424;0.0000~3.5347;136000~196999;1
10821;*;*;25~32;3.461325967;1.035911602;1198;362;0.0000~3.5347;197000~257999;1
10822;*;*;17~24;3.254901961;1.076252723;814;459;0.0000~3.5347;136000~196999;1
10823;*;*;25~32;2.557647059;0.995294118;807;425;0.0000~3.5347;197000~257999;1
10824;*;*;25~32;3.549682875;0.993657505;1314;473;3.5348~7.0695;197000~257999;1
10825;*;*;17~24;3.863888889;1.091666667;856;360;0.0000~3.5347;197000~257999;1
10826;*;*;1~32;3.412234043;1.079787234;1063;376;0.0000~3.5347;258000~501999;1
10827;*;*;25~32;6.066071429;1.066071429;1397;560;3.5348~7.0695;197000~257999;1
10828;*;*;25~32;7.301455301;0.981288981;1391;481;7.0696~10.6043;*;1
10829;*;*;25~32;7.900928793;0.972136223;925;323;7.0696~10.6043;*;1
10830;*;*;9~16;5.097323601;1.094890511;963;411;3.5348~7.0695;197000~257999;1
10831;*;*;9~16;4.811455847;1.057279236;1015;419;3.5348~7.0695;197000~257999;1
10832;*;*;33~40;4.990675991;0.990675991;1559;429;*;197000~257999;1
10833;*;*;17~24;6.136792453;1.035377358;1156;424;3.5348~7.0695;258000~318999;1
10834;*;*;25~32;6.017057569;1.008528785;1258;469;3.5348~7.0695;258000~318999;1
10835;*;*;25~32;4.712616822;1.060747664;1024;428;3.5348~7.0695;197000~257999;1
10836;*;*;33~40;6.20979021;1.006993007;1197;429;*;258000~318999;1
10837;*;*;25~32;8.044230769;1.036538462;1504;520;7.0696~10.6043;*;1
10838;*;*;9~16;3.916928886;1.056639396;3148;1589;3.5348~7.0695;258000~501999;1
10839;*;*;17~24;8.304878049;1.016260163;702;246;7.0696~10.6043;*;1
10840;*;*;25~32;3.947867299;1.046716317;4738;1477;0.0000~3.5347;197000~257999;1
10841;*;*;25~32;6.392434988;1.007092199;1289;423;3.5348~7.0695;197000~257999;1
10842;*;*;1~16;3.762287335;1.075614367;5014;2116;0.0000~3.5347;197000~257999;1
10843;*;*;25~32;6.198419666;1.017559263;3903;1139;3.5348~7.0695;197000~257999;1
10844;*;*;25~32;6.395408163;1.00255102;1333;392;3.5348~7.0695;258000~318999;1
10845;*;*;25~32;5.916496945;1.026476578;1452;491;3.5348~7.0695;258000~318999;1
10846;*;*;25~32;6.870967742;1.053763441;311;93;3.5348~7.0695;258000~318999;1
10847;*;*;25~32;5.374340949;0.987697715;1475;569;3.5348~7.0695;197000~257999;1
10848;*;*;25~32;5.16218638;1.188172043;2681;1116;3.5348~7.0695;197000~257999;1
10849;*;*;9~16;3.695590327;1.079658606;1584;703;3.5348~7.0695;136000~196999;1
10850;*;*;17~24;3.935483871;1.16359447;1099;434;0.0000~3.5347;136000~196999;1
10851;*;*;17~24;3.803837953;1;1952;938;0.0000~3.5347;136000~196999;1
10852;*;*;1~8;5.428571429;1.083333333;623;84;3.5348~7.0695;136000~196999;1
10853;*;*;9~16;6.287610619;1.058786346;4071;1582;3.5348~7.0695;258000~501999;1
10854;*;*;1~8;3.567938931;1.172519084;983;655;3.5348~7.0695;258000~501999;1
10855;*;*;1~16;3.849744712;1.148796499;2389;1371;0.0000~3.5347;136000~196999;1
10856;*;*;17~24;5.33;976;2734;1000;3.5348~7.0695;197000~257999;1
10857;*;*;17~24;4.4875;1015;2246;400;0.0000~3.5347;136000~196999;1
10858;*;*;33~40;5.162162162;1.135135135;208;37;*;136000~196999;1
10859;*;*;9~16;5.47020934;1.104669887;1924;621;3.5348~7.0695;136000~196999;1
10860;*;*;1~32;3.178362573;0.994152047;817;342;0.0000~3.5347;258000~501999;1
10861;*;*;17~24;5.203883495;0.982200647;1916;618;3.5348~7.0695;258000~318999;1
10862;*;*;17~24;5.808917197;1.041401274;2266;628;3.5348~7.0695;197000~257999;1
10863;*;*;25~32;5.522491349;1.027681661;1703;289;3.5348~7.0695;136000~196999;1
10864;*;*;25~32;4.712737127;0.972899729;1914;369;3.5348~7.0695;136000~196999;1
10865;*;*;17~24;4.228710462;1.238442822;1403;411;0.0000~3.5347;197000~257999;1
10866;*;*;17~24;5.271604938;0.920987654;1464;405;3.5348~7.0695;197000~257999;1
10867;*;*;17~24;3.825242718;1.153099328;2966;1339;0.0000~3.5347;75000~135999;1
10868;*;*;17~24;7.216216216;1.189189189;249;74;3.5348~7.0695;197000~257999;1
10869;*;*;9~16;4.439528024;1.056047198;835;339;3.5348~7.0695;197000~257999;1
10870;*;*;33~40;3.852173913;1.017391304;577;115;*;136000~196999;1
10871;*;*;25~32;4.720930233;0.976744186;2839;516;3.5348~7.0695;136000~196999;1
10872;*;*;33~40;4.812154696;1.034990792;3150;543;*;136000~196999;1
10873;*;*;25~32;3.890365449;1.016611296;1690;301;0.0000~3.5347;136000~196999;1
10874;*;*;25~32;5.109411765;0.996470588;3872;850;3.5348~7.0695;197000~257999;1
10875;*;*;17~24;4.591633466;1.071713147;2493;502;3.5348~7.0695;136000~196999;1
10876;*;*;25~32;5.864457831;1.069277108;1786;332;3.5348~7.0695;136000~196999;1
10877;*;*;33~40;5.403041825;1.140684411;1236;263;*;136000~196999;1
10878;*;*;33~40;5.805471125;1.069908815;1593;329;*;136000~196999;1
10879;*;*;9~16;6.356495468;0.951661631;2592;662;3.5348~7.0695;258000~501999;1
10880;*;*;17~24;5.406844106;0.988593156;1092;263;3.5348~7.0695;197000~257999;1
10881;*;*;17~24;5.796812749;1.067729084;2663;753;3.5348~7.0695;197000~257999;1
10882;*;*;9~16;5.461538462;0.903133903;1324;351;3.5348~7.0695;197000~257999;1
10883;*;*;9~16;6.656903766;0.941422594;926;239;3.5348~7.0695;258000~501999;1
10884;*;*;9~16;8.166666667;1.075757576;287;66;3.5348~7.0695;258000~501999;1
10885;*;*;9~16;5.146302251;0.699356913;1510;622;3.5348~7.0695;136000~196999;1
10886;*;*;9~16;4.353846154;1.095104895;1719;715;3.5348~7.0695;136000~196999;1
10887;*;*;9~16;3.537142857;1.08952381;838;525;0.0000~3.5347;75000~135999;1
10888;*;*;9~16;4.747219414;1.122345804;2153;989;3.5348~7.0695;136000~196999;1
10889;*;*;9~16;3.610410095;1.082018927;982;634;3.5348~7.0695;136000~196999;1
10890;*;*;25~32;4.305019305;1.034749035;1369;259;3.5348~7.0695;136000~196999;1
10891;*;*;25~32;3.901960784;0.970588235;1602;306;0.0000~3.5347;136000~196999;1
10892;*;*;33~40;5.11631664;1.080775444;2789;619;*;136000~196999;1
10893;*;*;33~40;4.37944664;0.982213439;2445;506;*;136000~196999;1
10894;*;*;33~40;3.581453634;1.072681704;2089;399;*;136000~196999;1
10895;*;*;25~32;4.222543353;0.98265896;1909;346;3.5348~7.0695;136000~196999;1
10896;*;*;25~32;2.519327731;0.964705882;3328;595;0.0000~3.5347;75000~135999;1
10897;*;*;17~24;3.844544096;1.094170404;1534;669;0.0000~3.5347;136000~196999;1
10898;*;*;17~24;3.644657863;1.081632653;4715;1666;0.0000~3.5347;75000~135999;1
10899;*;*;17~24;4.103044496;0.953161593;910;427;0.0000~3.5347;75000~135999;1
10900;*;*;25~32;3.417293233;1.084586466;1426;532;0.0000~3.5347;75000~135999;1
10901;*;*;17~24;3.748453608;1.07628866;958;485;0.0000~3.5347;75000~135999;1
10902;*;*;1~16;3.666666667;0.960784314;207;51;0.0000~3.5347;136000~196999;1
10903;*;*;25~32;3.762820513;1.10042735;1810;468;0.0000~3.5347;136000~196999;1
10904;*;*;1~8;2.488076312;0.952305246;3157;629;0.0000~3.5347;14000~135999;1
10905;*;*;9~16;3.350393701;1.169291339;1326;254;0.0000~3.5347;75000~135999;1
10906;*;*;17~24;3.804878049;1.088414634;1214;328;0.0000~3.5347;136000~196999;1
10907;*;*;25~32;3.794745484;1.037766831;2936;609;0.0000~3.5347;136000~196999;1
10908;*;*;1~16;3.181818182;1.036363636;1257;165;0.0000~3.5347;136000~196999;1
10909;*;*;25~32;4.668918919;1.02027027;926;148;3.5348~7.0695;136000~196999;1
10910;*;*;25~32;2.633774161;1.02034588;5756;983;0.0000~3.5347;136000~196999;1
10911;*;*;17~24;4.239583333;1125;647;96;3.5348~7.0695;136000~196999;1
10912;*;*;25~32;4.802536232;1.036231884;3249;552;3.5348~7.0695;136000~196999;1
10913;*;*;25~32;3.676025918;0.98488121;2776;463;0.0000~3.5347;136000~196999;1
10914;*;*;25~32;3.705229794;1.033280507;3289;631;0.0000~3.5347;136000~196999;1
10915;*;*;41~48;4.537074148;0.871743487;1970;499;*;136000~196999;1
10916;*;*;49~56;4.627639155;1.009596929;2165;521;*;136000~196999;1
10917;*;*;33~40;4.031719533;1.071786311;3242;599;*;136000~196999;1
10918;*;*;33~40;4.531746032;1.013888889;2451;504;*;136000~196999;1
10919;*;*;33~40;3.6064;1008;2984;625;*;136000~196999;1
10920;*;*;33~40;3.76945245;1.080691643;2175;347;*;136000~196999;1
10921;*;*;25~32;3.430913349;0.975409836;5116;854;3.5348~7.0695;136000~196999;1
10922;*;*;25~32;4.576687117;1.055214724;1048;163;3.5348~7.0695;136000~196999;1
10923;*;*;33~40;3.889643463;1.008488964;3232;589;*;136000~196999;1
10924;*;*;33~40;5.202105263;1.048421053;2594;475;*;136000~196999;1
10925;*;*;25~32;4.003322259;0.930232558;1476;301;3.5348~7.0695;136000~196999;1
10926;*;*;25~32;4.501440922;1.051873199;2145;347;0.0000~3.5347;136000~196999;1
10927;*;*;33~40;5.33030303;1.06969697;2083;330;*;136000~196999;1
10928;*;*;25~32;4.841726619;1.04676259;1575;278;0.0000~3.5347;136000~196999;1
10929;*;*;17~24;4.745454545;1.148484848;1032;330;0.0000~3.5347;136000~196999;1
10930;*;*;17~24;4.262443439;1;1915;442;0.0000~3.5347;136000~196999;1
10931;*;*;25~32;4.634490239;1.046637744;2946;922;0.0000~3.5347;136000~196999;1
10932;*;*;25~32;4.740667976;1.00589391;2867;509;3.5348~7.0695;136000~196999;1
10933;*;*;25~32;4.257234727;1.009646302;1804;311;3.5348~7.0695;136000~196999;1
10934;*;*;17~24;3.218441273;1.048298573;5516;911;0.0000~3.5347;75000~135999;1
10935;*;*;25~32;4.275132275;0.862433862;1066;189;3.5348~7.0695;136000~196999;1
10936;*;*;17~24;2.847222222;0.98015873;3171;504;0.0000~3.5347;136000~196999;1
10937;*;*;25~32;5.840707965;1.283185841;959;113;3.5348~7.0695;136000~196999;1
10938;*;*;33~40;4.239726027;0.952054795;1217;146;*;136000~196999;1
10939;*;*;25~32;5.392592593;0.992592593;837;135;3.5348~7.0695;136000~196999;1
10940;*;*;1~16;3.326642336;1.076642336;2176;548;0.0000~3.5347;136000~196999;1
10941;*;*;25~32;3.977900552;0.961325967;1045;181;0.0000~3.5347;136000~196999;1
10942;*;*;1~16;3.274376417;1.011337868;2329;441;0.0000~3.5347;136000~196999;1
10943;*;*;25~32;4.179104478;1.104477612;1718;268;0.0000~3.5347;136000~196999;1
10944;*;*;1~16;3.305851064;0.970744681;1925;376;0.0000~3.5347;136000~196999;1
10945;*;*;17~24;3.560629921;1.011023622;3545;635;0.0000~3.5347;136000~196999;1
10946;*;*;25~32;3.343866171;1.035315985;3416;538;0.0000~3.5347;136000~196999;1
10947;*;*;1~16;2.647787611;1.056637168;3800;1130;0.0000~3.5347;136000~196999;1
10948;*;*;1~16;3.076837416;1.066815145;6799;1796;0.0000~3.5347;136000~196999;1
10949;*;*;17~24;3.153846154;1.153846154;812;221;0.0000~3.5347;136000~196999;1
10950;*;*;33~40;2.669902913;0.844660194;554;103;*;136000~196999;1
10951;*;*;1~16;2.476479514;0.907435508;3356;659;0.0000~3.5347;136000~196999;1
10952;*;*;9~16;3.499371069;1.354716981;1968;795;0.0000~3.5347;75000~135999;1
10953;*;*;1~32;4.326315789;1.2;448;95;0.0000~3.5347;258000~501999;1
10954;*;*;33~40;4.486486486;1.016516517;2354;666;*;197000~257999;1
10955;*;*;17~24;4.055045872;1.087155963;1079;436;0.0000~3.5347;197000~257999;1
10956;*;*;49~56;5.743589744;0.974358974;747;234;*;136000~196999;1
10957;*;*;33~40;4.69375;1.0515625;5477;640;*;136000~196999;1
10958;*;*;25~32;3.909489051;1.024817518;3262;685;3.5348~7.0695;136000~196999;1
10959;*;*;25~32;4.443661972;1.011737089;2245;426;3.5348~7.0695;136000~196999;1
10960;*;*;33~40;4.651488616;1.001751313;2370;571;*;136000~196999;1
10961;*;*;33~40;4.362916006;1.036450079;3117;631;*;136000~196999;1
10962;*;*;25~32;5.285714286;1.227405248;1235;343;3.5348~7.0695;136000~196999;1
10963;*;*;25~32;7.041436464;0.980662983;1044;362;3.5348~7.0695;258000~318999;1
10964;*;*;25~32;4.33839779;0.925414365;1572;724;0.0000~3.5347;197000~257999;1
10965;*;*;25~32;5.169977925;1.258278146;1445;453;3.5348~7.0695;136000~196999;1
10966;*;*;33~40;4.888586957;0.932065217;1239;368;*;136000~196999;1
10967;*;*;33~40;5.223880597;1.044776119;723;201;*;136000~196999;1
10968;*;*;49~56;6.882191781;0.975342466;978;365;*;319000~379999;1
10969;*;*;33~40;6.27284264;1.079949239;2164;788;*;258000~318999;1
10970;*;*;33~40;6.388632873;1.006144393;1669;651;*;197000~257999;1
10971;*;*;33~40;5.926691729;1.054511278;1679;532;*;197000~257999;1
10972;*;*;9~16;3.994520548;1.15890411;615;365;3.5348~7.0695;197000~257999;1
10973;*;*;25~32;5.290617849;1.201372998;1273;437;0.0000~3.5347;197000~257999;1
10974;*;*;9~16;4.76;1.02;93;50;3.5348~7.0695;197000~257999;1
10975;*;*;17~24;4.666666667;0.962962963;196;81;3.5348~7.0695;197000~257999;1
10976;*;*;9~16;4.345273632;1.155223881;2164;1005;3.5348~7.0695;136000~196999;1
10977;*;*;33~40;5.029649596;0.881401617;1053;371;*;197000~257999;1
10978;*;*;9~16;5.04805492;1.089244851;1656;874;3.5348~7.0695;197000~257999;1
10979;*;*;17~24;5.154782609;1.046956522;3570;1150;3.5348~7.0695;197000~257999;1
10980;*;*;25~32;6.090909091;1.056363636;1314;550;0.0000~3.5347;197000~257999;1
10981;*;*;25~32;5.184275184;1.004914005;1146;407;3.5348~7.0695;197000~257999;1
10982;*;*;17~24;5.718222222;1.043555556;2703;1125;3.5348~7.0695;258000~318999;1
10983;*;*;25~32;5.950920245;1.09406953;1270;489;3.5348~7.0695;197000~257999;1
10984;*;*;17~24;4.532994924;1.060913706;342;197;0.0000~3.5347;136000~196999;1
10985;*;*;25~32;4.310618067;1.077654517;1559;631;0.0000~3.5347;136000~196999;1
10986;*;*;33~40;4.691358025;1.059964727;1475;567;*;197000~257999;1
10987;*;*;17~24;5.448598131;0.990654206;1574;642;3.5348~7.0695;197000~257999;1
10988;*;*;25~32;6.646182495;1.026070764;1540;537;3.5348~7.0695;197000~257999;1
10989;*;*;17~24;4.387329591;1.078588613;2828;1247;3.5348~7.0695;197000~257999;1
10990;*;*;17~24;4.306709265;1.036741214;1908;626;0.0000~3.5347;197000~257999;1
10991;*;*;17~24;4.215932914;1.022012579;2334;954;0.0000~3.5347;136000~196999;1
10992;*;*;17~24;5.506306306;1.001801802;1508;555;3.5348~7.0695;197000~257999;1
10993;*;*;17~24;3.765925926;1.143703704;1720;675;3.5348~7.0695;136000~196999;1
10994;*;*;17~24;4.447368421;1;482;190;3.5348~7.0695;197000~257999;1
10995;*;*;25~32;4.810606061;0.977272727;809;264;3.5348~7.0695;197000~257999;1
10996;*;*;17~24;4.019723866;1.067061144;4088;1521;0.0000~3.5347;136000~196999;1
10997;*;*;17~24;3.937201365;1.090102389;4853;1465;3.5348~7.0695;136000~196999;1
10998;*;*;25~32;7.925373134;1.029850746;1017;335;3.5348~7.0695;319000~379999;1
10999;*;*;1~32;8.180722892;1.012048193;796;249;10.6044~16.0000;*;1
11000;*;*;1~32;8.874233129;1.058282209;983;326;10.6044~16.0000;*;1
11001;*;*;25~32;7.922252011;1.010723861;1074;373;7.0696~10.6043;*;1
11002;*;*;25~32;6.451476793;1.029535865;1197;474;3.5348~7.0695;258000~318999;1
11003;*;*;33~40;6.39380531;1.002212389;1300;452;*;258000~318999;1
11004;*;*;25~32;5.163755459;1.028384279;1197;458;3.5348~7.0695;197000~257999;1
11005;*;*;17~24;7.851528384;0.984716157;1292;458;7.0696~10.6043;*;1
11006;*;*;17~24;8.379576108;1.065510597;1680;519;3.5348~7.0695;380000~501999;1
11007;*;*;1~32;8.897637795;1.027559055;719;254;10.6044~16.0000;*;1
11008;*;*;1~16;8.305343511;1.088210348;3744;1179;7.0696~10.6043;*;1
11009;*;*;1~16;7.231265109;1.021756648;3754;1241;7.0696~10.6043;*;1
11010;*;*;1~32;8.291079812;0.943661972;1200;426;10.6044~16.0000;*;1
11011;*;*;25~32;7.2125;0.940625;967;320;3.5348~7.0695;319000~379999;1
11012;*;*;17~24;5.297491039;1.150537634;1342;558;3.5348~7.0695;197000~257999;1
11013;*;*;25~32;6.028117359;1.042787286;2249;818;3.5348~7.0695;258000~318999;1
11014;*;*;25~32;7.209821429;1.002232143;1193;448;3.5348~7.0695;258000~318999;1
11015;*;*;25~32;7.582352941;0.923529412;976;340;7.0696~10.6043;*;1
11016;*;*;33~40;6.815724816;1.051597052;1229;407;*;258000~318999;1
11017;*;*;25~32;6.356037152;1.049535604;835;323;3.5348~7.0695;258000~318999;1
11018;*;*;25~32;7.935766423;1.032116788;2046;685;7.0696~10.6043;*;1
11019;*;*;25~32;7.281889764;0.982677165;1852;635;7.0696~10.6043;*;1
11020;*;*;1~16;9.180451128;1.107769424;2569;798;7.0696~10.6043;*;1
11021;*;*;1~16;7.533066132;0.97995992;1496;499;7.0696~10.6043;*;1
11022;*;*;17~24;5.441176471;1.07254902;1226;510;3.5348~7.0695;197000~257999;1
11023;*;*;9~16;5.389915966;1.087394958;1414;595;3.5348~7.0695;136000~196999;1
11024;*;*;25~32;5.549618321;0.900763359;724;262;3.5348~7.0695;197000~257999;1
11025;*;*;25~32;4.280388979;1.025931929;3657;617;3.5348~7.0695;197000~257999;1
11026;*;*;25~32;6.456164384;1.038356164;2271;730;3.5348~7.0695;197000~257999;1
11027;*;*;25~32;4.977777778;1.009876543;1095;405;3.5348~7.0695;136000~196999;1
11028;*;*;33~40;5.741596639;0.966386555;1378;476;*;197000~257999;1
11029;*;*;25~32;4.5;1.115217391;1078;460;0.0000~3.5347;197000~257999;1
11030;*;*;33~40;4.259868421;0.991776316;1658;608;*;197000~257999;1
11031;*;*;25~32;5.965277778;1.00462963;1086;432;3.5348~7.0695;197000~257999;1
11032;*;*;17~24;5.353436185;1.103786816;1656;713;3.5348~7.0695;197000~257999;1
11033;*;*;17~24;5.396880416;1.057192374;2045;577;3.5348~7.0695;197000~257999;1
11034;*;*;25~32;7.704334365;0.998452012;2061;646;3.5348~7.0695;258000~318999;1
11035;*;*;25~32;7.250505051;1.024242424;1484;495;3.5348~7.0695;258000~318999;1
11036;*;*;25~32;6.547445255;0.973722628;2048;685;3.5348~7.0695;258000~318999;1
11037;*;*;1~32;8.836990596;1;1019;319;10.6044~16.0000;*;1
11038;*;*;1~32;8.586705202;1.011560694;1180;346;10.6044~16.0000;*;1
11039;*;*;17~24;8.938028169;1.047887324;1181;355;7.0696~10.6043;*;1
11040;*;*;17~24;8.213541667;1.015625;1404;384;7.0696~10.6043;*;1
11041;*;*;1~32;8.944444444;1.033950617;1057;324;10.6044~16.0000;*;1
11042;*;*;17~24;9.830769231;1.169230769;822;260;7.0696~10.6043;*;1
11043;*;*;25~32;7.100217865;0.993464052;1354;459;3.5348~7.0695;258000~318999;1
11044;*;*;17~24;4.119850187;1.06741573;940;267;3.5348~7.0695;136000~196999;1
11045;*;*;17~24;4.256594724;1.073141487;2828;834;0.0000~3.5347;197000~257999;1
11046;*;*;25~32;6.63840399;1.002493766;1247;401;3.5348~7.0695;197000~257999;1
11047;*;*;25~32;6.049079755;0.966257669;970;326;3.5348~7.0695;197000~257999;1
11048;*;*;25~32;6.627565982;1.011730205;1182;341;3.5348~7.0695;197000~257999;1
11049;*;*;41~48;5.494047619;1.139880952;867;336;*;197000~257999;1
11050;*;*;49~56;5.75890411;1.104109589;898;365;*;197000~257999;1
11051;*;*;25~32;3.712328767;0.971548999;2660;949;0.0000~3.5347;136000~196999;1
11052;*;*;49~56;4.730120482;1.036144578;1197;415;*;197000~257999;1
11053;*;*;17~24;3.740610329;1.021126761;1977;852;0.0000~3.5347;197000~257999;1
11054;*;*;25~32;4.15615142;1.041009464;1710;634;0.0000~3.5347;197000~257999;1
11055;*;*;9~16;4.690987124;1.096566524;908;466;3.5348~7.0695;197000~257999;1
11056;*;*;33~40;3.647230321;0.979591837;729;343;*;197000~257999;1
11057;*;*;33~40;4.441037736;0.962264151;1227;424;*;136000~196999;1
11058;*;*;17~24;3.757617729;1.012465374;1952;722;0.0000~3.5347;136000~196999;1
11059;*;*;17~24;5.034412955;1.159919028;1515;494;3.5348~7.0695;136000~196999;1
11060;*;*;17~24;4.719798658;0.951342282;1334;596;3.5348~7.0695;136000~196999;1
11061;*;*;25~32;4.367170626;1.127429806;1196;463;3.5348~7.0695;136000~196999;1
11062;*;*;33~40;5.023880597;1.035820896;1242;335;*;136000~196999;1
11063;*;*;41~48;5.475935829;1.021390374;483;187;*;136000~196999;1
11064;*;*;25~32;4.886756238;1.046065259;1543;521;3.5348~7.0695;197000~257999;1
11065;*;*;25~32;5.030508475;1;928;295;3.5348~7.0695;136000~196999;1
11066;*;*;1~16;3.852031534;1.059429958;5085;1649;0.0000~3.5347;136000~196999;1
11067;*;*;25~32;4.272840017;1.073170732;7111;2419;0.0000~3.5347;197000~257999;1
11068;*;*;25~32;8.026819923;1.072796935;793;261;3.5348~7.0695;258000~318999;1
11069;*;*;17~24;4.3125;0.98;920;400;0.0000~3.5347;136000~196999;1
11070;*;*;17~24;6.165577342;1.093681917;1370;459;3.5348~7.0695;197000~257999;1
11071;*;*;25~32;6.283828383;0.96369637;945;303;3.5348~7.0695;197000~257999;1
11072;*;*;17~24;5.825980392;0.987745098;1101;408;3.5348~7.0695;197000~257999;1
11073;*;*;17~24;5.186761229;1.021276596;2526;846;3.5348~7.0695;197000~257999;1
11074;*;*;33~40;4.065759637;1.088435374;1722;441;*;136000~196999;1
11075;*;*;25~32;5.387387387;0.987129987;2447;777;3.5348~7.0695;197000~257999;1
11076;*;*;25~32;5.351515152;0.975757576;876;330;3.5348~7.0695;197000~257999;1
11077;*;*;33~40;6.247058824;1.109803922;872;255;*;197000~257999;1
11078;*;*;33~40;5.534090909;1.083333333;1322;264;*;136000~196999;1
11079;*;*;25~32;5.641700405;1.037449393;2607;988;3.5348~7.0695;197000~257999;1
11080;*;*;33~40;5.79766537;0.976653696;629;257;*;197000~257999;1
11081;*;*;33~40;6.109756098;1.009146341;843;328;*;197000~257999;1
11082;*;*;9~16;6.206642066;1.073800738;1015;271;3.5348~7.0695;197000~257999;1
11083;*;*;17~24;6.311233886;1.036832413;4926;1629;3.5348~7.0695;197000~257999;1
11084;*;*;17~24;5.738117428;1.052190121;2817;1073;3.5348~7.0695;197000~257999;1
11085;*;*;33~40;4.825327511;1.082969432;2425;687;*;136000~196999;1
11086;*;*;33~40;6.558241758;0.98021978;1435;455;*;197000~257999;1
11087;*;*;33~40;5.057755776;1.008250825;2204;606;*;197000~257999;1
11088;*;*;17~24;5.356902357;1.003367003;904;297;3.5348~7.0695;136000~196999;1
11089;*;*;33~40;5.1;1.2;41;10;*;136000~196999;1
11090;*;*;17~24;5.660714286;0.9375;700;224;3.5348~7.0695;197000~257999;1
11091;*;*;17~24;4.403581267;1.114325069;1894;726;3.5348~7.0695;136000~196999;1
11092;*;*;9~16;5.804143126;1.009416196;1268;531;3.5348~7.0695;258000~501999;1
11093;*;*;9~16;5.316037736;1.146226415;1584;636;3.5348~7.0695;197000~257999;1
11094;*;*;25~32;5.411552347;1.046931408;755;277;3.5348~7.0695;197000~257999;1
11095;*;*;25~32;4.840175953;1.04398827;1532;682;3.5348~7.0695;197000~257999;1
11096;*;*;25~32;6.515669516;1.239316239;1140;351;3.5348~7.0695;197000~257999;1
11097;*;*;17~24;6.721374046;1.036259542;1706;524;3.5348~7.0695;197000~257999;1
11098;*;*;25~32;7.111553785;0.988047809;750;251;3.5348~7.0695;258000~318999;1
11099;*;*;17~24;3.63592233;1.140776699;1382;618;3.5348~7.0695;197000~257999;1
11100;*;*;25~32;5.826797386;0.973856209;1048;306;3.5348~7.0695;197000~257999;1
11101;*;*;25~32;6.957142857;0.988571429;1088;350;3.5348~7.0695;197000~257999;1
11102;*;*;25~32;5.412413793;1.077241379;2332;725;3.5348~7.0695;197000~257999;1
11103;*;*;33~40;6.226519337;1.022099448;588;181;*;197000~257999;1
11104;*;*;33~40;5875;0.891666667;837;240;*;197000~257999;1
11105;*;*;33~40;6.228571429;0.967346939;906;245;*;197000~257999;1
11106;*;*;25~32;4.688186813;1.049450549;2326;728;3.5348~7.0695;136000~196999;1
11107;*;*;33~40;5.289156627;0.987951807;1026;332;*;136000~196999;1
11108;*;*;17~24;5.357894737;1.089473684;1292;380;3.5348~7.0695;258000~318999;1
11109;*;*;25~32;5.245098039;1.026143791;986;306;0.0000~3.5347;136000~196999;1
11110;*;*;1~16;3.664351852;1.097222222;1672;432;0.0000~3.5347;197000~257999;1
11111;*;*;25~32;4.5;1.030837004;1524;454;0.0000~3.5347;136000~196999;1
11112;*;*;33~40;4.794561934;1.129909366;1159;331;*;136000~196999;1
11113;*;*;25~32;4.329824561;1.231578947;507;285;0.0000~3.5347;197000~257999;1
11114;*;*;25~32;4.711640212;0.923280423;918;378;3.5348~7.0695;258000~318999;1
11115;*;*;17~24;4.83573487;1.063400576;912;347;3.5348~7.0695;197000~257999;1
11116;*;*;25~32;5.007792208;1.075324675;961;385;3.5348~7.0695;197000~257999;1
11117;*;*;9~16;4.414285714;1.011428571;730;350;3.5348~7.0695;136000~196999;1
11118;*;*;17~24;6.002506266;1.027568922;1224;399;3.5348~7.0695;197000~257999;1
11119;*;*;17~24;4.58627451;1.044117647;2427;1020;3.5348~7.0695;197000~257999;1
11120;*;*;17~24;4.635245902;0.967213115;622;244;3.5348~7.0695;136000~196999;1
11121;*;*;33~40;4.082352941;1.043137255;1592;510;*;136000~196999;1
11122;*;*;41~48;5.355437666;1.045092838;1549;377;*;197000~257999;1
11123;*;*;41~48;5.045081967;1.057377049;682;244;*;136000~196999;1
11124;*;*;33~40;3.490636704;0.966292135;1147;267;*;136000~196999;1
11125;*;*;33~40;3.863354037;1.00621118;1603;322;*;136000~196999;1
11126;*;*;17~24;4.006802721;0.982993197;865;294;0.0000~3.5347;136000~196999;1
11127;*;*;25~32;3.651162791;1.120930233;1849;430;0.0000~3.5347;136000~196999;1
11128;*;*;25~32;4.079002079;1.130977131;1492;481;0.0000~3.5347;75000~135999;1
11129;*;*;25~32;4.122270742;0.936681223;1550;458;0.0000~3.5347;136000~196999;1
11130;*;*;33~40;5.605855856;1.22972973;1857;444;*;136000~196999;1
11131;*;*;25~32;7.11589404;1.539735099;966;302;3.5348~7.0695;136000~196999;1
11132;*;*;25~32;3.625441696;1.017667845;1646;283;3.5348~7.0695;136000~196999;1
11133;*;*;33~40;5.477040816;1.06122449;1011;392;*;136000~196999;1
11134;*;*;33~40;5.653846154;1.163461538;436;104;*;136000~196999;1
11135;*;*;17~24;4.799331104;1.091973244;1680;598;0.0000~3.5347;136000~196999;1
11136;*;*;9~16;5064;1.037090909;3892;1375;3.5348~7.0695;197000~257999;1
11137;*;*;33~40;6.317204301;1.02688172;568;186;*;136000~196999;1
11138;*;*;25~32;5.324152542;1.008474576;1611;472;3.5348~7.0695;136000~196999;1
11139;*;*;33~40;5.44972067;1.019553073;1254;358;*;136000~196999;1
11140;*;*;25~32;3.075892857;1.098214286;1202;448;0.0000~3.5347;136000~196999;1
11141;*;*;17~24;4.47314578;1.038363171;969;391;3.5348~7.0695;136000~196999;1
11142;*;*;33~40;5.637614679;0.986238532;1035;218;*;136000~196999;1
11143;*;*;25~32;5.188630491;1.073643411;2166;774;0.0000~3.5347;75000~135999;1
11144;*;*;25~32;2.849056604;0.976415094;615;212;3.5348~7.0695;136000~196999;1
11145;*;*;17~24;5.770718232;1.041436464;1085;362;3.5348~7.0695;136000~196999;1
11146;*;*;33~40;5.656790123;1.083950617;1187;405;*;136000~196999;1
11147;*;*;33~40;4.944723618;0.899497487;661;199;*;136000~196999;1
11148;*;*;41~48;5.381578947;0.967105263;546;152;*;136000~196999;1
11149;*;*;25~32;4.467455621;1.059171598;1617;507;0.0000~3.5347;136000~196999;1
11150;*;*;33~40;5.712418301;1;549;153;*;136000~196999;1
11151;*;*;33~40;5.788321168;0.934306569;589;137;*;136000~196999;1
11152;*;*;25~32;4942;1036;1539;500;3.5348~7.0695;136000~196999;1
11153;*;*;17~24;4.766816143;0.937219731;462;223;0.0000~3.5347;197000~257999;1
11154;*;*;25~32;5.231578947;0.959649123;1895;570;3.5348~7.0695;197000~257999;1
11155;*;*;1~16;4.045725646;1.121272366;1118;503;0.0000~3.5347;136000~196999;1
11156;*;*;25~32;5.539823009;0.995575221;714;226;3.5348~7.0695;197000~257999;1
11157;*;*;17~24;3.926091825;1.110862262;2104;893;0.0000~3.5347;136000~196999;1
11158;*;*;17~24;4506;1.16;1536;500;0.0000~3.5347;197000~257999;1
11159;*;*;25~32;5.505617978;1.06741573;1356;356;3.5348~7.0695;197000~257999;1
11160;*;*;17~24;3.690533015;1.093078759;3093;1257;0.0000~3.5347;197000~257999;1
11161;*;*;17~24;4344;1072;825;250;0.0000~3.5347;197000~257999;1
11162;*;*;25~32;4.668478261;1.046195652;1022;368;3.5348~7.0695;136000~196999;1
11163;*;*;17~24;4.873345936;1.096408318;1217;529;0.0000~3.5347;197000~257999;1
11164;*;*;17~24;5.34845735;1.014519056;1820;551;3.5348~7.0695;197000~257999;1
11165;*;*;25~32;5.226788432;1.270928463;1749;657;0.0000~3.5347;197000~257999;1
11166;*;*;17~24;4.32826087;1.147826087;1202;460;0.0000~3.5347;197000~257999;1
11167;*;*;33~40;5.983870968;1.016129032;916;248;*;136000~196999;1
11168;*;*;33~40;4.601178782;0.933202358;1367;509;*;197000~257999;1
11169;*;*;17~24;4.463446475;1.216710183;2460;766;0.0000~3.5347;197000~257999;1
11170;*;*;33~40;5.965517241;1.005747126;578;174;*;197000~257999;1
11171;*;*;33~40;5.352697095;0.912863071;867;241;*;197000~257999;1
11172;*;*;25~32;6.058823529;0.887700535;523;187;3.5348~7.0695;197000~257999;1
11173;*;*;17~24;4.910979228;1.020771513;1807;674;3.5348~7.0695;197000~257999;1
11174;*;*;25~32;4.651394422;1.003984064;1121;502;0.0000~3.5347;197000~257999;1
11175;*;*;25~32;4.352494577;1.068329718;2442;922;3.5348~7.0695;197000~257999;1
11176;*;*;25~32;4.785834739;1.094435076;1758;593;0.0000~3.5347;197000~257999;1
11177;*;*;17~24;3.820702403;1.423290203;870;541;0.0000~3.5347;136000~196999;1
11178;*;*;25~32;7.023529412;1.035294118;474;170;3.5348~7.0695;258000~318999;1
11179;*;*;17~24;4.421733506;1.054333765;1961;773;3.5348~7.0695;136000~196999;1
11180;*;*;1~32;4.720930233;1.11627907;494;172;0.0000~3.5347;258000~501999;1
11181;*;*;25~32;5.861985472;0.94188862;1348;413;3.5348~7.0695;197000~257999;1
11182;*;*;33~40;6.701492537;1.054726368;676;201;*;197000~257999;1
11183;*;*;25~32;4.203076923;1.003076923;878;325;0.0000~3.5347;136000~196999;1
11184;*;*;25~32;5.015410959;1.095890411;1618;584;3.5348~7.0695;197000~257999;1
11185;*;*;33~40;5.271428571;0.985714286;641;210;*;197000~257999;1
11186;*;*;33~40;6.294871795;0.948717949;498;156;*;197000~257999;1
11187;*;*;33~40;5.897435897;1.012820513;690;234;*;197000~257999;1
11188;*;*;25~32;4.703412073;1.078740157;1131;381;0.0000~3.5347;136000~196999;1
11189;*;*;33~40;6.113989637;1.049222798;1479;386;*;136000~196999;1
11190;*;*;25~32;3.646153846;1.048717949;1057;390;0.0000~3.5347;197000~257999;1
11191;*;*;17~24;5.455069124;1.100230415;2600;868;3.5348~7.0695;197000~257999;1
11192;*;*;25~32;4.310405644;0.978835979;1848;567;0.0000~3.5347;197000~257999;1
11193;*;*;33~40;4.73381295;0.946043165;671;278;*;197000~257999;1
11194;*;*;1~16;3.650756694;1.15250291;1894;859;0.0000~3.5347;136000~196999;1
11195;*;*;25~32;3.992327366;0.974424552;1104;391;0.0000~3.5347;197000~257999;1
11196;*;*;33~40;7.081967213;0.97704918;852;305;*;258000~318999;1
11197;*;*;1~32;4.966431095;1.081272085;1374;566;0.0000~3.5347;258000~501999;1
11198;*;*;1~32;2.89;0.9825;1880;400;0.0000~3.5347;258000~501999;1
11199;*;*;17~24;4.112040134;1.152173913;2720;598;0.0000~3.5347;136000~196999;1
11200;*;*;1~16;3.569230769;1.132307692;735;325;0.0000~3.5347;136000~196999;1
11201;*;*;17~24;4.716049383;1.061728395;272;81;0.0000~3.5347;197000~257999;1
11202;*;*;1~16;3.690763052;1.016064257;912;249;0.0000~3.5347;136000~196999;1
11203;*;*;25~32;3.957364341;0.976744186;975;258;0.0000~3.5347;136000~196999;1
11204;*;*;41~48;4.623853211;1.036697248;375;109;*;136000~196999;1
11205;*;*;33~40;4.275720165;1.069958848;719;243;*;136000~196999;1
11206;*;*;33~40;5.469387755;0.984693878;639;196;*;136000~196999;1
11207;*;*;49~56;5.167235495;1.027303754;855;293;*;136000~196999;1
11208;*;*;25~32;3.680555556;1.045634921;2568;504;0.0000~3.5347;136000~196999;1
11209;*;*;25~32;4.316363636;1.098181818;1003;275;0.0000~3.5347;136000~196999;1
11210;*;*;9~16;3.650943396;1.193396226;1535;424;3.5348~7.0695;136000~196999;1
11211;*;*;25~32;4.306709265;1.022364217;2330;626;0.0000~3.5347;136000~196999;1
11212;*;*;25~32;5.328413284;1.20295203;1038;271;0.0000~3.5347;136000~196999;1
11213;*;*;17~24;3.473529412;1.038235294;781;340;0.0000~3.5347;136000~196999;1
11214;*;*;25~32;4.957746479;1.080985915;1331;284;3.5348~7.0695;136000~196999;1
11215;*;*;17~24;5.845470693;1.042628774;1640;563;3.5348~7.0695;136000~196999;1
11216;*;*;33~40;5.369565217;0.940217391;759;184;*;197000~257999;1
11217;*;*;33~40;5.451117318;1.001396648;2054;716;*;197000~257999;1
11218;*;*;17~24;4.841911765;0.941176471;679;272;3.5348~7.0695;136000~196999;1
11219;*;*;17~24;4.005970149;0.973134328;748;335;0.0000~3.5347;14000~74999;1
11220;*;*;17~24;3.844357977;1.075226978;2639;771;0.0000~3.5347;136000~196999;1
11221;*;*;1~32;3.82122905;1.108938547;1940;358;0.0000~3.5347;258000~501999;1
11222;*;*;25~32;5.205741627;1.057416268;1440;418;3.5348~7.0695;197000~257999;1
11223;*;*;33~40;5.513119534;0.973760933;932;343;*;197000~257999;1
11224;*;*;25~32;3.804395604;1.059340659;1127;455;0.0000~3.5347;197000~257999;1
11225;*;*;33~40;6.323529412;0.995098039;664;204;*;197000~257999;1
11226;*;*;25~32;5.044444444;0.822222222;735;315;3.5348~7.0695;197000~257999;1
11227;*;*;25~32;5.839679359;0.97995992;1500;499;3.5348~7.0695;197000~257999;1
11228;*;*;17~24;4.538461538;1.115384615;3003;1014;3.5348~7.0695;136000~196999;1
11229;*;*;25~32;5.950177936;0.950177936;891;281;3.5348~7.0695;197000~257999;1
11230;*;*;33~40;6.137931034;1.091954023;514;174;*;197000~257999;1
11231;*;*;33~40;6.648809524;1.077380952;496;168;*;197000~257999;1
11232;*;*;25~32;4.752079867;1.034941764;1499;601;3.5348~7.0695;136000~196999;1
11233;*;*;25~32;5.133709981;1.047080979;1513;531;3.5348~7.0695;197000~257999;1
11234;*;*;25~32;5.244604317;0.942446043;488;139;3.5348~7.0695;136000~196999;1
11235;*;*;33~40;5.543269231;0.923076923;884;208;*;136000~196999;1
11236;*;*;33~40;4.985915493;0.975352113;980;284;*;136000~196999;1
11237;*;*;33~40;6.048484848;0.987878788;1409;330;*;136000~196999;1
11238;*;*;25~32;5.08411215;1.093457944;1632;428;3.5348~7.0695;136000~196999;1
11239;*;*;17~24;4.344202899;0.90942029;730;276;3.5348~7.0695;197000~257999;1
11240;*;*;33~40;6.049122807;1.021052632;943;285;*;136000~196999;1
11241;*;*;33~40;5.725663717;1.050147493;1021;339;*;136000~196999;1
11242;*;*;17~24;5.976086957;1.082608696;1367;460;3.5348~7.0695;197000~257999;1
11243;*;*;33~40;5.510204082;1.014842301;1869;539;*;197000~257999;1
11244;*;*;17~24;4.493197279;1.088435374;1702;588;0.0000~3.5347;136000~196999;1
11245;*;*;25~32;5.401179941;1.017699115;809;339;3.5348~7.0695;136000~196999;1
11246;*;*;17~24;4.735015773;1.015772871;1495;634;0.0000~3.5347;197000~257999;1
11247;*;*;9~16;4.429936306;0.963375796;1749;628;3.5348~7.0695;136000~196999;1
11248;*;*;17~24;5.199029126;1.058252427;946;412;3.5348~7.0695;136000~196999;1
11249;*;*;17~24;3.908163265;0.959183673;487;98;3.5348~7.0695;136000~196999;1
11250;*;*;17~24;4.447674419;1.174418605;883;344;0.0000~3.5347;136000~196999;1
11251;*;*;17~24;4.958695652;1.210869565;1510;460;0.0000~3.5347;136000~196999;1
11252;*;*;17~24;4.332453826;1.048812665;3257;758;0.0000~3.5347;136000~196999;1
11253;*;*;41~48;3.22;0.8;157;50;*;136000~196999;1
11254;*;*;41~48;2.714285714;0.571428571;66;14;*;136000~196999;1
11255;*;*;25~32;4.617801047;1.068062827;2304;764;0.0000~3.5347;136000~196999;1
11256;*;*;17~24;4.602453988;1.077300613;2281;815;3.5348~7.0695;136000~196999;1
11257;*;*;33~40;5.571428571;0.968944099;479;161;*;197000~257999;1
11258;*;*;25~32;4.017982018;1.07992008;2457;1001;0.0000~3.5347;197000~257999;1
11259;*;*;25~32;5.276315789;1.013157895;1753;456;3.5348~7.0695;136000~196999;1
11260;*;*;25~32;5.102728732;1.025682183;2526;623;0.0000~3.5347;136000~196999;1
11261;*;*;33~40;6.552380952;1.028571429;1384;315;*;136000~196999;1
11262;*;*;25~32;4.814814815;1.091617934;1589;513;0.0000~3.5347;136000~196999;1
11263;*;*;33~40;5.068281938;1.028634361;2272;454;*;136000~196999;1
11264;*;*;33~40;6.163265306;0.994169096;1077;343;*;197000~257999;1
11265;*;*;33~40;4.908333333;0.995833333;1659;480;*;136000~196999;1
11266;*;*;25~32;5.375621891;1.074626866;1503;402;3.5348~7.0695;136000~196999;1
11267;*;*;33~40;6.589403974;1.046357616;1614;453;*;197000~257999;1
11268;*;*;33~40;5.529610829;1.084602369;1704;591;*;197000~257999;1
11269;*;*;17~24;5.642638037;1.064417178;1820;652;3.5348~7.0695;136000~196999;1
11270;*;*;1~16;4.516913319;1.049682875;2300;946;0.0000~3.5347;197000~257999;1
11271;*;*;17~24;3.945827233;1.035139092;1888;683;0.0000~3.5347;197000~257999;1
11272;*;*;25~32;5.017761989;0.969804618;1908;563;3.5348~7.0695;136000~196999;1
11273;*;*;33~40;5.556561086;0.92760181;1289;442;*;197000~257999;1
11274;*;*;17~24;4.644695543;1.065913371;3554;1593;0.0000~3.5347;136000~196999;1
11275;*;*;33~40;5.36286201;1.017035775;2110;587;*;197000~257999;1
11276;*;*;17~24;4625;1.055434783;2901;920;0.0000~3.5347;136000~196999;1
11277;*;*;33~40;5.126614987;1.085271318;1119;387;*;197000~257999;1
11278;*;*;33~40;5.965174129;1.002487562;1261;402;*;197000~257999;1
11279;*;*;33~40;5.488970588;0.981617647;811;272;*;197000~257999;1
11280;*;*;33~40;6.103359173;1.018087855;1185;387;*;136000~196999;1
11281;*;*;33~40;6.380246914;1.007407407;1233;405;*;197000~257999;1
11282;*;*;25~32;4.987878788;1.07030303;2184;825;3.5348~7.0695;136000~196999;1
11283;*;*;25~32;3.761410788;1.039419087;1170;482;0.0000~3.5347;197000~257999;1
11284;*;*;33~40;6.129032258;0.926267281;658;217;*;197000~257999;1
11285;*;*;17~24;3.899575672;1.038189533;1811;707;0.0000~3.5347;197000~257999;1
11286;*;*;33~40;5.81237525;1.037924152;1625;501;*;136000~196999;1
11287;*;*;33~40;5.664383562;0.976027397;905;292;*;197000~257999;1
11288;*;*;25~32;6.187817259;0.974619289;634;197;3.5348~7.0695;197000~257999;1
11289;*;*;17~24;5.701227831;1.06957708;1902;733;3.5348~7.0695;197000~257999;1
11290;*;*;33~40;5.862162162;0.97027027;1018;370;*;197000~257999;1
11291;*;*;33~40;5.837777778;1.04;1409;450;*;197000~257999;1
11292;*;*;33~40;6.043478261;1.030690537;1240;391;*;136000~196999;1
11293;*;*;33~40;5.937190083;1.018181818;2138;605;*;136000~196999;1
11294;*;*;33~40;6.01010101;0.96969697;1033;297;*;136000~196999;1
11295;*;*;25~32;4.190692395;1.099886493;2683;881;0.0000~3.5347;197000~257999;1
11296;*;*;25~32;4.51650165;1.01320132;1877;606;0.0000~3.5347;136000~196999;1
11297;*;*;17~24;4.493387589;1.072227874;2759;983;3.5348~7.0695;136000~196999;1
11298;*;*;33~40;5.100934579;1.026168224;2223;535;*;136000~196999;1
11299;*;*;25~32;5.245508982;0.982035928;2187;835;3.5348~7.0695;136000~196999;1
11300;*;*;25~32;4.065241845;1.079865017;3282;889;0.0000~3.5347;136000~196999;1
11301;*;*;25~32;4.443640124;1.072388831;3596;967;0.0000~3.5347;136000~196999;1
11302;*;*;33~40;4.672316384;0.912429379;1065;354;*;136000~196999;1
11303;*;*;9~16;3.603448276;1.04969574;2017;986;0.0000~3.5347;75000~135999;1
11304;*;*;25~32;4.636363636;0.922077922;654;154;3.5348~7.0695;136000~196999;1
11305;*;*;33~40;4.128133705;1.040389972;2235;718;*;136000~196999;1
11306;*;*;9~16;3.988919668;1.031855956;1806;722;3.5348~7.0695;136000~196999;1
11307;*;*;33~40;4.271428571;0.971428571;163;70;*;136000~196999;1
11308;*;*;33~40;5.62745098;1.037433155;1842;561;*;136000~196999;1
11309;*;*;25~32;3.977653631;1.037243948;1528;537;0.0000~3.5347;197000~257999;1
11310;*;*;25~32;4.315789474;1.052631579;1376;532;3.5348~7.0695;136000~196999;1
11311;*;*;33~40;6.280991736;1.797520661;658;242;*;258000~318999;1
11312;*;*;33~40;4.776699029;0.996763754;1114;309;*;136000~196999;1
11313;*;*;33~40;4.848039216;1.205882353;691;204;*;136000~196999;1
11314;*;*;25~32;4.975113122;1.023755656;2777;884;3.5348~7.0695;197000~257999;1
11315;*;*;17~24;4.677647059;0.997647059;1277;425;0.0000~3.5347;136000~196999;1
11316;*;*;1~32;3.786549708;1.219298246;856;342;0.0000~3.5347;258000~501999;1
11317;*;*;17~24;4.210131332;1.07879925;1543;533;0.0000~3.5347;136000~196999;1
11318;*;*;1~16;3.709447415;0.946524064;1617;561;0.0000~3.5347;136000~196999;1
11319;*;*;1~8;4.094545455;1.036363636;1576;550;3.5348~7.0695;136000~196999;1
11320;*;*;17~24;5.046070461;1.081300813;1301;369;0.0000~3.5347;136000~196999;1
11321;*;*;17~24;4.888217523;1.016616314;2034;662;3.5348~7.0695;136000~196999;1
11322;*;*;25~32;4.788643533;0.984227129;1086;317;3.5348~7.0695;136000~196999;1
11323;*;*;25~32;4.714285714;0.925170068;901;294;3.5348~7.0695;136000~196999;1
11324;*;*;17~24;4.339869281;0.947712418;1012;306;3.5348~7.0695;136000~196999;1
11325;*;*;17~24;4.781783681;1.055028463;2126;527;3.5348~7.0695;136000~196999;1
11326;*;*;1~16;4.586837294;1.117001828;1814;547;0.0000~3.5347;136000~196999;1
11327;*;*;25~32;5.332361516;1.067055394;1703;343;3.5348~7.0695;136000~196999;1
11328;*;*;25~32;4.915851272;0.990215264;1861;511;3.5348~7.0695;136000~196999;1
11329;*;*;33~40;4.35347432;1.018126888;1233;331;*;136000~196999;1
11330;*;*;17~24;4.976100629;1.021383648;3196;795;3.5348~7.0695;136000~196999;1
11331;*;*;25~32;5.017142857;1.040952381;4480;1050;3.5348~7.0695;136000~196999;1
11332;*;*;25~32;5.777292576;0.908296943;852;229;3.5348~7.0695;197000~257999;1
11333;*;*;17~24;4.243542435;0.994464945;1625;542;0.0000~3.5347;136000~196999;1
11334;*;*;17~24;7.210909091;1.029090909;1098;275;3.5348~7.0695;258000~318999;1
11335;*;*;17~24;5.944281525;1.049853372;1405;341;3.5348~7.0695;197000~257999;1
11336;*;*;25~32;4.962318841;0.942028986;1036;345;3.5348~7.0695;136000~196999;1
11337;*;*;25~32;5.186728395;1.114197531;2709;648;3.5348~7.0695;136000~196999;1
11338;*;*;25~32;5.393103448;0.931034483;973;290;3.5348~7.0695;136000~196999;1
11339;*;*;17~24;4.484593838;0.984593838;3308;714;3.5348~7.0695;136000~196999;1
11340;*;*;17~24;4.539473684;1.115131579;1472;304;3.5348~7.0695;136000~196999;1
11341;*;*;9~16;4.257391304;1.046956522;1666;575;3.5348~7.0695;136000~196999;1
11342;*;*;17~24;4.04969697;0.973333333;3381;825;0.0000~3.5347;136000~196999;1
11343;*;*;17~24;4.471317829;1.026356589;2613;645;3.5348~7.0695;136000~196999;1
11344;*;*;1~16;4.115044248;1.05840708;1511;565;0.0000~3.5347;136000~196999;1
11345;*;*;17~24;4.444444444;1.090277778;1413;432;3.5348~7.0695;136000~196999;1
11346;*;*;25~32;5.482978723;0.946808511;1849;470;3.5348~7.0695;136000~196999;1
11347;*;*;33~40;5.173126615;0.976744186;1726;387;*;136000~196999;1
11348;*;*;25~32;4.168042011;1.048762191;4545;1333;0.0000~3.5347;136000~196999;1
11349;*;*;17~24;4.944845699;1.030203546;5254;1523;3.5348~7.0695;136000~196999;1
11350;*;*;25~32;4.639053254;1.047337278;662;169;0.0000~3.5347;136000~196999;1
11351;*;*;17~24;4.151458137;0.409219191;4818;1063;0.0000~3.5347;197000~257999;1
11352;*;*;17~24;4.134259259;1.032407407;1149;216;0.0000~3.5347;136000~196999;1
11353;*;*;25~32;3.930348259;0.990049751;1196;201;0.0000~3.5347;136000~196999;1
11354;*;*;1~16;3.480712166;1.007418398;3842;674;0.0000~3.5347;136000~196999;1
11355;*;*;9~16;4.466666667;1.044444444;677;270;3.5348~7.0695;136000~196999;1
11356;*;*;25~32;3.541755889;0.929336188;1843;467;0.0000~3.5347;136000~196999;1
11357;*;*;1~8;3.243654822;1;666;197;0.0000~3.5347;14000~135999;1
11358;*;*;1~16;4.165915239;1.140667268;3385;1109;0.0000~3.5347;136000~196999;1
11359;*;*;17~24;3.57860262;1.072052402;2513;458;0.0000~3.5347;136000~196999;1
11360;*;*;1~16;2.930327869;0.87704918;1394;244;0.0000~3.5347;136000~196999;1
11361;*;*;17~24;5.082139446;1.015281757;4011;1047;3.5348~7.0695;136000~196999;1
11362;*;*;25~32;4.928667564;1.122476447;3009;743;3.5348~7.0695;136000~196999;1
11363;*;*;17~24;5.323308271;1.052631579;3118;798;3.5348~7.0695;197000~257999;1
11364;*;*;17~24;5.878151261;1.005602241;2468;714;3.5348~7.0695;197000~257999;1
11365;*;*;9~16;4.91651865;1.065719361;1182;563;3.5348~7.0695;197000~257999;1
11366;*;*;25~32;5.685714286;0.991836735;976;245;3.5348~7.0695;197000~257999;1
11367;*;*;17~24;6.646840149;1.029739777;1846;538;3.5348~7.0695;258000~318999;1
11368;*;*;17~24;4.390728477;0.907284768;1401;453;3.5348~7.0695;136000~196999;1
11369;*;*;17~24;5.670761671;1.14004914;1101;407;3.5348~7.0695;197000~257999;1
11370;*;*;17~24;4.868811881;1.205445545;1251;404;3.5348~7.0695;197000~257999;1
11371;*;*;25~32;5.176630435;1.013586957;1098;368;3.5348~7.0695;197000~257999;1
11372;*;*;25~32;5.631147541;0.959016393;731;244;3.5348~7.0695;197000~257999;1
11373;*;*;17~24;5.572815534;1.022653722;865;309;3.5348~7.0695;258000~318999;1
11374;*;*;25~32;5.842565598;1.017492711;1085;343;3.5348~7.0695;197000~257999;1
11375;*;*;17~24;5.348453608;1.111340206;817;485;0.0000~3.5347;197000~257999;1
11376;*;*;17~24;5.439899833;1.067612688;3441;1198;3.5348~7.0695;136000~196999;1
11377;*;*;25~32;6.244444444;0.970940171;1930;585;3.5348~7.0695;258000~318999;1
11378;*;*;25~32;5.429118774;1.011494253;817;261;3.5348~7.0695;197000~257999;1
11379;*;*;25~32;6.029490617;0.922252011;1311;373;3.5348~7.0695;258000~318999;1
11380;*;*;25~32;5.623376623;0.983766234;1115;308;3.5348~7.0695;197000~257999;1
11381;*;*;17~24;6.465408805;1.201257862;340;159;3.5348~7.0695;197000~257999;1
11382;*;*;25~32;4.926605505;1.171253823;554;327;0.0000~3.5347;136000~196999;1
11383;*;*;25~32;6.788679245;0.879245283;810;265;7.0696~10.6043;*;1
11384;*;*;25~32;7.977678571;1.013392857;639;224;3.5348~7.0695;319000~379999;1
11385;*;*;17~24;7.104591837;1125;1086;392;7.0696~10.6043;*;1
11386;*;*;17~24;4.638386648;1.04867872;1500;719;3.5348~7.0695;197000~257999;1
11387;*;*;17~24;5.705555556;1.144444444;436;180;3.5348~7.0695;197000~257999;1
11388;*;*;17~24;6.868068834;1.007648184;1598;523;3.5348~7.0695;258000~318999;1
11389;*;*;17~24;5.099173554;1.363636364;792;363;3.5348~7.0695;136000~196999;0
11390;*;*;9~16;4.819444444;1.055555556;784;360;3.5348~7.0695;136000~196999;1
11391;*;*;17~24;5.707910751;1.093306288;1439;493;3.5348~7.0695;258000~318999;1
11392;*;*;25~32;6.335347432;0.981873112;1217;331;3.5348~7.0695;197000~257999;1
11393;*;*;25~32;6.071684588;0.931899642;885;279;3.5348~7.0695;197000~257999;1
11394;*;*;17~24;4.65535248;1.083550914;1025;383;3.5348~7.0695;197000~257999;1
11395;*;*;17~24;7.129098361;0.932377049;1454;488;3.5348~7.0695;319000~379999;1
11396;*;*;17~24;7.052631579;0.950764007;2130;589;7.0696~10.6043;*;1
11397;*;*;17~24;6.602649007;1.103752759;1437;453;3.5348~7.0695;258000~318999;1
11398;*;*;17~24;6.17693837;0.960238569;1688;503;3.5348~7.0695;258000~318999;1
11399;*;*;17~24;7.302973978;1.039033457;1858;538;3.5348~7.0695;258000~318999;1
11400;*;*;17~24;7.377981651;1.022018349;1872;545;3.5348~7.0695;258000~318999;1
11401;*;*;17~24;7.69137931;1.00862069;2095;580;7.0696~10.6043;*;1
11402;*;*;17~24;6.042857143;1.046428571;934;280;3.5348~7.0695;197000~257999;1
11403;*;*;9~16;4.571047957;1.04973357;3171;1126;3.5348~7.0695;197000~257999;1
11404;*;*;17~24;6.662650602;1.008032129;1520;498;3.5348~7.0695;258000~318999;1
11405;*;*;17~24;5.356435644;1.050742574;2243;808;3.5348~7.0695;319000~379999;1
11406;*;*;1~32;4.052173913;1.147157191;3285;1495;0.0000~3.5347;258000~501999;1
11407;*;*;17~24;7.122807018;0.969298246;782;228;3.5348~7.0695;258000~318999;1
11408;*;*;17~24;6.816176471;0.99754902;1242;408;3.5348~7.0695;258000~318999;1
11409;*;*;17~24;6.45979021;1.052447552;1779;572;3.5348~7.0695;258000~318999;1
11410;*;*;9~16;4.383886256;1.132701422;1581;633;3.5348~7.0695;136000~196999;1
11411;*;*;17~24;6.741620112;1.002793296;2471;716;3.5348~7.0695;258000~318999;1
11412;*;*;17~24;7.150753769;1.035175879;1954;597;3.5348~7.0695;258000~318999;1
11413;*;*;17~24;6.318032787;1.009836066;2585;915;3.5348~7.0695;197000~257999;1
11414;*;*;17~24;7.508538899;0.986717268;1774;527;7.0696~10.6043;*;1
11415;*;*;17~24;7.077452668;0.99827883;1886;581;3.5348~7.0695;258000~318999;1
11416;*;*;1~16;8.602348993;1.058724832;2142;596;7.0696~10.6043;*;1
11417;*;*;17~24;6.373737374;1.067821068;1865;693;3.5348~7.0695;258000~318999;1
11418;*;*;17~24;6.442260442;1.093366093;1103;407;3.5348~7.0695;258000~318999;1
11419;*;*;17~24;7.229166667;1.020833333;1319;432;3.5348~7.0695;258000~318999;1
11420;*;*;17~24;6.793478261;0.932065217;1242;368;7.0696~10.6043;*;1
11421;*;*;17~24;7;1.022312373;1736;493;3.5348~7.0695;258000~318999;1
11422;*;*;17~24;6.69921875;1.0703125;1601;512;3.5348~7.0695;258000~318999;1
11423;*;*;25~32;6.211678832;0.98540146;1337;411;3.5348~7.0695;197000~257999;1
11424;*;*;25~32;6.585513078;0.961770624;1645;497;3.5348~7.0695;258000~318999;1
11425;*;*;25~32;5.466124661;0.967479675;1063;369;3.5348~7.0695;197000~257999;1
11426;*;*;17~24;5.856304985;0.997067449;952;341;3.5348~7.0695;197000~257999;1
11427;*;*;17~24;5.084084084;1.094594595;1715;666;3.5348~7.0695;197000~257999;1
11428;*;*;9~16;5.774881517;1.037914692;986;422;3.5348~7.0695;197000~257999;1
11429;*;*;25~32;6.279742765;1.061093248;1809;622;3.5348~7.0695;258000~318999;1
11430;*;*;17~24;6.448105437;0.988467875;1871;607;3.5348~7.0695;258000~318999;1
11431;*;*;9~16;8.073783359;1.023547881;2209;637;3.5348~7.0695;258000~501999;1
11432;*;*;17~24;8.127572016;1.020576132;2302;729;7.0696~10.6043;*;1
11433;*;*;17~24;9.691891892;1.232432432;1826;555;3.5348~7.0695;319000~379999;1
11434;*;*;25~32;6.875722543;0.971098266;988;346;3.5348~7.0695;319000~379999;1
11435;*;*;25~32;7.051136364;1.022727273;960;352;3.5348~7.0695;319000~379999;0
11436;*;*;17~24;6.266853933;0.967696629;1943;712;3.5348~7.0695;258000~318999;1
11437;*;*;17~24;6.52733119;1.022508039;910;311;7.0696~10.6043;*;1
11438;*;*;17~24;4.765873016;1.162698413;1549;756;3.5348~7.0695;319000~379999;1
11439;*;*;17~24;7.131944444;1.010416667;836;288;3.5348~7.0695;380000~501999;0
11440;*;*;17~24;6.022801303;0.93485342;2046;614;3.5348~7.0695;258000~318999;1
11441;*;*;17~24;3.848393574;0.436746988;2192;996;0.0000~3.5347;197000~257999;1
11442;*;*;17~24;5.175824176;1.001831502;1738;546;3.5348~7.0695;197000~257999;1
11443;*;*;25~32;5.53202847;0.998220641;1891;562;3.5348~7.0695;197000~257999;1
11444;*;*;1~8;5.144414169;1.066303361;2493;1101;3.5348~7.0695;258000~501999;1
11445;*;*;25~32;6.507380074;1.009225092;1615;542;3.5348~7.0695;258000~318999;1
11446;*;*;17~24;6.705705706;0.960960961;2166;666;3.5348~7.0695;319000~379999;1
11447;*;*;1~16;4.879807692;1.072115385;1974;1248;0.0000~3.5347;136000~196999;1
11448;*;*;1~16;7.194915254;1.01059322;1542;472;7.0696~10.6043;*;1
11449;*;*;17~24;6.892739274;0.717821782;1704;606;3.5348~7.0695;258000~318999;1
11450;*;*;17~24;6.814136126;0.976439791;1265;382;3.5348~7.0695;319000~379999;1
11451;*;*;1~16;7.235955056;0.959871589;2221;623;7.0696~10.6043;*;1
11452;*;*;25~32;6.705394191;1.211618257;700;241;3.5348~7.0695;197000~257999;1
11453;*;*;9~16;5.92244898;1.093877551;1125;490;3.5348~7.0695;258000~501999;0
11454;*;*;9~16;4.626614987;1.007751938;1644;774;3.5348~7.0695;258000~501999;0
11455;*;*;17~24;5.00989011;1.148351648;1949;910;3.5348~7.0695;380000~501999;0
11456;*;*;25~32;5.154336735;1.151785714;1689;784;3.5348~7.0695;380000~501999;0
11457;*;*;33~40;6.385964912;1.619047619;755;399;*;380000~440999;0
11458;*;*;9~16;4.540295119;1.002270148;1999;881;3.5348~7.0695;258000~501999;1
11459;*;*;17~24;4.487804878;1.024390244;1047;451;3.5348~7.0695;136000~196999;1
11460;*;*;9~16;4.962085308;1.048973144;1729;633;3.5348~7.0695;197000~257999;1
11461;*;*;1~16;4.297789337;1.093628088;2272;769;0.0000~3.5347;197000~257999;1
11462;*;*;17~24;5.037037037;1.044973545;1776;756;3.5348~7.0695;258000~318999;1
11463;*;*;9~16;4.56557377;0.981557377;1122;488;3.5348~7.0695;258000~501999;1
11464;*;*;17~24;4;1.009456265;903;423;3.5348~7.0695;258000~318999;1
11465;*;*;1~16;4.402821317;1.109717868;1260;638;0.0000~3.5347;197000~257999;0
11466;*;*;25~32;5.63559322;1.241525424;613;236;3.5348~7.0695;319000~379999;1
11467;*;*;1~32;5.486956522;1.135652174;951;575;0.0000~3.5347;258000~501999;1
11468;*;*;9~16;5.263925729;1.106100796;1508;754;3.5348~7.0695;258000~501999;0
11469;*;*;1~16;8.093425606;1.078431373;2427;867;7.0696~10.6043;*;0
11470;*;*;9~16;5.557794274;1.044538706;2048;943;3.5348~7.0695;258000~501999;1
11471;*;*;33~40;5.873417722;1.055379747;1521;632;*;380000~440999;1
11472;*;*;17~24;4.951596292;1.059732235;2422;971;3.5348~7.0695;258000~318999;1
11473;*;*;17~24;3.455805893;1.001733102;3031;577;0.0000~3.5347;197000~257999;1
11474;*;*;17~24;3.703703704;1.060185185;1803;432;0.0000~3.5347;197000~257999;1
11475;*;*;17~24;5.933760684;1.063034188;2408;936;3.5348~7.0695;319000~379999;1
11476;*;*;17~24;6.591677503;1.00130039;2473;769;3.5348~7.0695;258000~318999;1
11477;*;*;17~24;5.548306148;1.070263488;4404;1594;3.5348~7.0695;258000~318999;1
11478;*;*;17~24;6.9524618;0.981324278;1766;589;3.5348~7.0695;258000~318999;1
11479;*;*;17~24;6.048249763;1.079470199;2743;1057;3.5348~7.0695;319000~379999;1
11480;*;*;17~24;5.5;1.011627907;2465;946;3.5348~7.0695;258000~318999;1
11481;*;*;17~24;5.63170347;1.048895899;3418;1268;3.5348~7.0695;197000~257999;1
11482;*;*;17~24;5.082125604;1.016908213;1181;414;3.5348~7.0695;197000~257999;1
11483;*;*;25~32;7.929078014;0.992907801;809;282;3.5348~7.0695;319000~379999;1
11484;*;*;17~24;3.894736842;1.082007344;1770;817;0.0000~3.5347;197000~257999;1
11485;*;*;25~32;6.618518519;1.018518519;801;270;3.5348~7.0695;197000~257999;1
11486;*;*;17~24;5.235514019;1.213084112;1473;535;3.5348~7.0695;14000~135999;1
11487;*;*;9~16;4.477894737;1.130526316;1338;475;3.5348~7.0695;136000~196999;1
11488;*;*;17~24;5.260416667;1.087339744;3079;1248;3.5348~7.0695;258000~318999;1
11489;*;*;17~24;6.557823129;0.964285714;1741;588;7.0696~10.6043;*;1
11490;*;*;1~32;7.682926829;0.93495935;337;123;10.6044~16.0000;*;1
11491;*;*;9~16;4.671711292;1.051222352;1999;859;3.5348~7.0695;197000~257999;1
11492;*;*;9~16;5.466666667;1.088888889;886;270;3.5348~7.0695;197000~257999;1
11493;*;*;1~32;3.147208122;1.088832487;1441;788;0.0000~3.5347;258000~501999;1
11494;*;*;17~24;5.972413793;1.018390805;1184;435;3.5348~7.0695;258000~318999;1
11495;*;*;1~16;7.85472155;1.01937046;1259;413;7.0696~10.6043;*;1
11496;*;*;25~32;6.310638298;1.068085106;738;235;3.5348~7.0695;258000~318999;1
11497;*;*;1~16;7.139275766;0.990250696;2429;718;7.0696~10.6043;*;0
11498;*;*;9~16;4.666666667;1.088265836;2222;963;3.5348~7.0695;136000~196999;1
11499;*;*;9~16;4.074695122;1.047256098;1192;656;3.5348~7.0695;136000~196999;1
11500;*;*;9~16;3.849056604;1.027253669;942;477;3.5348~7.0695;136000~196999;1
11501;*;*;9~16;4.907407407;0.99691358;2261;972;3.5348~7.0695;258000~501999;0
11502;*;*;9~16;5.21976593;1.128738622;1605;769;3.5348~7.0695;258000~501999;1
11503;*;*;25~32;6.567368421;1.025263158;2615;950;3.5348~7.0695;380000~501999;0
11504;*;*;33~40;3.535460993;0.929078014;531;282;*;380000~440999;0
11505;*;*;9~16;5.385744235;1.70230608;785;477;3.5348~7.0695;258000~501999;0
11506;*;*;41~48;3.954692557;0.980582524;565;309;*;380000~501999;0
11507;*;*;41~48;4.553133515;1.0626703;871;367;*;380000~501999;0
11508;*;*;17~24;5.121019108;1;592;314;3.5348~7.0695;380000~501999;0
11509;*;*;33~40;4.556989247;1.12688172;872;465;*;441000~501999;0
11510;*;*;25~32;4.225806452;1.103225806;563;310;3.5348~7.0695;380000~501999;0
11511;*;*;25~32;3.766467066;0.997005988;645;334;3.5348~7.0695;380000~501999;0
11512;*;*;25~32;3.974609375;0.849609375;934;512;3.5348~7.0695;380000~501999;0
11513;*;*;17~24;4.881889764;1.165354331;513;254;3.5348~7.0695;380000~501999;0
11514;*;*;25~32;5.641148325;1.196172249;369;209;3.5348~7.0695;380000~501999;0
11515;*;*;17~24;7.091370558;1.375634518;491;197;7.0696~10.6043;*;0
11516;*;*;17~24;5.744974874;1.177135678;1619;796;3.5348~7.0695;380000~501999;0
11517;*;*;25~32;7.586837294;1.042047532;1424;547;7.0696~10.6043;*;0
11518;*;*;17~24;8.088180113;0.996247655;1426;533;7.0696~10.6043;*;0
11519;*;*;1~16;6.01320132;1.0330033;643;303;7.0696~10.6043;*;0
11520;*;*;1~32;8.354231975;1.037617555;964;319;10.6044~16.0000;*;0
11521;*;*;1~16;7.598615917;1.041522491;1490;578;7.0696~10.6043;*;1
11522;*;*;1~16;5.506811989;1.079019074;696;367;7.0696~10.6043;*;0
11523;*;*;25~32;5.293361884;0.96359743;1301;467;3.5348~7.0695;258000~318999;1
11524;*;*;17~24;4.618226601;1.162561576;900;406;3.5348~7.0695;197000~257999;1
11525;*;*;17~24;4.574324324;1.07347973;2260;1184;3.5348~7.0695;136000~196999;1
11526;*;*;25~32;3.540816327;1.043367347;515;392;0.0000~3.5347;14000~74999;1
11527;*;*;25~32;4.523897059;1.033088235;971;544;0.0000~3.5347;75000~135999;1
11528;*;*;25~32;3.947058824;1.080392157;664;510;0.0000~3.5347;14000~74999;1
11529;*;*;25~32;4.26417704;1.114799447;960;723;0.0000~3.5347;14000~74999;1
11530;*;*;25~32;3.341708543;1.067001675;743;597;0.0000~3.5347;14000~74999;1
11531;*;*;25~32;3.925120773;1.062801932;533;414;0.0000~3.5347;14000~74999;1
11532;*;*;25~32;3.847092606;1.082555635;1829;1393;0.0000~3.5347;14000~74999;1
11533;*;*;25~32;3.656133829;1.072490706;692;538;0.0000~3.5347;14000~74999;1
11534;*;*;25~32;3.182108626;1.162939297;366;313;0.0000~3.5347;14000~74999;1
11535;*;*;25~32;3.412903226;1.025806452;193;155;0.0000~3.5347;14000~74999;1
11536;*;*;25~32;3.669856459;1.020733652;847;627;0.0000~3.5347;14000~74999;1
11537;*;*;25~32;4.302752294;1.043577982;1499;436;0.0000~3.5347;136000~196999;1
11538;*;*;25~32;5.18404908;1.107361963;2269;652;3.5348~7.0695;136000~196999;1
11539;*;*;25~32;3.755434783;1.051630435;1977;368;0.0000~3.5347;136000~196999;1
11540;*;*;25~32;7.438172043;0.930107527;1148;372;3.5348~7.0695;258000~318999;1
11541;*;*;25~32;5.178253119;1.046345811;1781;561;3.5348~7.0695;197000~257999;1
11542;*;*;25~32;6.292631579;1.008421053;1596;475;3.5348~7.0695;197000~257999;1
11543;*;*;25~32;5.886075949;1.074683544;2503;790;3.5348~7.0695;197000~257999;1
11544;*;*;1~16;6.96969697;0.885521886;878;297;7.0696~10.6043;*;1
11545;*;*;9~16;6.118892508;1.058631922;1291;614;3.5348~7.0695;197000~257999;1
11546;*;*;25~32;5.741496599;0.954648526;1274;441;3.5348~7.0695;197000~257999;1
11547;*;*;25~32;6.457142857;1.023529412;1961;595;3.5348~7.0695;197000~257999;1
11548;*;*;25~32;6.216080402;1.021775544;1902;597;3.5348~7.0695;197000~257999;1
11549;*;*;25~32;6.582792208;1.025974026;3613;1232;3.5348~7.0695;258000~318999;1
11550;*;*;17~24;5.006476684;1.038860104;2670;772;3.5348~7.0695;136000~196999;1
11551;*;*;33~40;4.63003663;1.003663004;783;273;*;197000~257999;1
11552;*;*;25~32;4.447368421;1.105263158;1314;418;0.0000~3.5347;136000~196999;1
11553;*;*;25~32;5.553225806;1.024193548;2257;620;3.5348~7.0695;197000~257999;1
11554;*;*;25~32;5.50067659;1.00270636;1960;739;3.5348~7.0695;197000~257999;1
11555;*;*;9~16;5.619393939;1.100606061;2341;825;3.5348~7.0695;258000~501999;1
11556;*;*;17~24;5.318781726;1.060913706;2440;985;3.5348~7.0695;197000~257999;1
11557;*;*;17~24;6.412121212;0.945454545;2408;660;3.5348~7.0695;258000~318999;1
11558;*;*;25~32;5.145098039;1.047058824;922;255;0.0000~3.5347;197000~257999;1
11559;*;*;25~32;5.055031447;1.025157233;2066;636;3.5348~7.0695;197000~257999;1
11560;*;*;25~32;4.378830084;1.008356546;1351;359;0.0000~3.5347;136000~196999;1
11561;*;*;17~24;3.640915594;1.054363376;1468;699;0.0000~3.5347;136000~196999;1
11562;*;*;17~24;4.069986541;1.014804845;2357;743;0.0000~3.5347;136000~196999;1
11563;*;*;17~24;3.276371308;1.092827004;1988;474;0.0000~3.5347;136000~196999;1
11564;*;*;17~24;4.497607656;0.968899522;967;418;3.5348~7.0695;136000~196999;1
11565;*;*;25~32;5.5;0.974178404;1537;426;3.5348~7.0695;197000~257999;1
11566;*;*;33~40;6.25739645;1.041420118;1253;338;*;197000~257999;1
11567;*;*;33~40;5.88377193;0.956140351;1520;456;*;197000~257999;1
11568;*;*;25~32;4.568831169;1.049350649;1404;385;3.5348~7.0695;136000~196999;1
11569;*;*;33~40;5.253787879;0.901515152;890;264;*;197000~257999;1
11570;*;*;25~32;6.511029412;1.088235294;995;272;3.5348~7.0695;197000~257999;1
11571;*;*;33~40;6.536277603;1.100946372;1249;317;*;136000~196999;1
11572;*;*;25~32;3.65982906;1.020512821;2038;585;0.0000~3.5347;136000~196999;1
11573;*;*;17~24;5.015151515;1.011363636;687;264;0.0000~3.5347;136000~196999;1
11574;*;*;25~32;3.948207171;1.001992032;1426;502;0.0000~3.5347;136000~196999;1
11575;*;*;25~32;5.265350877;1.103070175;1155;456;0.0000~3.5347;197000~257999;1
11576;*;*;1~16;3.648208469;1.039087948;982;307;0.0000~3.5347;136000~196999;1
11577;*;*;1~16;3.74251497;0.991017964;1047;334;0.0000~3.5347;197000~257999;1
11578;*;*;17~24;4.587454765;1.083232811;1511;829;0.0000~3.5347;197000~257999;1
11579;*;*;1~8;5.476635514;1.102803738;232;107;3.5348~7.0695;136000~196999;1
11580;*;*;25~32;6.802721088;1.054421769;880;294;3.5348~7.0695;197000~257999;1
11581;*;*;17~24;6.457627119;0.981355932;1818;590;3.5348~7.0695;197000~257999;1
11582;*;*;25~32;6.195426195;1.027027027;1370;481;3.5348~7.0695;197000~257999;1
11583;*;*;25~32;7.705882353;1.034155598;1623;527;7.0696~10.6043;*;1
11584;*;*;25~32;5.938616071;0.9921875;2932;896;3.5348~7.0695;197000~257999;1
11585;*;*;25~32;5.222585925;1.037643208;1718;611;3.5348~7.0695;197000~257999;1
11586;*;*;25~32;6.227848101;1.020253165;1277;395;3.5348~7.0695;197000~257999;1
11587;*;*;25~32;6.092057762;1.009025271;1754;554;3.5348~7.0695;197000~257999;1
11588;*;*;17~24;5.85840708;1.057522124;1160;452;3.5348~7.0695;197000~257999;1
11589;*;*;25~32;6.714765101;1.013422819;836;298;3.5348~7.0695;197000~257999;1
11590;*;*;25~32;6.28150134;1.010723861;1166;373;3.5348~7.0695;197000~257999;1
11591;*;*;25~32;6.618249534;0.983240223;1600;537;3.5348~7.0695;258000~318999;1
11592;*;*;25~32;6.400702988;0.978910369;1623;569;3.5348~7.0695;258000~318999;1
11593;*;*;25~32;6.494755245;1.005244755;1640;572;3.5348~7.0695;197000~257999;1
11594;*;*;25~32;6.218274112;1.037225042;1457;591;3.5348~7.0695;319000~379999;1
11595;*;*;33~40;6.930417495;1.007952286;1311;503;*;380000~440999;1
11596;*;*;33~40;7.171717172;0.997474747;1127;396;*;319000~379999;1
11597;*;*;25~32;7.25;1.006756757;852;296;3.5348~7.0695;319000~379999;1
11598;*;*;33~40;7.005665722;1.084985836;967;353;*;319000~379999;1
11599;*;*;25~32;6.791332263;0.990369181;1694;623;3.5348~7.0695;319000~379999;1
11600;*;*;33~40;6.60982659;1.002890173;1051;346;*;319000~379999;1
11601;*;*;25~32;6.95410628;0.973429952;1109;414;3.5348~7.0695;319000~379999;1
11602;*;*;25~32;5.892580288;1.070874862;1969;903;3.5348~7.0695;319000~379999;1
11603;*;*;17~24;6.361638362;1.028971029;3281;1001;3.5348~7.0695;197000~257999;1
11604;*;*;17~24;6.607940447;1.066997519;1499;403;3.5348~7.0695;258000~318999;1
11605;*;*;17~24;10.5;1.75;32;8;3.5348~7.0695;136000~196999;1
11606;*;*;1~16;6.89044289;0.916083916;1379;429;7.0696~10.6043;*;1
11607;*;*;9~16;6.186153846;1.078461538;1488;650;3.5348~7.0695;197000~257999;1
11608;*;*;17~24;7.519823789;0.955947137;1272;454;7.0696~10.6043;*;1
11609;*;*;25~32;7.760598504;1.08478803;1098;401;3.5348~7.0695;319000~379999;1
11610;*;*;25~32;7.226993865;1.012269939;937;326;3.5348~7.0695;319000~379999;1
11611;*;*;17~24;7.482439926;1.038817006;1637;541;7.0696~10.6043;*;1
11612;*;*;33~40;5.640756303;0.978991597;1359;476;*;197000~257999;1
11613;*;*;17~24;4.603773585;1.056603774;1215;477;3.5348~7.0695;136000~196999;1
11614;*;*;25~32;7.0752;0.9984;1936;625;3.5348~7.0695;319000~379999;1
11615;*;*;17~24;4.683168317;1.094059406;1015;404;3.5348~7.0695;197000~257999;1
11616;*;*;17~24;4.536184211;1.095394737;937;304;3.5348~7.0695;136000~196999;1
11617;*;*;17~24;4.584586466;1.041353383;1161;532;3.5348~7.0695;136000~196999;1
11618;*;*;1~32;5.876971609;1.119873817;1260;317;0.0000~3.5347;258000~501999;1
11619;*;*;17~24;5.866253322;1.066430469;3193;1129;3.5348~7.0695;197000~257999;1
11620;*;*;17~24;7.47706422;0.998470948;2295;654;3.5348~7.0695;319000~379999;1
11621;*;*;17~24;6.050802139;1.109625668;2318;748;3.5348~7.0695;319000~379999;1
11622;*;*;25~32;6.334876543;0.983024691;2072;648;3.5348~7.0695;258000~318999;1
11623;*;*;17~24;5.25795053;1.102473498;972;283;3.5348~7.0695;197000~257999;1
11624;*;*;25~32;5.841509434;1.052830189;732;265;3.5348~7.0695;136000~196999;1
11625;*;*;25~32;6.354216867;1.113253012;965;415;3.5348~7.0695;136000~196999;1
11626;*;*;25~32;6.428308824;0.943014706;1839;544;3.5348~7.0695;258000~318999;1
11627;*;*;17~24;7.366847826;0.956521739;1305;368;7.0696~10.6043;*;1
11628;*;*;17~24;4.715254237;1.145762712;810;295;3.5348~7.0695;197000~257999;1
11629;*;*;17~24;4.503787879;1.064393939;577;264;0.0000~3.5347;197000~257999;1
11630;*;*;17~24;5.970967742;1.116129032;770;310;3.5348~7.0695;197000~257999;1
11631;*;*;17~24;4.765864333;1.043763676;1077;457;3.5348~7.0695;197000~257999;1
11632;*;*;17~24;5.639830508;0.983050847;1275;472;3.5348~7.0695;258000~318999;1
11633;*;*;17~24;5.765661253;1.013921114;1286;431;3.5348~7.0695;258000~318999;1
11634;*;*;1~32;3.927586207;1.131034483;665;290;0.0000~3.5347;258000~501999;1
11635;*;*;33~40;4.635311143;0.945007236;2072;691;*;197000~257999;1
11636;*;*;25~32;5.952848723;1.04518664;1668;509;3.5348~7.0695;197000~257999;1
11637;*;*;25~32;4.173913043;1.059782609;529;184;0.0000~3.5347;75000~135999;1
11638;*;*;17~24;5.181194907;1.032321254;2812;1021;3.5348~7.0695;197000~257999;1
11639;*;*;17~24;6.490225564;1.019548872;2286;665;3.5348~7.0695;258000~318999;1
11640;*;*;17~24;5.882089552;0.97761194;1897;670;3.5348~7.0695;319000~379999;1
11641;*;*;17~24;8.056451613;1;1323;372;7.0696~10.6043;*;1
11642;*;*;17~24;3.938123752;1.02994012;1112;501;3.5348~7.0695;136000~196999;1
11643;*;*;17~24;6.242946708;1.05799373;1568;638;3.5348~7.0695;197000~257999;1
11644;*;*;17~24;6.309486781;0.970451011;2204;643;3.5348~7.0695;197000~257999;1
11645;*;*;25~32;6.016096579;1.036217304;1849;497;3.5348~7.0695;197000~257999;1
11646;*;*;25~32;5.606666667;0.971111111;1377;450;3.5348~7.0695;197000~257999;1
11647;*;*;25~32;6.694290976;1.044198895;1779;543;3.5348~7.0695;197000~257999;1
11648;*;*;17~24;5.574534161;1.01863354;1014;322;3.5348~7.0695;258000~318999;1
11649;*;*;17~24;6.290140845;0.977464789;1162;355;3.5348~7.0695;258000~318999;1
11650;*;*;17~24;6.552301255;0.981171548;1646;478;3.5348~7.0695;258000~318999;1
11651;*;*;25~32;7.889502762;1.071823204;1212;362;3.5348~7.0695;258000~318999;1
11652;*;*;17~24;6.669117647;1.003676471;1922;544;7.0696~10.6043;*;1
11653;*;*;9~16;4.706940874;1.002570694;1347;389;3.5348~7.0695;258000~501999;1
11654;*;*;25~32;5.333781965;1.039030956;2104;743;3.5348~7.0695;197000~257999;1
11655;*;*;25~32;5.862068966;1.0830721;1724;638;3.5348~7.0695;197000~257999;1
11656;*;*;25~32;4.646987952;1.03253012;2328;830;3.5348~7.0695;136000~196999;1
11657;*;*;25~32;4.404384896;1.086479903;2257;821;0.0000~3.5347;197000~257999;1
11658;*;*;17~24;4.75;1.055555556;1173;432;3.5348~7.0695;197000~257999;1
11659;*;*;9~16;5.623376623;1.288600289;1992;693;3.5348~7.0695;136000~196999;1
11660;*;*;17~24;4.918309859;1.016901408;3032;1065;3.5348~7.0695;136000~196999;1
11661;*;*;33~40;5.432137285;0.957878315;2227;641;*;197000~257999;1
11662;*;*;25~32;5.944162437;0.972081218;1290;394;3.5348~7.0695;197000~257999;1
11663;*;*;25~32;5.444759207;0.932011331;1030;353;3.5348~7.0695;197000~257999;1
11664;*;*;25~32;5.132743363;0.991150442;1434;452;3.5348~7.0695;197000~257999;1
11665;*;*;17~24;5.47310757;1.136454183;2873;1004;3.5348~7.0695;197000~257999;1
11666;*;*;25~32;5.16;1.1175;1265;400;3.5348~7.0695;197000~257999;1
11667;*;*;25~32;4.7828125;0.95625;2396;640;3.5348~7.0695;136000~196999;1
11668;*;*;33~40;5.233009709;0.995145631;575;206;*;136000~196999;1
11669;*;*;25~32;5.73880597;1.124378109;1218;402;0.0000~3.5347;136000~196999;1
11670;*;*;25~32;5.102117061;1.04358655;2112;803;3.5348~7.0695;197000~257999;1
11671;*;*;33~40;5.875881523;1.005641749;2354;709;*;197000~257999;1
11672;*;*;33~40;5.987931034;0.970689655;2091;580;*;197000~257999;1
11673;*;*;25~32;5.998745295;1.042659975;2568;797;3.5348~7.0695;197000~257999;1
11674;*;*;33~40;5.196347032;1.04109589;725;219;*;136000~196999;1
11675;*;*;33~40;6.407894737;1.006578947;957;304;*;197000~257999;1
11676;*;*;33~40;5.069135802;1.032098765;1154;405;*;197000~257999;1
11677;*;*;25~32;6.528089888;1.101123596;563;178;3.5348~7.0695;197000~257999;1
11678;*;*;33~40;6.018115942;0.985507246;949;276;*;136000~196999;1
11679;*;*;33~40;5.90625;0.974431818;1379;352;*;197000~257999;1
11680;*;*;25~32;5.180602007;1.086956522;885;299;3.5348~7.0695;136000~196999;1
11681;*;*;25~32;4.266558966;1.02907916;2413;619;0.0000~3.5347;136000~196999;1
11682;*;*;25~32;4.240480962;1.078824315;4188;1497;0.0000~3.5347;136000~196999;1
11683;*;*;17~24;4.04109589;1.034246575;2898;876;0.0000~3.5347;136000~196999;1
11684;*;*;25~32;5.8;1.032142857;755;280;3.5348~7.0695;258000~318999;1
11685;*;*;1~32;4.205278592;1.146627566;1088;341;0.0000~3.5347;258000~501999;1
11686;*;*;9~16;4.360531309;1.075901328;1261;527;3.5348~7.0695;136000~196999;1
11687;*;*;41~48;4.652866242;0.961783439;986;314;*;136000~196999;1
11688;*;*;17~24;4.049306626;1.109399076;2276;649;0.0000~3.5347;136000~196999;1
11689;*;*;1~16;3.728476821;1.101545254;1260;453;0.0000~3.5347;136000~196999;1
11690;*;*;1~16;4.515151515;1.177489177;1356;462;0.0000~3.5347;136000~196999;1
11691;*;*;17~24;4.362616822;1.003738318;1662;535;0.0000~3.5347;197000~257999;1
11692;*;*;33~40;4.257731959;1.054982818;869;291;*;136000~196999;1
11693;*;*;17~24;4.083333333;1.085106383;1607;564;0.0000~3.5347;136000~196999;1
11694;*;*;17~24;6.756321839;1.004597701;1278;435;7.0696~10.6043;*;1
11695;*;*;25~32;6.829317269;1.022088353;1503;498;3.5348~7.0695;197000~257999;1
11696;*;*;17~24;5.258097166;1.032388664;2539;988;3.5348~7.0695;136000~196999;1
11697;*;*;17~24;7.329861111;1.0625;979;288;7.0696~10.6043;*;1
11698;*;*;17~24;5.460176991;1.014749263;764;339;3.5348~7.0695;136000~196999;1
11699;*;*;17~24;4.223300971;1.080097087;1158;412;0.0000~3.5347;136000~196999;1
11700;*;*;9~16;5.071698113;1.052830189;530;265;3.5348~7.0695;136000~196999;1
11701;*;*;9~16;6.161016949;1.046610169;635;236;3.5348~7.0695;197000~257999;1
11702;*;*;1~16;7.226235741;1.030418251;1992;526;7.0696~10.6043;*;1
11703;*;*;9~16;6.298742138;0.943396226;1172;318;3.5348~7.0695;258000~501999;1
11704;*;*;1~16;7.1;1.046153846;420;130;7.0696~10.6043;*;1
11705;*;*;33~40;20.09782609;4.173913043;218;92;*;136000~196999;2
11706;*;*;25~32;24.02419355;4.701612903;316;124;0.0000~3.5347;75000~135999;2
11707;*;*;17~24;52.69047619;8.857142857;98;42;0.0000~3.5347;136000~196999;2
11708;*;*;9~16;28.23684211;4.75;197;76;3.5348~7.0695;197000~257999;2
11709;*;*;25~32;18.71551724;3.327586207;248;116;0.0000~3.5347;136000~196999;2
11710;*;*;17~24;17.25;3.194444444;309;144;3.5348~7.0695;14000~135999;2
11711;*;*;17~24;10.44785276;2.208588957;354;163;3.5348~7.0695;136000~196999;2
11712;*;*;25~32;8.057416268;1.717703349;454;209;0.0000~3.5347;136000~196999;2
11713;*;*;25~32;21.3974359;4.461538462;163;78;3.5348~7.0695;136000~196999;2
11714;*;*;9~16;20.93939394;3.666666667;141;66;3.5348~7.0695;258000~501999;2
11715;*;*;17~24;15.02116402;2.777777778;390;189;3.5348~7.0695;136000~196999;2
11716;*;*;17~24;36.0754717;5.273584906;241;106;3.5348~7.0695;319000~379999;2
11717;*;*;17~24;18.5;3.0125;202;80;3.5348~7.0695;197000~257999;2
11718;*;*;17~24;9.787356322;1.689655172;409;174;0.0000~3.5347;136000~196999;2
11719;*;*;17~24;13.85802469;2.419753086;421;162;3.5348~7.0695;136000~196999;2
11720;*;*;17~24;20.03333333;3.826666667;385;150;0.0000~3.5347;136000~196999;2
11721;*;*;17~24;16.78846154;2.942307692;251;104;3.5348~7.0695;136000~196999;2
11722;*;*;17~24;24.53289474;4.039473684;365;152;3.5348~7.0695;136000~196999;2
11723;*;*;17~24;10.55364807;2.253218884;584;233;0.0000~3.5347;136000~196999;2
11724;*;*;25~32;11.12206573;2.201877934;510;213;0.0000~3.5347;75000~135999;2
11725;*;*;17~24;23.54736842;5.168421053;264;95;3.5348~7.0695;136000~196999;2
11726;*;*;17~24;6.233463035;1.657587549;751;257;0.0000~3.5347;75000~135999;2
11727;*;*;17~24;6.751461988;1.669590643;919;342;0.0000~3.5347;75000~135999;2
11728;*;*;25~32;4.445544554;1.465346535;825;303;0.0000~3.5347;197000~257999;2
11729;*;*;25~32;13.98550725;2.833333333;307;138;0.0000~3.5347;136000~196999;2
11730;*;*;9~16;6.418196995;1.181135225;3264;1198;3.5348~7.0695;136000~196999;2
11731;*;*;25~32;5.520547945;1.294520548;326;146;0.0000~3.5347;75000~135999;2
11732;*;*;17~24;5.695652174;1.423913043;493;184;0.0000~3.5347;75000~135999;2
11733;*;*;9~16;4.877729258;1.056768559;551;229;0.0000~3.5347;75000~135999;2
11734;*;*;17~24;4.734887109;1.031318281;2954;1373;0.0000~3.5347;136000~196999;2
11735;*;*;25~32;4.846262341;1.064880113;1568;709;0.0000~3.5347;136000~196999;2
11736;*;*;17~24;6.222493888;1.046454768;3096;1227;3.5348~7.0695;136000~196999;2
11737;*;*;41~48;4.888732394;1.06056338;1680;710;*;136000~196999;2
11738;*;*;49~56;4.812030075;1.056390977;523;266;*;14000~135999;2
11739;*;*;17~24;6.550161812;1.012944984;879;309;3.5348~7.0695;197000~257999;2
11740;*;*;17~24;5.756559767;1.045189504;1683;686;0.0000~3.5347;197000~257999;2
11741;*;*;41~48;6.059139785;2.338709677;530;186;0.0000~3.5347;75000~135999;2
11742;*;*;17~24;5.531772575;1;787;299;3.5348~7.0695;136000~196999;2
11743;*;*;9~16;6.449871465;1.084832905;1037;389;3.5348~7.0695;197000~257999;2
11744;*;*;17~24;7.501118568;1.035794183;1417;447;3.5348~7.0695;197000~257999;2
11745;*;*;9~16;7.909230769;1.025384615;3868;1300;3.5348~7.0695;258000~501999;2
11746;*;*;25~32;6.945945946;0.972972973;315;111;7.0696~10.6043;*;2
11747;*;*;17~24;6.425233645;1.011682243;1161;428;3.5348~7.0695;197000~257999;2
11748;*;*;17~24;6.532374101;1;832;278;3.5348~7.0695;197000~257999;2
11749;*;*;17~24;6.700636943;1.178343949;745;314;3.5348~7.0695;197000~257999;2
11750;*;*;9~16;6.541353383;0.992481203;1432;532;3.5348~7.0695;258000~501999;2
11751;*;*;17~24;6.274074074;1.022222222;1276;405;3.5348~7.0695;197000~257999;2
11752;*;*;1~16;5.622377622;1.034965035;792;286;0.0000~3.5347;197000~257999;2
11753;*;*;9~16;7.306581059;1.025682183;2006;623;3.5348~7.0695;258000~501999;2
11754;*;*;9~16;8.079681275;1.015936255;781;251;3.5348~7.0695;258000~501999;2
11755;*;*;1~16;7.949675325;1.032467532;1931;616;7.0696~10.6043;*;2
11756;*;*;9~16;7.008849558;1.168141593;613;226;3.5348~7.0695;258000~501999;2
11757;*;*;9~16;6.543123543;1.06993007;1201;429;3.5348~7.0695;197000~257999;2
11758;*;*;1~8;7.061051005;1.057187017;3667;1294;3.5348~7.0695;197000~257999;2
11759;*;*;9~16;6.566484517;1.049180328;1556;549;3.5348~7.0695;197000~257999;2
11760;*;*;17~24;5.648175182;1.294890511;2086;685;0.0000~3.5347;136000~196999;2
11761;*;*;9~16;6.153703704;0.924074074;1527;540;3.5348~7.0695;136000~196999;2
11762;*;*;17~24;5.450607903;0.998480243;3526;1316;0.0000~3.5347;75000~135999;2
11763;*;*;1~8;6.692551506;1.064976228;1747;631;3.5348~7.0695;258000~501999;2
11764;*;*;1~8;7.034690799;0.971342383;2105;663;3.5348~7.0695;197000~257999;2
11765;*;*;9~16;6.434129089;1.032714412;3507;1131;3.5348~7.0695;136000~196999;2
11766;*;*;17~24;4.604784689;1.068899522;1985;1045;0.0000~3.5347;75000~135999;2
11767;*;*;33~48;5.556400507;0.986058302;1775;789;3.5348~7.0695;14000~135999;2
11768;*;*;9~16;5.32885906;1.053691275;2717;1043;3.5348~7.0695;136000~196999;2
11769;*;*;17~24;5.481751825;1.01216545;1050;411;0.0000~3.5347;197000~257999;2
11770;*;*;9~16;6.245689655;0.982758621;670;232;3.5348~7.0695;136000~196999;2
11771;*;*;1~8;5.92776204;1.062322946;2147;706;3.5348~7.0695;14000~135999;2
11772;*;*;33~40;4.854477612;1.100746269;2313;804;0.0000~3.5347;75000~135999;2
11773;*;*;49~56;5.244680851;0.946808511;189;94;*;14000~135999;2
11774;*;*;41~48;4.561001043;1.083420229;2387;959;0.0000~3.5347;75000~135999;2
11775;*;*;1~8;6.495501285;1.143637532;8361;3112;3.5348~7.0695;136000~196999;2
11776;*;*;41~48;5.019031142;1.091695502;1276;578;0.0000~3.5347;75000~135999;2
11777;*;*;41~48;5.18875502;1.232931727;647;249;0.0000~3.5347;75000~135999;2
11778;*;*;9~16;7.047058824;1.023529412;443;170;3.5348~7.0695;136000~196999;2
11779;*;*;1~8;6.505962521;0.936967632;1738;587;3.5348~7.0695;197000~257999;2
11780;*;*;1~8;5.658705217;1.093023256;4445;1591;3.5348~7.0695;136000~196999;2
11781;*;*;1~16;5.016260163;0.953929539;1049;369;0.0000~3.5347;136000~196999;2
11782;*;*;17~24;4.036764706;1.051470588;249;136;0.0000~3.5347;136000~196999;2
11783;*;*;1~16;4.869731801;1.11238825;1513;783;0.0000~3.5347;136000~196999;2
11784;*;*;1~8;8.356968215;1.256723716;1312;409;3.5348~7.0695;197000~257999;2
11785;*;*;1~8;7.749051833;1.038558786;4819;1582;3.5348~7.0695;197000~257999;2
11786;*;*;9~16;7.225531915;1.034042553;1974;705;3.5348~7.0695;136000~196999;2
11787;*;*;9~16;6.109813084;1.13317757;1063;428;3.5348~7.0695;136000~196999;2
11788;*;*;17~24;5.275092937;0.970260223;706;269;0.0000~3.5347;75000~135999;2
11789;*;*;41~48;4.773684211;0.926315789;463;190;0.0000~3.5347;75000~135999;2
11790;*;*;9~16;5.285115304;1.092243187;1390;477;0.0000~3.5347;75000~135999;2
11791;*;*;17~24;6.007707129;0.963391137;1405;519;3.5348~7.0695;197000~257999;2
11792;*;*;17~24;6.12106136;1.061359867;1758;603;3.5348~7.0695;136000~196999;2
11793;*;*;1~8;5.745810056;0.991620112;2268;716;3.5348~7.0695;136000~196999;2
11794;*;*;9~16;5.57515528;1.067080745;2114;805;0.0000~3.5347;75000~135999;2
11795;*;*;17~24;6.047457627;1.094915254;1714;590;3.5348~7.0695;136000~196999;2
11796;*;*;9~16;5.842592593;1.001851852;1630;540;3.5348~7.0695;14000~135999;2
11797;*;*;9~16;5.45045045;1.027027027;726;222;0.0000~3.5347;75000~135999;2
11798;*;*;17~24;5.8997669;1.074592075;1206;429;3.5348~7.0695;136000~196999;2
11799;*;*;9~16;5.865546218;1.00280112;1092;357;3.5348~7.0695;136000~196999;2
11800;*;*;41~48;4.960687961;0.968058968;1104;407;0.0000~3.5347;75000~135999;2
11801;*;*;25~32;5.404166667;1.079166667;765;240;0.0000~3.5347;75000~135999;2
11802;*;*;9~16;4.47260274;0.821917808;407;146;0.0000~3.5347;75000~135999;2
11803;*;*;17~24;5.555555556;0.942857143;1012;315;0.0000~3.5347;75000~135999;2
11804;*;*;41~48;5.441281139;1.128113879;793;281;0.0000~3.5347;75000~135999;2
11805;*;*;9~16;5.039965986;1.079081633;3369;1176;0.0000~3.5347;75000~135999;2
11806;*;*;9~16;6.919732441;1.043478261;889;299;3.5348~7.0695;197000~257999;2
11807;*;*;17~24;4.731082654;1.013969732;1847;859;0.0000~3.5347;75000~135999;2
11808;*;*;17~24;6.347394541;1.049627792;1149;403;3.5348~7.0695;136000~196999;2
11809;*;*;41~48;3.660714286;1.044642857;706;112;0.0000~3.5347;75000~135999;2
11810;*;*;9~16;6.379061372;1.06377858;2335;831;3.5348~7.0695;136000~196999;2
11811;*;*;33~40;5.671957672;0.984126984;899;378;*;136000~196999;2
11812;*;*;9~16;6.095588235;1.016176471;1872;680;3.5348~7.0695;197000~257999;2
11813;*;*;9~16;6.174757282;1.046116505;1199;412;3.5348~7.0695;136000~196999;2
11814;*;*;1~16;4.606635071;1.05450237;1830;844;0.0000~3.5347;136000~196999;2
11815;*;*;17~24;4.063360882;1.110192837;943;363;0.0000~3.5347;14000~74999;2
11816;*;*;9~16;6.143631436;0.962059621;1140;369;3.5348~7.0695;197000~257999;2
11817;*;*;9~16;7.207843137;1.078431373;1572;510;3.5348~7.0695;197000~257999;2
11818;*;*;9~16;6.350649351;0.956709957;688;231;3.5348~7.0695;136000~196999;2
11819;*;*;9~16;5.914438503;1.042780749;505;187;3.5348~7.0695;136000~196999;2
11820;*;*;17~24;5.122015915;1.00795756;1271;377;0.0000~3.5347;136000~196999;2
11821;*;*;1~16;5.338790932;1.037783375;1729;794;0.0000~3.5347;136000~196999;2
11822;*;*;9~16;5.757575758;0.98989899;839;297;3.5348~7.0695;136000~196999;2
11823;*;*;17~24;4.744471744;1.093366093;1009;407;0.0000~3.5347;136000~196999;2
11824;*;*;17~24;5.765743073;1.133501259;1182;397;0.0000~3.5347;136000~196999;2
11825;*;*;17~24;5.471061093;1.062700965;1540;622;3.5348~7.0695;136000~196999;2
11826;*;*;17~24;5.857142857;1.053391053;1874;693;3.5348~7.0695;136000~196999;2
11827;*;*;17~24;6.215584416;1.037662338;2066;770;3.5348~7.0695;136000~196999;2
11828;*;*;1~32;6.296296296;0.851851852;93;27;10.6044~16.0000;*;2
11829;*;*;25~32;7.214477212;1.603217158;964;373;3.5348~7.0695;136000~196999;2
11830;*;*;17~24;6.427561837;1.374558304;736;283;0.0000~3.5347;75000~135999;2
11831;*;*;9~16;15.5112782;3.394736842;723;266;0.0000~3.5347;75000~135999;2
11832;*;*;1~16;41.33333333;8.476190476;44;21;0.0000~3.5347;136000~196999;2
11833;*;*;9~16;39.75590551;6.082677165;701;254;3.5348~7.0695;136000~196999;2
11834;*;*;17~24;23.39660057;3.991501416;845;353;0.0000~3.5347;197000~257999;2
11835;*;*;17~24;5.532085561;1.165775401;909;374;0.0000~3.5347;136000~196999;2
11836;*;*;17~24;5.607361963;1.111656442;2125;815;0.0000~3.5347;136000~196999;2
11837;*;*;1~16;5.685325265;1.084720121;1744;661;0.0000~3.5347;136000~196999;2
11838;*;*;25~32;4.944320713;1.138084633;912;449;0.0000~3.5347;75000~135999;2
11839;*;*;25~32;5.542465753;1.054794521;922;365;0.0000~3.5347;75000~135999;2
11840;*;*;17~24;4.721875;1025;791;320;0.0000~3.5347;14000~74999;2
11841;*;*;17~24;5.064272212;1.032136106;1424;529;0.0000~3.5347;75000~135999;2
11842;*;*;17~24;6.645320197;1.172413793;601;203;3.5348~7.0695;14000~135999;2
11843;*;*;9~16;5.272151899;1.110759494;816;316;0.0000~3.5347;75000~135999;2
11844;*;*;33~40;5.319444444;1.277777778;202;72;0.0000~3.5347;75000~135999;2
11845;*;*;17~24;6.690789474;1.434210526;387;152;0.0000~3.5347;75000~135999;2
11846;*;*;9~16;5.334710744;1.169421488;582;242;0.0000~3.5347;75000~135999;2
11847;*;*;9~16;10.81321839;2.252873563;717;348;0.0000~3.5347;75000~135999;2
11848;*;*;9~16;16.02459016;3.262295082;294;122;3.5348~7.0695;14000~135999;2
11849;*;*;1~8;28.61538462;5.487179487;27;39;0.0000~3.5347;14000~135999;2
11850;*;*;9~16;10.3852459;2.282786885;638;244;0.0000~3.5347;75000~135999;2
11851;*;*;17~24;6.139303483;1.323383085;543;201;0.0000~3.5347;14000~74999;2
11852;*;*;9~16;5.965116279;1.209302326;204;86;0.0000~3.5347;75000~135999;2
11853;*;*;41~48;5.128878282;1.088305489;965;419;0.0000~3.5347;14000~74999;2
11854;*;*;17~24;5.520259319;1.09076175;1567;617;0.0000~3.5347;75000~135999;2
11855;*;*;9~16;6.038277512;1.234449761;510;209;0.0000~3.5347;75000~135999;2
11856;*;*;17~24;5.607142857;1.078571429;366;140;0.0000~3.5347;75000~135999;2
11857;*;*;17~24;6.009009009;1.175675676;597;222;0.0000~3.5347;75000~135999;2
11858;*;*;17~24;5.945255474;1.142335766;641;274;0.0000~3.5347;14000~74999;2
11859;*;*;25~32;5.39137931;1.144827586;1345;580;0.0000~3.5347;14000~74999;2
11860;*;*;33~40;6.304347826;1.652173913;219;115;0.0000~3.5347;75000~135999;2
11861;*;*;17~24;8.154545455;1.636363636;276;110;0.0000~3.5347;75000~135999;2
11862;*;*;25~32;59875;15.3125;28;16;0.0000~3.5347;14000~74999;2
11863;*;*;33~48;6.095419847;1.148854962;632;262;3.5348~7.0695;14000~135999;2
11864;*;*;17~24;5.548109966;1.14604811;1501;582;0.0000~3.5347;75000~135999;2
11865;*;*;9~16;15.11538462;2.230769231;247;104;3.5348~7.0695;136000~196999;2
11866;*;*;1~16;21.37209302;4.627906977;69;43;0.0000~3.5347;136000~196999;2
11867;*;*;17~24;13.25882353;2.647058824;215;85;0.0000~3.5347;136000~196999;2
11868;*;*;9~16;8.334951456;1.631067961;501;206;3.5348~7.0695;14000~135999;2
11869;*;*;17~24;11.30232558;2.290697674;384;172;0.0000~3.5347;75000~135999;2
11870;*;*;1~16;18.34875445;3.131672598;616;281;0.0000~3.5347;136000~196999;2
11871;*;*;33~40;5.144067797;1.076271186;723;236;0.0000~3.5347;75000~135999;2
11872;*;*;41~48;4.16254417;0.922261484;804;283;0.0000~3.5347;75000~135999;2
11873;*;*;33~40;5.14084507;1.091549296;476;142;0.0000~3.5347;75000~135999;2
11874;*;*;41~48;4992;1112;770;250;0.0000~3.5347;75000~135999;2
11875;*;*;17~24;5.479713604;1.068019093;2769;838;0.0000~3.5347;75000~135999;2
11876;*;*;9~16;7.491891892;1.335135135;703;185;3.5348~7.0695;14000~135999;2
11877;*;*;41~48;5.594174757;0.998058252;1470;515;0.0000~3.5347;75000~135999;2
11878;*;*;49~56;5.741214058;1.060702875;905;313;*;136000~196999;2
11879;*;*;49~56;4.511904762;1.132936508;1167;504;*;14000~135999;2
11880;*;*;33~40;5.347826087;1.034324943;948;437;*;136000~196999;2
11881;*;*;17~24;5.21978022;1.005494505;383;182;0.0000~3.5347;75000~135999;2
11882;*;*;41~48;4.24;1.143703704;1878;675;0.0000~3.5347;75000~135999;2
11883;*;*;25~32;4.57312253;1.173913043;2027;253;0.0000~3.5347;136000~196999;2
11884;*;*;1~16;3.451612903;0.946236559;462;186;0.0000~3.5347;136000~196999;2
11885;*;*;25~32;2.772727273;1.130165289;844;484;0.0000~3.5347;75000~135999;2
11886;*;*;41~48;4.168181818;1.018181818;666;220;0.0000~3.5347;75000~135999;2
11887;*;*;41~48;3.862068966;1.04137931;1570;435;0.0000~3.5347;75000~135999;2
11888;*;*;33~40;5.390029326;1.021994135;2653;682;0.0000~3.5347;75000~135999;2
11889;*;*;33~40;5.78;1205;877;200;0.0000~3.5347;75000~135999;2
11890;*;*;33~40;4.778688525;1.024590164;976;244;0.0000~3.5347;75000~135999;2
11891;*;*;49~56;8375;1.833333333;130;24;*;14000~135999;2
11892;*;*;41~48;4.225806452;0.903225806;89;31;0.0000~3.5347;75000~135999;2
11893;*;*;25~32;3.868959108;1.154275093;3928;1076;0.0000~3.5347;75000~135999;2
11894;*;*;25~32;4.725536993;1.057279236;2807;838;0.0000~3.5347;75000~135999;2
11895;*;*;25~32;4.96941896;1.024464832;1212;327;0.0000~3.5347;75000~135999;2
11896;*;*;33~40;4.43254818;1.004282655;1851;467;0.0000~3.5347;75000~135999;2
11897;*;*;33~40;7.526515152;1.037878788;1398;528;*;197000~257999;2
11898;*;*;25~32;7.630573248;1.006369427;951;314;7.0696~10.6043;*;2
11899;*;*;25~32;7.819905213;0.995260664;557;211;7.0696~10.6043;*;2
11900;*;*;9~16;7.500807754;1.025040388;3565;1238;3.5348~7.0695;197000~257999;2
11901;*;*;1~16;8.469738031;1.066847335;3570;1107;7.0696~10.6043;*;2
11902;*;*;49~56;6.251417769;1.04536862;1269;529;*;136000~196999;2
11903;*;*;25~32;5.09137931;1.212068966;1406;580;0.0000~3.5347;136000~196999;2
11904;*;*;49~56;5.56424581;0.963687151;948;358;*;14000~135999;2
11905;*;*;49~56;6.060402685;1.080536913;709;298;*;14000~135999;2
11906;*;*;41~48;5.093085106;0.925531915;1060;376;0.0000~3.5347;75000~135999;2
11907;*;*;33~40;5.961206897;1.025862069;649;232;*;136000~196999;2
11908;*;*;33~48;6.345724907;1.026022305;660;269;3.5348~7.0695;14000~135999;2
11909;*;*;25~32;4.768067227;1.03697479;1393;595;0.0000~3.5347;75000~135999;2
11910;*;*;17~24;5.444714459;1.094775213;2398;823;3.5348~7.0695;14000~135999;2
11911;*;*;33~40;5.953727506;0.938303342;956;389;*;136000~196999;2
11912;*;*;1~32;6.888888889;1.222222222;50;18;10.6044~16.0000;*;2
11913;*;*;25~32;5.800309598;1.007739938;2399;646;3.5348~7.0695;14000~135999;2
11914;*;*;25~32;5.677018634;1.099378882;556;161;3.5348~7.0695;14000~135999;2
11915;*;*;41~48;5.627249357;1.087403599;866;389;0.0000~3.5347;75000~135999;2
11916;*;*;25~32;4.457207207;1.105855856;954;444;0.0000~3.5347;75000~135999;2
11917;*;*;33~40;5.2;0.927868852;675;305;0.0000~3.5347;75000~135999;2
11918;*;*;33~40;5.094076655;0.895470383;849;287;0.0000~3.5347;75000~135999;2
11919;*;*;25~32;5.327067669;1.062656642;2494;798;0.0000~3.5347;75000~135999;2
11920;*;*;33~40;4.956427015;1.021786492;1691;459;0.0000~3.5347;75000~135999;2
11921;*;*;25~32;5.640963855;1.007228916;1272;415;0.0000~3.5347;75000~135999;2
11922;*;*;25~32;5.483478261;1.083478261;1544;575;0.0000~3.5347;75000~135999;2
11923;*;*;33~40;5.267175573;1.026717557;598;262;0.0000~3.5347;75000~135999;2
11924;*;*;33~48;5.571428571;0.989547038;721;287;3.5348~7.0695;14000~135999;2
11925;*;*;41~48;4.688888889;1.22962963;292;135;0.0000~3.5347;75000~135999;2
11926;*;*;49~56;5.603104213;1.022172949;1344;451;*;14000~135999;2
11927;*;*;25~32;7.122186495;1.128617363;771;311;3.5348~7.0695;136000~196999;2
11928;*;*;17~24;5.780068729;1.017182131;706;291;3.5348~7.0695;136000~196999;2
11929;*;*;17~24;6.41038961;0.987012987;1164;385;3.5348~7.0695;136000~196999;2
11930;*;*;25~32;6.21443299;1.018556701;1832;485;3.5348~7.0695;14000~135999;2
11931;*;*;33~48;4.912332838;1.010401189;1742;673;3.5348~7.0695;14000~135999;2
11932;*;*;25~32;5.598130841;1.172897196;1019;214;0.0000~3.5347;75000~135999;2
11933;*;*;33~40;5.624521073;1.141762452;1168;261;0.0000~3.5347;75000~135999;2
11934;*;*;33~48;6.1953125;1.171875;669;128;3.5348~7.0695;14000~135999;2
11935;*;*;33~48;5.167539267;0.979057592;551;191;3.5348~7.0695;14000~135999;2
11936;*;*;41~48;4.645320197;0.842364532;466;203;0.0000~3.5347;75000~135999;2
11937;*;*;33~40;4.938095238;1.133333333;911;420;0.0000~3.5347;75000~135999;2
11938;*;*;25~32;4.505665722;1.011331445;1603;706;0.0000~3.5347;75000~135999;2
11939;*;*;25~32;4.889830508;1.008474576;1509;590;0.0000~3.5347;75000~135999;2
11940;*;*;17~24;4.125370188;1.067127345;2096;1013;0.0000~3.5347;75000~135999;2
11941;*;*;25~32;5.159914712;1.134328358;1383;469;3.5348~7.0695;14000~135999;2
11942;*;*;33~48;4.997167139;0.920679887;1094;353;3.5348~7.0695;14000~135999;2
11943;*;*;33~48;5.639506173;1.096296296;1425;405;3.5348~7.0695;14000~135999;2
11944;*;*;33~48;6.379679144;1.058823529;1176;374;3.5348~7.0695;14000~135999;2
11945;*;*;9~16;3.9;1.103225806;3012;1240;0.0000~3.5347;75000~135999;2
11946;*;*;25~32;5.011811024;1.031496063;686;254;0.0000~3.5347;75000~135999;2
11947;*;*;33~48;5.552816901;0.957746479;880;284;3.5348~7.0695;14000~135999;2
11948;*;*;9~16;4.119906868;1.011641444;1987;859;0.0000~3.5347;75000~135999;2
11949;*;*;25~32;5.527058824;1.063529412;1479;425;3.5348~7.0695;14000~135999;2
11950;*;*;25~32;5.901380671;1.017751479;1521;507;3.5348~7.0695;14000~135999;2
11951;*;*;25~32;5.928104575;1.045751634;903;306;3.5348~7.0695;14000~135999;2
11952;*;*;33~48;6.039647577;1.039647577;715;227;3.5348~7.0695;14000~135999;2
11953;*;*;17~24;5.002502085;1.100917431;3185;1199;0.0000~3.5347;75000~135999;2
11954;*;*;33~40;4.705996132;1.015473888;1466;517;0.0000~3.5347;75000~135999;2
11955;*;*;25~32;5.590361446;1.01686747;1358;415;3.5348~7.0695;14000~135999;2
11956;*;*;33~40;4.631578947;1.067150635;1840;551;0.0000~3.5347;75000~135999;2
11957;*;*;25~32;5.001733102;1.010398614;2327;577;0.0000~3.5347;75000~135999;2
11958;*;*;25~32;7.016666667;0.988888889;508;180;3.5348~7.0695;258000~318999;2
11959;*;*;17~24;5.767352185;0.969151671;2609;778;3.5348~7.0695;136000~196999;2
11960;*;*;9~16;6.361247216;1.118485523;7540;2245;3.5348~7.0695;136000~196999;2
11961;*;*;1~16;6.153846154;0.769230769;55;13;7.0696~10.6043;*;2
11962;*;*;25~32;5.613293051;1.105740181;1311;331;0.0000~3.5347;75000~135999;2
11963;*;*;33~40;6.185929648;1.085427136;841;199;0.0000~3.5347;75000~135999;2
11964;*;*;33~40;6.868596882;1.269487751;1753;449;0.0000~3.5347;75000~135999;2
11965;*;*;9~16;6.357808858;1.027972028;3015;858;3.5348~7.0695;136000~196999;2
11966;*;*;17~24;4.353383459;1.12593985;1829;532;0.0000~3.5347;75000~135999;2
11967;*;*;25~32;4.212014134;1.084805654;1013;283;0.0000~3.5347;75000~135999;2
11968;*;*;33~40;4.203773585;1.077358491;1697;530;0.0000~3.5347;75000~135999;2
11969;*;*;17~24;6.487684729;1.036945813;1376;406;3.5348~7.0695;136000~196999;2
11970;*;*;9~16;5.276060765;1.070193819;5913;1909;0.0000~3.5347;75000~135999;2
11971;*;*;25~32;5.520871143;1.085299456;1720;551;0.0000~3.5347;75000~135999;2
11972;*;*;33~40;5.572944297;1.129973475;1150;377;0.0000~3.5347;75000~135999;2
11973;*;*;25~32;3.875816993;1.014705882;1647;612;0.0000~3.5347;75000~135999;2
11974;*;*;25~32;4.2;0.898701299;1153;385;0.0000~3.5347;75000~135999;2
11975;*;*;17~24;7.236323851;1.196936543;1738;457;3.5348~7.0695;14000~135999;2
11976;*;*;9~16;6.679624665;1.016756032;5008;1492;3.5348~7.0695;136000~196999;2
11977;*;*;9~16;6.10443038;1.003164557;1237;316;3.5348~7.0695;14000~135999;2
11978;*;*;17~24;6.101190476;1.166666667;1153;336;3.5348~7.0695;14000~135999;2
11979;*;*;17~24;5375;1.041666667;1785;456;0.0000~3.5347;75000~135999;2
11980;*;*;17~24;6.087053571;1.03125;1691;448;3.5348~7.0695;136000~196999;2
11981;*;*;17~24;6.283464567;1.091863517;1291;381;3.5348~7.0695;136000~196999;2
11982;*;*;1~8;7.050669773;1.114152592;5810;1717;3.5348~7.0695;136000~196999;2
11983;*;*;17~24;5.154639175;0.969072165;1361;388;3.5348~7.0695;14000~135999;2
11984;*;*;33~48;4.825882353;1.004705882;1466;425;3.5348~7.0695;14000~135999;2
11985;*;*;17~24;5.8375;1.153125;2021;640;3.5348~7.0695;136000~196999;2
11986;*;*;17~24;4.407365439;1.039660057;3996;1765;0.0000~3.5347;75000~135999;2
11987;*;*;9~16;5.953262787;1.01675485;3266;1134;3.5348~7.0695;136000~196999;2
11988;*;*;33~40;5.641369048;1.110119048;2258;672;0.0000~3.5347;75000~135999;2
11989;*;*;9~16;6.501438159;0.986097795;7600;2086;3.5348~7.0695;136000~196999;2
11990;*;*;33~40;5.958525346;0.99078341;774;217;*;136000~196999;2
11991;*;*;25~32;5.053003534;0.964664311;872;283;3.5348~7.0695;136000~196999;2
11992;*;*;33~40;6.175438596;1.087719298;184;57;*;136000~196999;2
11993;*;*;17~24;9.142857143;1.214285714;101;28;3.5348~7.0695;319000~379999;2
11994;*;*;25~32;5.838323353;1.147704591;1921;501;0.0000~3.5347;136000~196999;2
11995;*;*;17~24;4.983310153;0.973574409;1587;719;0.0000~3.5347;75000~135999;2
11996;*;*;17~24;6.560693642;1.080924855;2834;865;3.5348~7.0695;197000~257999;2
11997;*;*;25~32;6.247685185;1.071759259;2672;864;3.5348~7.0695;136000~196999;2
11998;*;*;25~32;6.65;1.05;136;40;0.0000~3.5347;136000~196999;2
11999;*;*;1~8;6.534090909;0.829545455;318;88;3.5348~7.0695;197000~257999;2
12000;*;*;1~16;8.493150685;1.034246575;519;146;7.0696~10.6043;*;2
12001;*;*;17~24;6.917748918;0.961038961;1581;462;3.5348~7.0695;197000~257999;2
12002;*;*;1~8;6.774685222;0.988071571;5205;1509;3.5348~7.0695;197000~257999;2
12003;*;*;1~8;5.273611111;1.180555556;2369;720;3.5348~7.0695;136000~196999;2
12004;*;*;1~16;3.9375;1.051136364;365;176;0.0000~3.5347;136000~196999;2
12005;*;*;25~32;6.548034934;0.958515284;1396;458;3.5348~7.0695;136000~196999;2
12006;*;*;1~8;7.299228583;1.306130735;7305;2463;3.5348~7.0695;197000~257999;2
12007;*;*;1~16;6.472222222;0.940972222;1006;288;7.0696~10.6043;*;2
12008;*;*;25~32;6.031395349;1.086046512;2725;860;3.5348~7.0695;136000~196999;2
12009;*;*;17~24;5.514734774;0.984282908;1653;509;3.5348~7.0695;136000~196999;2
12010;*;*;17~24;5.990228013;1.055374593;871;307;0.0000~3.5347;197000~257999;2
12011;*;*;9~16;10.04385965;1.399122807;728;228;3.5348~7.0695;197000~257999;2
12012;*;*;9~16;6.998316498;0.986531987;2036;594;3.5348~7.0695;197000~257999;2
12013;*;*;17~24;7.237569061;1.093922652;1324;362;3.5348~7.0695;197000~257999;2
12014;*;*;17~24;7.347826087;1.02173913;200;46;7.0696~10.6043;*;2
12015;*;*;17~24;5.956030151;1.048994975;2903;796;3.5348~7.0695;14000~135999;2
12016;*;*;17~24;5.730769231;1.08974359;3754;936;0.0000~3.5347;136000~196999;2
12017;*;*;25~32;5.936619718;1.204225352;1504;426;0.0000~3.5347;75000~135999;2
12018;*;*;25~32;6.037356322;0.968390805;1061;348;3.5348~7.0695;136000~196999;2
12019;*;*;9~16;6.188057653;1.019903912;4285;1457;3.5348~7.0695;136000~196999;2
12020;*;*;33~48;4.771341463;0.902439024;1142;328;3.5348~7.0695;14000~135999;2
12021;*;*;9~16;5.539007092;1.107269504;3795;1128;3.5348~7.0695;14000~135999;2
12022;*;*;9~16;5.720577617;1.061371841;4861;1385;3.5348~7.0695;136000~196999;2
12023;*;*;25~32;5.418604651;0.889534884;711;172;3.5348~7.0695;136000~196999;2
12024;*;*;25~32;4.494565217;1.123188406;2411;552;0.0000~3.5347;75000~135999;2
12025;*;*;33~40;4.080291971;1.01459854;532;137;0.0000~3.5347;75000~135999;2
12026;*;*;17~24;4.545673077;1.117788462;1693;416;0.0000~3.5347;75000~135999;2
12027;*;*;25~32;5.078125;1.05;1046;320;0.0000~3.5347;75000~135999;2
12028;*;*;25~32;5.967880086;1.049250535;1684;467;3.5348~7.0695;14000~135999;2
12029;*;*;9~16;4.798133022;1.026837806;2821;857;0.0000~3.5347;75000~135999;2
12030;*;*;17~24;6.240208877;1.124020888;3043;766;3.5348~7.0695;14000~135999;2
12031;*;*;17~24;5.021126761;1;476;142;0.0000~3.5347;75000~135999;2
12032;*;*;33~40;3.910638298;0.885106383;724;235;0.0000~3.5347;75000~135999;2
12033;*;*;33~40;5.281012658;1.055696203;1501;395;0.0000~3.5347;75000~135999;2
12034;*;*;33~40;5.612903226;1.053763441;1056;279;0.0000~3.5347;75000~135999;2
12035;*;*;25~32;4.868888889;1.02;1564;450;0.0000~3.5347;75000~135999;2
12036;*;*;17~24;5.329201102;1.064738292;2500;726;3.5348~7.0695;14000~135999;2
12037;*;*;25~32;5.322580645;1.032258065;2156;558;3.5348~7.0695;14000~135999;2
12038;*;*;17~24;5.218236173;1.136023916;1920;669;0.0000~3.5347;75000~135999;2
12039;*;*;1~16;5.292391304;1.157608696;4936;1840;0.0000~3.5347;136000~196999;2
12040;*;*;9~16;5.603773585;0.969811321;6295;1855;3.5348~7.0695;136000~196999;2
12041;*;*;1~8;4.887774594;1.068767908;5271;2094;3.5348~7.0695;136000~196999;2
12042;*;*;17~24;5.56394453;1.026194145;1869;649;3.5348~7.0695;136000~196999;2
12043;*;*;1~8;7.191666667;975;1109;360;3.5348~7.0695;258000~501999;2
12044;*;*;9~16;4.979779412;0.923713235;2690;1088;3.5348~7.0695;136000~196999;2
12045;*;*;17~24;5.397163121;1.067375887;2541;564;3.5348~7.0695;14000~135999;2
12046;*;*;17~24;4.375757576;1.078787879;770;165;0.0000~3.5347;75000~135999;2
12047;*;*;17~24;4.575320513;1.068910256;2453;624;0.0000~3.5347;75000~135999;2
12048;*;*;1~8;7.947058824;1.196470588;2866;850;3.5348~7.0695;197000~257999;2
12049;*;*;33~40;4.655555556;1.166666667;722;180;0.0000~3.5347;75000~135999;2
12050;*;*;9~16;4.931623932;1.150997151;1269;351;0.0000~3.5347;75000~135999;2
12051;*;*;17~24;4.052459016;1.013114754;2143;610;0.0000~3.5347;75000~135999;2
12052;*;*;33~40;4325;1.077083333;1374;480;*;136000~196999;2
12053;*;*;33~40;4.635658915;1.139534884;1052;258;0.0000~3.5347;75000~135999;2
12054;*;*;33~40;4.10046729;1.042056075;1453;428;0.0000~3.5347;75000~135999;2
12055;*;*;33~40;3.793296089;0.916201117;769;179;0.0000~3.5347;75000~135999;2
12056;*;*;41~48;4.322033898;0.966101695;590;177;0.0000~3.5347;75000~135999;2
12057;*;*;1~8;4.088939567;1.09350057;2695;877;0.0000~3.5347;14000~135999;2
12058;*;*;9~16;3.98400984;1.044280443;2751;813;0.0000~3.5347;75000~135999;2
12059;*;*;9~16;4.14047619;1.138095238;1235;420;0.0000~3.5347;75000~135999;2
12060;*;*;33~40;4.6;1.155555556;443;135;0.0000~3.5347;75000~135999;2
12061;*;*;25~32;6.424460432;1.032374101;939;278;3.5348~7.0695;136000~196999;2
12062;*;*;17~24;6.013015184;0.973969631;1685;461;3.5348~7.0695;136000~196999;2
12063;*;*;25~32;5608;1048;356;125;0.0000~3.5347;136000~196999;2
12064;*;*;33~40;5.701886792;1.026415094;773;265;*;136000~196999;2
12065;*;*;1~8;6.293711656;1.05291411;3887;1304;3.5348~7.0695;136000~196999;2
12066;*;*;25~32;7.782608696;1.104347826;346;115;3.5348~7.0695;319000~379999;2
12067;*;*;1~8;6.435957697;1.034077556;8222;2553;3.5348~7.0695;136000~196999;2
12068;*;*;1~8;7.214285714;1.035714286;75;28;3.5348~7.0695;197000~257999;2
12069;*;*;1~8;7.723076923;1.169230769;228;65;3.5348~7.0695;258000~501999;2
12070;*;*;9~16;7.329596413;1.070627803;2928;892;3.5348~7.0695;197000~257999;1
12071;*;*;25~32;6.722007722;1.028957529;3240;1036;3.5348~7.0695;136000~196999;2
12072;*;*;17~24;5.366754617;1.044854881;4976;1516;3.5348~7.0695;136000~196999;2
12073;*;*;9~16;6.119174943;1.043544691;3920;1309;3.5348~7.0695;197000~257999;1
12074;*;*;17~24;5.795148248;1.046720575;3716;1113;3.5348~7.0695;136000~196999;2
12075;*;*;17~24;6.182389937;0.991614256;1671;477;3.5348~7.0695;136000~196999;2
12076;*;*;1~16;5.389399293;1.109540636;3823;1415;0.0000~3.5347;136000~196999;2
12077;*;*;1~8;8.801007557;1.373803526;5964;1985;3.5348~7.0695;197000~257999;1
12078;*;*;17~24;4.777777778;1.013888889;575;144;3.5348~7.0695;14000~135999;2
12079;*;*;17~24;5.947890819;0.992555831;1347;403;3.5348~7.0695;136000~196999;2
12080;*;*;1~8;7.067741935;1.04516129;1156;310;3.5348~7.0695;136000~196999;2
12081;*;*;1~8;5.84015984;1.033966034;3258;1001;3.5348~7.0695;136000~196999;1
12082;*;*;9~16;6.754919499;1.037567084;1877;559;3.5348~7.0695;197000~257999;2
12083;*;*;9~16;7.479057592;1.102094241;1361;382;3.5348~7.0695;136000~196999;2
12084;*;*;1~8;8.834824501;1.267721955;4636;1453;3.5348~7.0695;136000~196999;2
12085;*;*;17~24;7.297002725;1.073569482;1225;367;3.5348~7.0695;197000~257999;2
12086;*;*;9~16;7.220400729;0.954462659;1707;549;3.5348~7.0695;258000~501999;2
12087;*;*;9~16;7.106598985;1.076142132;2573;788;3.5348~7.0695;197000~257999;2
12088;*;*;9~16;5.421296296;1.087962963;659;216;0.0000~3.5347;75000~135999;2
12089;*;*;9~16;7.395498392;1.077170418;1001;311;3.5348~7.0695;136000~196999;2
12090;*;*;9~16;6.074581431;1.143074581;2317;657;0.0000~3.5347;75000~135999;2
12091;*;*;9~16;5.205357143;1.044642857;2372;672;0.0000~3.5347;75000~135999;2
12092;*;*;9~16;7.205438066;1.084592145;1985;662;3.5348~7.0695;258000~501999;2
12093;*;*;1~8;6.087227414;1.028037383;973;321;3.5348~7.0695;197000~257999;2
12094;*;*;9~16;6.999071495;1.044568245;3450;1077;3.5348~7.0695;197000~257999;2
12095;*;*;9~16;7.289308176;1.314465409;523;159;0.0000~3.5347;75000~135999;2
12096;*;*;9~16;6.164179104;1.029850746;440;134;3.5348~7.0695;136000~196999;2
12097;*;*;33~40;5.842677824;1.147280335;5650;1195;*;136000~196999;2
12098;*;*;9~16;5.341908714;1.077178423;2805;1205;3.5348~7.0695;136000~196999;2
12099;*;*;17~24;5.112877583;1.058823529;1363;629;3.5348~7.0695;136000~196999;2
12100;*;*;17~24;7.712605042;0.998319328;1660;595;7.0696~10.6043;*;2
12101;*;*;9~16;6.726190476;0.369897959;3382;1176;3.5348~7.0695;197000~257999;2
12102;*;*;1~8;6.832116788;1.089416058;4218;1644;3.5348~7.0695;197000~257999;2
12103;*;*;49~56;4.723333333;1.176666667;881;300;*;136000~196999;2
12104;*;*;1~16;7.6;0.95;1275;20;0.0000~3.5347;136000~196999;2
12105;*;*;25~32;4.791044776;0.955223881;214;67;0.0000~3.5347;75000~135999;2
12106;*;*;9~16;3.744800693;1.072790295;9851;4616;0.0000~3.5347;75000~135999;2
12107;*;*;25~32;6.535885167;1.016746411;2400;836;3.5348~7.0695;14000~135999;2
12108;*;*;25~32;5.213414634;1.053353659;1502;656;0.0000~3.5347;136000~196999;2
12109;*;*;1~8;6.892030848;1.113477782;8805;2723;3.5348~7.0695;136000~196999;2
12110;*;*;17~24;5.633738602;1.168693009;1938;658;0.0000~3.5347;75000~135999;2
12111;*;*;25~32;4.218553459;1.113207547;2047;636;0.0000~3.5347;75000~135999;2
12112;*;*;17~24;5.667917448;0.988742964;1580;533;3.5348~7.0695;14000~135999;2
12113;*;*;9~16;6.087396504;1.028518859;3710;1087;3.5348~7.0695;14000~135999;2
12114;*;*;1~8;5.414443989;1.106278211;6763;2437;3.5348~7.0695;136000~196999;2
12115;*;*;1~8;6.00733945;1.012844037;6780;2180;3.5348~7.0695;136000~196999;2
12116;*;*;1~8;7.093508501;1.051777434;4573;1294;3.5348~7.0695;136000~196999;2
12117;*;*;1~8;7.306956522;1.07826087;3962;1150;3.5348~7.0695;136000~196999;2
12118;*;*;1~8;8.579225352;1125;1947;568;3.5348~7.0695;197000~257999;2
12119;*;*;1~8;7.837745517;1.083262169;8437;2342;3.5348~7.0695;197000~257999;2
12120;*;*;9~16;4.438356164;0.96803653;773;219;0.0000~3.5347;75000~135999;2
12121;*;*;33~40;4.729765013;1.097911227;2721;766;0.0000~3.5347;75000~135999;2
12122;*;*;9~16;5.743537415;1.186394558;4885;1470;0.0000~3.5347;75000~135999;2
12123;*;*;1~16;6.87755102;1.12244898;115;49;0.0000~3.5347;136000~196999;2
12124;*;*;9~16;4.25203252;1.146341463;1123;369;0.0000~3.5347;75000~135999;2
12125;*;*;9~16;5.330082521;1.08552138;4520;1333;0.0000~3.5347;75000~135999;2
12126;*;*;1~8;5.936582501;1.034057546;5804;1703;3.5348~7.0695;136000~196999;2
12127;*;*;1~8;5.674956622;1.106998265;5595;1729;3.5348~7.0695;14000~135999;2
12128;*;*;9~16;5.479078514;0.987306065;7596;2127;3.5348~7.0695;14000~135999;2
12129;*;*;1~8;6.161695447;1.062794349;6686;1911;3.5348~7.0695;136000~196999;2
12130;*;*;1~8;4.651837524;1.03868472;1594;517;0.0000~3.5347;14000~135999;2
12131;*;*;9~16;5.251028807;1.055555556;3513;972;0.0000~3.5347;75000~135999;2
12132;*;*;1~8;6.28125;1.065848214;9509;2688;3.5348~7.0695;14000~135999;2
12133;*;*;1~8;7.159627774;1.050823193;5439;1397;3.5348~7.0695;136000~196999;2
12134;*;*;9~16;6.446215139;1;1610;502;3.5348~7.0695;136000~196999;2
12135;*;*;1~8;6.059854015;1.066423358;5155;1370;3.5348~7.0695;14000~135999;2
12136;*;*;1~8;19.17857143;2.845238095;275;84;3.5348~7.0695;197000~257999;2
12137;*;*;1~8;7.489331437;1.197012802;9623;2812;3.5348~7.0695;136000~196999;2
12138;*;*;1~32;4;0.5;39;14;0.0000~3.5347;258000~501999;2
12139;*;*;1~16;5.759776536;1.122905028;606;179;0.0000~3.5347;136000~196999;2
12140;*;*;1~8;5.133333333;0.8;64;15;3.5348~7.0695;136000~196999;2
12141;*;*;9~16;7.312138728;1.329479769;621;173;3.5348~7.0695;136000~196999;2
12142;*;*;1~8;7.416666667;1.307291667;681;192;3.5348~7.0695;14000~135999;2
12143;*;*;1~8;6.237741456;1.196136701;1943;673;3.5348~7.0695;14000~135999;2
12144;*;*;1~8;5.966887417;1.171583384;5145;1661;0.0000~3.5347;14000~135999;2
12145;*;*;9~16;5.939733707;1.231955151;2711;1427;0.0000~3.5347;75000~135999;1
12146;*;*;1~8;6.021786492;1.168845316;1674;918;0.0000~3.5347;14000~135999;1
12147;*;*;9~16;5.758842444;1.156484459;1573;933;0.0000~3.5347;75000~135999;1
12148;*;*;17~24;5.07840772;1.109770808;1283;829;0.0000~3.5347;75000~135999;1
12149;*;*;17~24;5.62544484;1.06405694;1984;1124;0.0000~3.5347;75000~135999;1
12150;*;*;17~24;5.024326672;1.091225022;1990;1151;0.0000~3.5347;75000~135999;1
12151;*;*;1~8;6.037243948;0.965549348;3295;1074;3.5348~7.0695;136000~196999;1
12152;*;*;1~8;7.831597739;1.211544183;9360;3361;3.5348~7.0695;197000~257999;1
12153;*;*;9~16;6.90227577;1.259705489;2294;747;3.5348~7.0695;14000~135999;1
12154;*;*;9~16;7.104854369;1.262135922;1476;515;3.5348~7.0695;14000~135999;1
12155;*;*;9~16;5.786377709;1.102167183;1007;323;0.0000~3.5347;75000~135999;1
12156;*;*;1~8;8.821215733;1.414779499;2826;839;3.5348~7.0695;136000~196999;1
12157;*;*;1~16;4.942105263;0.984210526;557;190;0.0000~3.5347;136000~196999;2
12158;*;*;9~16;5.851293103;1.077586207;1540;464;3.5348~7.0695;136000~196999;2
12159;*;*;9~16;6.296052632;1.115131579;930;304;3.5348~7.0695;136000~196999;2
12160;*;*;1~8;6.347670251;1.050179211;935;279;3.5348~7.0695;136000~196999;2
12161;*;*;1~16;4.793785311;1.197740113;808;354;0.0000~3.5347;136000~196999;2
12162;*;*;17~24;5.351282051;1.091025641;1845;780;0.0000~3.5347;75000~135999;2
12163;*;*;1~16;5.873809524;1.105952381;2508;840;0.0000~3.5347;136000~196999;2
12164;*;*;1~8;5.098591549;1.087323944;931;355;0.0000~3.5347;14000~135999;1
12165;*;*;17~24;5.764344262;1.157786885;1345;488;0.0000~3.5347;136000~196999;2
12166;*;*;1~16;6.469064748;1.087769784;2044;695;0.0000~3.5347;136000~196999;2
12167;*;*;1~8;7.248285322;1.262002743;2703;729;3.5348~7.0695;14000~135999;2
12168;*;*;9~16;4.838235294;1.044117647;1276;408;0.0000~3.5347;75000~135999;2
12169;*;*;9~16;5.777256741;1.125439625;2132;853;0.0000~3.5347;75000~135999;2
12170;*;*;17~24;5.083686441;1.096398305;1966;944;0.0000~3.5347;14000~74999;2
12171;*;*;1~8;5.473090278;1.098090278;2489;1152;0.0000~3.5347;14000~135999;2
12172;*;*;1~16;4.991614256;0.951781971;1323;477;0.0000~3.5347;136000~196999;2
12173;*;*;17~24;4.930163447;1.127786033;2016;673;0.0000~3.5347;75000~135999;2
12174;*;*;17~24;5.708401977;1.15815486;2672;607;0.0000~3.5347;75000~135999;2
12175;*;*;1~8;4.572668113;1.075921909;1666;461;0.0000~3.5347;14000~135999;2
12176;*;*;9~16;5.852734923;1.127629734;2393;713;0.0000~3.5347;75000~135999;2
12177;*;*;9~16;5.789855072;1.043478261;1757;552;3.5348~7.0695;136000~196999;2
12178;*;*;17~24;5.022458629;1.089834515;2405;846;0.0000~3.5347;136000~196999;2
12179;*;*;9~16;5.354263566;1.068992248;3665;1290;0.0000~3.5347;75000~135999;2
12180;*;*;17~24;5.235973597;1.118811881;2204;606;0.0000~3.5347;75000~135999;1
12181;*;*;9~16;5.27706422;1.056880734;1859;545;0.0000~3.5347;75000~135999;1
12182;*;*;17~24;6.108695652;1.160326087;1207;368;0.0000~3.5347;75000~135999;1
12183;*;*;9~16;5.528571429;1.119047619;640;210;0.0000~3.5347;75000~135999;1
12184;*;*;1~8;6.490059642;0.991053678;3464;1006;3.5348~7.0695;136000~196999;1
12185;*;*;1~8;5.535031847;1.101910828;2425;785;0.0000~3.5347;14000~135999;1
12186;*;*;1~16;6.096470588;1.143529412;1255;425;0.0000~3.5347;136000~196999;1
12187;*;*;1~16;6.288461538;1.083333333;596;156;0.0000~3.5347;136000~196999;1
12188;*;*;9~16;6.468421053;1.242105263;581;190;0.0000~3.5347;75000~135999;1
12189;*;*;25~32;5.029885057;1.152873563;2667;870;0.0000~3.5347;75000~135999;1
12190;*;*;9~16;5375;1.114583333;282;96;3.5348~7.0695;14000~135999;1
12191;*;*;9~16;5.654468085;1.160851064;7235;2350;0.0000~3.5347;75000~135999;1
12192;*;*;17~24;5.800457404;1.318467696;4776;1749;0.0000~3.5347;75000~135999;1
12193;*;*;17~24;5.076980015;1.136195411;3405;1351;0.0000~3.5347;75000~135999;1
12194;*;*;1~8;6.599340478;1.123660346;7139;2426;3.5348~7.0695;136000~196999;1
12195;*;*;1~16;5.496394231;1.115384615;2513;832;0.0000~3.5347;136000~196999;1
12196;*;*;1~16;6.558823529;0.911764706;188;68;7.0696~10.6043;*;1
12197;*;*;1~16;5.604651163;1.112175103;2082;731;0.0000~3.5347;136000~196999;1
12198;*;*;1~16;7.090128755;1.356223176;725;233;0.0000~3.5347;136000~196999;1
12199;*;*;1~16;6.094650206;1.090534979;757;243;0.0000~3.5347;197000~257999;1
12200;*;*;1~8;6.651162791;1.14039621;2975;1161;3.5348~7.0695;136000~196999;1
12201;*;*;1~8;9.52455427;1.574288395;9419;3197;3.5348~7.0695;136000~196999;1
12202;*;*;1~8;7.49726776;1.169398907;1223;366;3.5348~7.0695;197000~257999;1
12203;*;*;1~8;6.621134021;1.110824742;1232;388;3.5348~7.0695;136000~196999;1
12204;*;*;1~8;7.507731959;1.194771723;7132;2716;3.5348~7.0695;136000~196999;1
12205;*;*;1~8;5.251325557;1.060445387;2912;943;3.5348~7.0695;136000~196999;1
12206;*;*;1~8;6.914342629;1.055776892;1541;502;3.5348~7.0695;258000~501999;1
12207;*;*;9~16;6.655581948;1.118764846;1155;421;3.5348~7.0695;258000~501999;2
12208;*;*;1~8;7.562753036;1.170040486;750;247;3.5348~7.0695;258000~501999;1
12209;*;*;1~32;6.220820189;1.110410095;964;317;0.0000~3.5347;258000~501999;2
12210;*;*;1~8;7.164285714;1.192857143;388;140;3.5348~7.0695;197000~257999;2
12211;*;*;1~8;8.756906077;1.364640884;510;181;3.5348~7.0695;258000~501999;1
12212;*;*;1~16;6.352941176;1.058823529;43;17;0.0000~3.5347;136000~196999;1
12213;*;*;9~16;6.428571429;1;120;42;3.5348~7.0695;258000~501999;1
12214;*;*;1~8;6.761377614;1.246924969;8824;3252;3.5348~7.0695;136000~196999;1
12215;*;*;1~8;7.0064531;1.142429131;13251;4339;3.5348~7.0695;197000~257999;1
12216;*;*;1~8;7.312148029;1.136765889;3886;1243;3.5348~7.0695;136000~196999;1
12217;*;*;9~16;5.977777778;1.518518519;846;270;0.0000~3.5347;14000~74999;1
12218;*;*;1~8;6.910372608;1.142497482;5860;1986;3.5348~7.0695;136000~196999;1
12219;*;*;1~8;8.584269663;1.25;2088;712;3.5348~7.0695;258000~501999;1
12220;*;*;1~8;10.5;1.445652174;311;92;3.5348~7.0695;258000~501999;1
12221;*;*;1~8;5.724757953;1.09197787;3062;1446;0.0000~3.5347;14000~135999;2
12222;*;*;17~24;6.452132701;1.103317536;2703;1055;0.0000~3.5347;136000~196999;2
12223;*;*;9~16;7.559566787;1.140794224;937;277;3.5348~7.0695;197000~257999;2
12224;*;*;9~16;8.047619048;1.210884354;543;147;3.5348~7.0695;136000~196999;2
12225;*;*;9~16;6.721649485;1.536082474;248;97;0.0000~3.5347;75000~135999;2
12226;*;*;17~24;4.9625;1.1125;239;80;0.0000~3.5347;136000~196999;2
12227;*;*;9~16;4.996287129;1.074876238;6159;3232;0.0000~3.5347;75000~135999;2
12228;*;*;9~16;5.304651163;0.990697674;894;430;0.0000~3.5347;75000~135999;2
12229;*;*;17~24;4.414201183;1.130177515;1190;507;0.0000~3.5347;75000~135999;2
12230;*;*;17~24;4.42384106;1.036896878;2770;1057;0.0000~3.5347;75000~135999;2
12231;*;*;9~16;5.817567568;1.108108108;3136;1036;0.0000~3.5347;75000~135999;2
12232;*;*;9~16;5.744648318;1.018348624;1693;654;3.5348~7.0695;14000~135999;2
12233;*;*;17~24;5.596491228;1.080200501;1024;399;0.0000~3.5347;75000~135999;2
12234;*;*;17~24;5.237831858;1.076327434;2306;904;0.0000~3.5347;75000~135999;2
12235;*;*;17~24;5.996078431;1.058823529;2233;765;0.0000~3.5347;75000~135999;2
12236;*;*;17~24;4.99;1.0125;1270;400;0.0000~3.5347;75000~135999;2
12237;*;*;17~24;6.107368421;0.936842105;1414;475;3.5348~7.0695;14000~135999;2
12238;*;*;17~24;6.606914213;1.089628681;2344;781;3.5348~7.0695;14000~135999;2
12239;*;*;9~16;6.996116505;1.112621359;1644;515;3.5348~7.0695;14000~135999;2
12240;*;*;33~40;4.636879433;1.073758865;2328;705;0.0000~3.5347;75000~135999;2
12241;*;*;25~32;4.311605723;0.998410175;1519;629;0.0000~3.5347;75000~135999;2
12242;*;*;17~24;4.538834951;1.171116505;2011;824;0.0000~3.5347;75000~135999;2
12243;*;*;17~24;4.558879392;1.140075973;4002;2106;0.0000~3.5347;75000~135999;2
12244;*;*;25~32;4.8359375;1.037109375;1589;1024;0.0000~3.5347;75000~135999;2
12245;*;*;17~24;4.846965699;1.044854881;1498;758;0.0000~3.5347;75000~135999;2
12246;*;*;17~24;5.242816092;1.084770115;1717;696;0.0000~3.5347;75000~135999;2
12247;*;*;1~16;5.838709677;1.137096774;2708;1240;0.0000~3.5347;136000~196999;2
12248;*;*;9~16;4.359635812;1.370257967;1094;659;0.0000~3.5347;75000~135999;2
12249;*;*;9~16;4.748449345;1.172984149;3141;1451;0.0000~3.5347;75000~135999;2
12250;*;*;9~16;5.213774597;1.170840787;2711;1118;0.0000~3.5347;75000~135999;2
12251;*;*;9~16;4.907335907;1.096525097;2823;1554;0.0000~3.5347;14000~74999;2
12252;*;*;1~8;4.814814815;1.381210479;2143;1107;0.0000~3.5347;14000~135999;2
12253;*;*;9~16;5.323741007;1.079136691;1171;695;0.0000~3.5347;75000~135999;2
12254;*;*;1~8;6.129070456;1.188277087;3559;1689;0.0000~3.5347;14000~135999;2
12255;*;*;17~24;8.335443038;1.284810127;453;158;0.0000~3.5347;75000~135999;2
12256;*;*;1~16;6.365714286;1.348571429;653;350;0.0000~3.5347;136000~196999;2
12257;*;*;9~16;5.774223035;1.220292505;2625;1094;0.0000~3.5347;75000~135999;2
12258;*;*;1~8;5.642380708;1.13134941;5060;1949;0.0000~3.5347;14000~135999;2
12259;*;*;17~24;4.426199262;1.007380074;1726;542;0.0000~3.5347;75000~135999;2
12260;*;*;17~24;4.53030303;1.046969697;2108;660;0.0000~3.5347;75000~135999;2
12261;*;*;17~24;5.085388994;1.149905123;1728;527;0.0000~3.5347;14000~74999;2
12262;*;*;17~24;4.612990528;1.087956698;1939;739;0.0000~3.5347;14000~74999;2
12263;*;*;9~16;6.372727273;1.181818182;434;110;0.0000~3.5347;14000~74999;2
12264;*;*;1~8;5.740585774;1.061366806;1714;717;0.0000~3.5347;14000~135999;2
12265;*;*;17~24;6.124015748;1.226377953;1000;508;0.0000~3.5347;136000~196999;2
12266;*;*;17~24;5.606185567;1.109278351;930;485;0.0000~3.5347;75000~135999;2
12267;*;*;9~16;5.568286445;1.08797954;4266;1955;0.0000~3.5347;75000~135999;2
12268;*;*;1~16;6.244604317;1.06235012;978;417;0.0000~3.5347;136000~196999;2
12269;*;*;25~32;4.777070064;0.994904459;1594;785;0.0000~3.5347;75000~135999;2
12270;*;*;33~40;5.585106383;1.156028369;879;282;0.0000~3.5347;75000~135999;2
12271;*;*;17~24;5.694581281;1.049261084;2174;812;0.0000~3.5347;75000~135999;2
12272;*;*;17~24;6.828756058;1.063004847;1849;619;3.5348~7.0695;136000~196999;2
12273;*;*;17~24;5.711722488;1.059808612;1868;836;0.0000~3.5347;75000~135999;2
12274;*;*;9~16;6.310794781;1.15539739;1947;843;0.0000~3.5347;75000~135999;2
12275;*;*;9~16;5.105125977;1.061685491;2992;1151;0.0000~3.5347;75000~135999;2
12276;*;*;25~32;4.166112957;1.03654485;715;301;0.0000~3.5347;136000~196999;2
12277;*;*;1~8;5.821086262;1.172523962;798;313;0.0000~3.5347;14000~135999;2
12278;*;*;1~16;7.8;1.1;27;10;0.0000~3.5347;136000~196999;2
12279;*;*;17~24;4.173277662;1.037578288;1304;479;0.0000~3.5347;75000~135999;2
12280;*;*;25~32;8.525423729;1.169491525;293;59;3.5348~7.0695;136000~196999;2
12281;*;*;9~16;5.483333333;1.091666667;376;120;0.0000~3.5347;14000~74999;2
12282;*;*;9~16;4.76119403;1.014925373;212;67;0.0000~3.5347;75000~135999;2
12283;*;*;17~24;5.279176201;1.201372998;1266;437;0.0000~3.5347;14000~74999;2
12284;*;*;17~24;5.272965879;1.230971129;820;381;0.0000~3.5347;75000~135999;2
12285;*;*;1~16;7.040816327;1.263265306;1950;980;0.0000~3.5347;136000~196999;2
12286;*;*;1~8;3;1;8;2;0.0000~3.5347;14000~135999;2
12287;*;*;17~24;7.040540541;1.594594595;174;74;0.0000~3.5347;75000~135999;2
12288;*;*;25~32;5.288990826;0.978593272;1760;654;0.0000~3.5347;75000~135999;2
12289;*;*;33~40;5.026490066;1.099337748;1391;453;0.0000~3.5347;14000~74999;2
12290;*;*;25~32;5.301824212;1.048092869;1722;603;0.0000~3.5347;75000~135999;2
12291;*;*;25~32;4.461661342;1.153354633;1583;626;0.0000~3.5347;14000~74999;2
12292;*;*;33~40;4.272727273;0.943181818;267;88;0.0000~3.5347;14000~74999;2
12293;*;*;25~32;6.088646967;1.045101089;1820;643;3.5348~7.0695;14000~135999;2
12294;*;*;9~16;5.312457454;1.085091899;3297;1469;0.0000~3.5347;75000~135999;2
12295;*;*;25~32;4.987938596;1.004385965;2494;912;0.0000~3.5347;14000~74999;2
12296;*;*;33~40;4.371345029;1.254385965;865;342;0.0000~3.5347;14000~74999;2
12297;*;*;33~40;4.919629057;1.14064915;1820;647;0.0000~3.5347;14000~74999;2
12298;*;*;17~24;6.743902439;1.219512195;215;82;3.5348~7.0695;136000~196999;2
12299;*;*;33~40;5.276393832;1.074733096;2736;843;0.0000~3.5347;14000~74999;2
12300;*;*;25~32;4.356449376;1.126213592;2589;721;0.0000~3.5347;14000~74999;2
12301;*;*;33~40;5.993548387;1.164516129;1632;310;0.0000~3.5347;14000~74999;2
12302;*;*;9~16;4.436454849;1.038461538;1967;598;0.0000~3.5347;75000~135999;2
12303;*;*;1~16;19.11956522;3.876811594;657;276;0.0000~3.5347;136000~196999;2
12304;*;*;33~40;8.307692308;1.615384615;158;39;0.0000~3.5347;75000~135999;2
12305;*;*;25~32;12.51760563;2.536384977;1874;852;0.0000~3.5347;136000~196999;2
12306;*;*;17~24;13.56862745;2.788235294;658;255;3.5348~7.0695;136000~196999;2
12307;*;*;1~16;9.855371901;2.731404959;682;242;0.0000~3.5347;197000~257999;2
12308;*;*;1~8;7.980769231;1.394230769;272;104;3.5348~7.0695;136000~196999;2
12309;*;*;1~16;6.01183432;1.295857988;443;169;0.0000~3.5347;136000~196999;2
12310;*;*;9~16;5.912820513;1.358974359;446;195;0.0000~3.5347;75000~135999;2
12311;*;*;9~16;6.665263158;1.435789474;1250;475;0.0000~3.5347;75000~135999;2
12312;*;*;1~8;6.502512563;1.366834171;457;199;0.0000~3.5347;14000~135999;2
12313;*;*;9~16;6.608108108;1.108108108;183;74;3.5348~7.0695;258000~501999;2
12314;*;*;1~16;5.791666667;1.240740741;544;216;0.0000~3.5347;136000~196999;2
12315;*;*;25~32;4.769230769;1.230769231;102;39;0.0000~3.5347;75000~135999;2
12316;*;*;9~16;6.300675676;1.396959459;1346;592;0.0000~3.5347;75000~135999;2
12317;*;*;1~16;6.631284916;1.424581006;442;179;0.0000~3.5347;136000~196999;2
12318;*;*;9~16;6.724137931;1.365396249;4122;1653;0.0000~3.5347;14000~74999;2
12319;*;*;9~16;6.1;1.211111111;209;90;0.0000~3.5347;14000~74999;2
12320;*;*;17~24;5.510729614;1.313304721;537;233;0.0000~3.5347;14000~74999;2
12321;*;*;33~40;5.262295082;1.163934426;157;61;0.0000~3.5347;14000~74999;2
12322;*;*;25~32;5.14953271;1.551401869;224;107;0.0000~3.5347;14000~74999;2
12323;*;*;17~24;5.2;1.34;69;50;0.0000~3.5347;75000~135999;2
12324;*;*;17~24;8.83639399;2.113522538;1201;599;0.0000~3.5347;75000~135999;2
12325;*;*;9~16;10.19237013;2.51461039;2453;1232;0.0000~3.5347;75000~135999;2
12326;*;*;9~16;5.896240602;1.133834586;1902;665;0.0000~3.5347;75000~135999;2
12327;*;*;9~16;4.340106007;1.232332155;2518;1132;0.0000~3.5347;14000~74999;2
12328;*;*;17~24;5.620300752;1.218045113;1280;532;0.0000~3.5347;14000~74999;2
12329;*;*;9~16;4.471930907;1.161011721;4274;1621;0.0000~3.5347;14000~74999;2
12330;*;*;9~16;5.768835616;1.335616438;1315;584;0.0000~3.5347;14000~74999;2
12331;*;*;9~16;5.568548387;1.209677419;644;248;0.0000~3.5347;75000~135999;2
12332;*;*;17~24;5.755154639;1.213917526;919;388;0.0000~3.5347;75000~135999;2
12333;*;*;9~16;6.695473251;1.878600823;923;486;0.0000~3.5347;75000~135999;2
12334;*;*;1~8;7.64021164;1.530864198;1420;567;3.5348~7.0695;136000~196999;2
12335;*;*;9~16;5.297297297;1.043243243;454;185;3.5348~7.0695;14000~135999;2
12336;*;*;17~24;5.746268657;1.358208955;610;268;0.0000~3.5347;14000~74999;2
12337;*;*;17~24;10.03370787;1.930337079;853;445;3.5348~7.0695;14000~135999;2
12338;*;*;9~16;6.278829604;1.78141136;1687;581;0.0000~3.5347;14000~74999;2
12339;*;*;17~24;8.64495114;1.793702497;2009;921;0.0000~3.5347;197000~257999;2
12340;*;*;9~16;7.537023186;1.63500374;3048;1337;0.0000~3.5347;75000~135999;2
12341;*;*;25~32;8.647398844;1.624277457;676;346;3.5348~7.0695;380000~501999;2
12342;*;*;25~32;6.267910448;1.37238806;3470;1340;0.0000~3.5347;136000~196999;2
12343;*;*;9~16;6.840723982;1.30678733;3189;1105;0.0000~3.5347;75000~135999;2
12344;*;*;9~16;24.5;6.071428571;29;14;0.0000~3.5347;75000~135999;2
12345;*;*;25~32;6.233082707;1.195488722;2362;532;0.0000~3.5347;14000~74999;2
12346;*;*;17~24;5.897923875;1.335063437;3623;1734;0.0000~3.5347;136000~196999;2
12347;*;*;9~16;7.293846154;1.923846154;2725;1300;0.0000~3.5347;75000~135999;2
12348;*;*;33~40;6.685606061;1.511363636;451;264;*;319000~379999;2
12349;*;*;9~16;14.3047619;2.928571429;437;210;3.5348~7.0695;14000~135999;2
12350;*;*;25~32;4.253592561;1.038884193;3086;1183;0.0000~3.5347;75000~135999;2
12351;*;*;1~16;9.799209486;2.017391304;2548;1265;0.0000~3.5347;136000~196999;2
12352;*;*;25~32;5.081282625;1.278150634;2628;1341;0.0000~3.5347;75000~135999;2
12353;*;*;17~24;7.307322929;1.460984394;1721;833;0.0000~3.5347;197000~257999;2
12354;*;*;9~16;12.7747093;2.725290698;1274;688;3.5348~7.0695;136000~196999;2
12355;*;*;17~24;6.797752809;1.558426966;1432;890;0.0000~3.5347;136000~196999;2
12356;*;*;1~32;7.626822157;1.594752187;581;343;0.0000~3.5347;258000~501999;2
12357;*;*;17~24;6.5;1.451351351;1304;740;0.0000~3.5347;197000~257999;2
12358;*;*;17~24;10.20021763;1.936887922;1678;919;3.5348~7.0695;197000~257999;2
12359;*;*;17~24;11.90186916;2.163551402;411;214;0.0000~3.5347;197000~257999;2
12360;*;*;1~8;6.631184408;1.143928036;1906;667;3.5348~7.0695;14000~135999;2
12361;*;*;1~16;11.29896907;2.826804124;1050;485;0.0000~3.5347;136000~196999;2
12362;*;*;1~16;9425;2.02;1711;1000;0.0000~3.5347;136000~196999;2
12363;*;*;1~8;7.219685039;1.190551181;3838;1270;3.5348~7.0695;136000~196999;2
12364;*;*;1~8;5.873188406;1.111111111;3010;828;3.5348~7.0695;14000~135999;2
12365;*;*;1~8;4.823389021;1.18424821;6274;2095;0.0000~3.5347;14000~135999;2
12366;*;*;1~16;10.52950076;2.249621785;1130;661;0.0000~3.5347;136000~196999;2
12367;*;*;1~8;8.591549296;1.719590269;2069;781;0.0000~3.5347;14000~135999;2
12368;*;*;9~16;12.44736842;2.210526316;1179;570;3.5348~7.0695;258000~501999;2
12369;*;*;17~24;9.252155172;1.534482759;1091;464;3.5348~7.0695;197000~257999;2
12370;*;*;9~16;8.181533646;1.552425665;1177;639;0.0000~3.5347;75000~135999;2
12371;*;*;1~16;13.40808241;2.248019017;2524;1262;7.0696~10.6043;*;2
12372;*;*;1~8;14.70673077;2.403846154;612;208;3.5348~7.0695;258000~501999;2
12373;*;*;9~16;5.490079365;1.196428571;2283;1008;3.5348~7.0695;14000~135999;2
12374;*;*;1~16;10.86042323;2.036019811;4176;2221;0.0000~3.5347;197000~257999;2
12375;*;*;1~8;9.658791209;1.911538462;3581;1820;3.5348~7.0695;136000~196999;2
12376;*;*;1~8;13.88590116;2.851017442;2880;1376;3.5348~7.0695;136000~196999;2
12377;*;*;17~24;7.079500284;1.424190801;4086;1761;0.0000~3.5347;75000~135999;2
12378;*;*;25~32;4.7375;1725;604;240;0.0000~3.5347;14000~74999;2
12379;*;*;33~40;4.020376176;1.167711599;2301;638;0.0000~3.5347;75000~135999;2
12380;*;*;25~32;6.427503737;1.146487294;1557;669;3.5348~7.0695;14000~135999;2
12381;*;*;25~32;5.238235294;1.297058824;759;340;0.0000~3.5347;75000~135999;2
12382;*;*;9~16;7.538853503;1.531847134;3811;1570;3.5348~7.0695;14000~135999;2
12383;*;*;17~24;6.451757666;1.390426328;3497;1337;0.0000~3.5347;75000~135999;2
12384;*;*;17~24;7.11255814;1.505116279;2496;1075;3.5348~7.0695;14000~135999;2
12385;*;*;17~24;8.790583275;1.728742094;2737;1423;3.5348~7.0695;258000~318999;2
12386;*;*;9~16;10.7654663;1.853185596;2186;1083;3.5348~7.0695;197000~257999;2
12387;*;*;17~24;5.934803452;1.299137105;2242;1043;0.0000~3.5347;136000~196999;2
12388;*;*;17~24;7.426829268;1.692073171;955;656;0.0000~3.5347;75000~135999;2
12389;*;*;17~24;10.9535865;1.848101266;473;237;3.5348~7.0695;380000~501999;2
12390;*;*;1~16;12.62686567;3.71641791;117;67;7.0696~10.6043;*;2
12391;*;*;25~32;6.395348837;1.22997416;910;387;0.0000~3.5347;136000~196999;2
12392;*;*;17~24;9.747727273;2.029545455;958;440;0.0000~3.5347;136000~196999;2
12393;*;*;1~16;7.36294896;1.47826087;900;529;0.0000~3.5347;136000~196999;2
12394;*;*;1~16;19.65625;3.441964286;858;448;7.0696~10.6043;*;2
12395;*;*;1~16;10.82265145;1.755926251;2450;1139;7.0696~10.6043;*;2
12396;*;*;9~16;12.91048593;2.153452685;883;391;3.5348~7.0695;197000~257999;2
12397;*;*;1~16;7.851973684;1.582236842;863;304;0.0000~3.5347;136000~196999;2
12398;*;*;9~16;6.325714286;1.171428571;1152;350;0.0000~3.5347;75000~135999;2
12399;*;*;9~16;6.410396717;1.164158687;2466;731;0.0000~3.5347;75000~135999;2
12400;*;*;1~8;6.307152875;1.165497896;2248;713;3.5348~7.0695;14000~135999;2
12401;*;*;1~8;6.495780591;1.17721519;1572;474;3.5348~7.0695;14000~135999;2
12402;*;*;9~16;7.329696025;1.424006235;3208;1283;0.0000~3.5347;75000~135999;2
12403;*;*;1~8;4.449197861;1.187165775;907;374;0.0000~3.5347;14000~135999;2
12404;*;*;9~16;9.628428928;2.117206983;825;401;0.0000~3.5347;75000~135999;2
12405;*;*;9~16;7.130909091;2.163636364;966;275;3.5348~7.0695;14000~135999;2
12406;*;*;1~8;6.745067497;1.326583593;4571;1926;3.5348~7.0695;197000~257999;2
12407;*;*;1~16;7.625531915;1.617021277;1097;470;0.0000~3.5347;136000~196999;2
12408;*;*;17~24;5.207100592;1.106508876;507;169;0.0000~3.5347;14000~74999;2
12409;*;*;33~40;3.432098765;1.12345679;375;81;0.0000~3.5347;14000~74999;2
12410;*;*;25~32;5.6;1.111229947;2725;935;3.5348~7.0695;14000~135999;2
12411;*;*;9~16;4.895934959;1.205420054;5525;1845;0.0000~3.5347;75000~135999;2
12412;*;*;9~16;5.493069307;1.120792079;1530;505;0.0000~3.5347;75000~135999;2
12413;*;*;25~32;5.055214724;1.052760736;2918;815;0.0000~3.5347;14000~74999;2
12414;*;*;17~24;4.425742574;2.153465347;830;202;0.0000~3.5347;14000~74999;2
12415;*;*;25~32;3.680473373;1.056213018;2891;676;0.0000~3.5347;14000~74999;2
12416;*;*;33~40;5.557377049;1.154098361;1279;305;0.0000~3.5347;14000~74999;2
12417;*;*;25~32;4.740585774;0.924686192;918;239;0.0000~3.5347;14000~74999;2
12418;*;*;17~24;4.033678756;1.019430052;3157;772;0.0000~3.5347;75000~135999;2
12419;*;*;25~32;3.371428571;1.053061224;979;245;0.0000~3.5347;14000~74999;2
12420;*;*;25~32;4.48411215;1.168224299;2654;535;0.0000~3.5347;14000~74999;2
12421;*;*;25~32;4.199831366;1.118043845;3779;1186;0.0000~3.5347;75000~135999;2
12422;*;*;17~24;3.921158488;1.085277554;5032;1243;0.0000~3.5347;75000~135999;2
12423;*;*;17~24;2.814285714;0.771428571;331;70;0.0000~3.5347;75000~135999;2
12424;*;*;17~24;3.585915493;0.997183099;1548;355;0.0000~3.5347;75000~135999;2
12425;*;*;9~16;3.862302483;1.126410835;1896;443;0.0000~3.5347;14000~74999;2
12426;*;*;17~24;4.90212766;1.161702128;1077;235;0.0000~3.5347;75000~135999;2
12427;*;*;17~24;5.659574468;1.046099291;1201;282;3.5348~7.0695;14000~135999;2
12428;*;*;33~40;3.518072289;1.060240964;625;166;0.0000~3.5347;75000~135999;2
12429;*;*;1~32;7.847457627;1.601694915;238;118;0.0000~3.5347;258000~501999;2
12430;*;*;1~16;24.62582781;4.046357616;574;302;7.0696~10.6043;*;2
12431;*;*;9~16;3.875565611;1.158371041;1978;442;0.0000~3.5347;14000~74999;2
12432;*;*;17~24;3.534306569;1.197080292;2971;685;0.0000~3.5347;75000~135999;2
12433;*;*;17~24;3.298342541;1.058563536;4042;905;0.0000~3.5347;14000~74999;2
12434;*;*;17~24;6.64;1516;637;250;0.0000~3.5347;14000~74999;2
12435;*;*;9~16;4.730769231;1.065384615;1334;260;0.0000~3.5347;14000~74999;2
12436;*;*;17~24;4.549492386;1.015228426;3873;788;0.0000~3.5347;14000~74999;2
12437;*;*;17~24;4.176470588;1.326797386;664;153;0.0000~3.5347;14000~74999;2
12438;*;*;9~16;3.897274633;0.997903564;1994;477;0.0000~3.5347;14000~74999;2
12439;*;*;25~32;4.375757576;0.990909091;2940;660;0.0000~3.5347;14000~74999;2
12440;*;*;17~24;4.238095238;0.904761905;79;21;0.0000~3.5347;136000~196999;2
12441;*;*;9~16;4.471327573;1.057344855;5682;1273;0.0000~3.5347;14000~74999;2
12442;*;*;9~16;5.08;1.186666667;182;75;0.0000~3.5347;75000~135999;2
12443;*;*;17~24;6.028268551;1.402826855;3424;283;0.0000~3.5347;14000~74999;2
12444;*;*;17~24;6.466666667;1.6;29;15;0.0000~3.5347;14000~74999;2
12445;*;*;17~24;6.241935484;1.516129032;724;186;0.0000~3.5347;14000~74999;2
12446;*;*;9~16;12.38461538;2.480769231;137;52;0.0000~3.5347;14000~74999;2
12447;*;*;17~24;62.42222222;14.11111111;83;45;0.0000~3.5347;75000~135999;2
12448;*;*;25~32;6.5546875;1.2578125;666;256;0.0000~3.5347;75000~135999;2
12449;*;*;17~24;4.920792079;1.188118812;1135;303;0.0000~3.5347;14000~74999;2
12450;*;*;17~24;6.153846154;1.487179487;333;117;0.0000~3.5347;75000~135999;2
12451;*;*;9~16;6.64159292;1.491150442;515;226;0.0000~3.5347;14000~74999;2
12452;*;*;17~24;5.549618321;1.244274809;624;262;0.0000~3.5347;14000~74999;2
12453;*;*;25~32;5.088235294;1.029411765;117;34;0.0000~3.5347;14000~74999;2
12454;*;*;33~40;4.535037879;1.112689394;3134;1056;0.0000~3.5347;14000~74999;2
12455;*;*;9~16;4.904958678;1.078512397;1115;242;0.0000~3.5347;14000~74999;2
12456;*;*;9~16;4.540048544;0.972087379;2434;824;0.0000~3.5347;75000~135999;2
12457;*;*;25~32;5.80334728;0.987447699;671;239;0.0000~3.5347;14000~74999;2
12458;*;*;1~32;6;1;5;3;0.0000~3.5347;258000~501999;2
12459;*;*;25~32;4.592417062;1.074249605;1841;633;0.0000~3.5347;75000~135999;2
12460;*;*;17~24;4.549199085;1.105263158;1182;437;0.0000~3.5347;14000~74999;2
12461;*;*;33~40;5.77124183;1.039215686;1933;918;*;136000~196999;2
12462;*;*;33~40;5.595982143;0.995535714;888;448;*;136000~196999;2
12463;*;*;33~40;5.49122807;0.988304094;710;342;*;136000~196999;2
12464;*;*;41~48;5.296187683;0.994134897;764;341;*;136000~196999;2
12465;*;*;41~48;5.345733042;1.041575492;939;457;*;136000~196999;2
12466;*;*;49~56;6.222222222;1.101010101;975;495;*;136000~196999;2
12467;*;*;41~48;5.233183857;0.975336323;892;446;*;136000~196999;2
12468;*;*;41~48;5.963917526;1.069587629;796;388;*;136000~196999;2
12469;*;*;41~48;5.419889503;0.983425414;704;362;*;136000~196999;2
12470;*;*;49~56;5.673101673;1.038610039;1604;777;*;136000~196999;2
12471;*;*;33~40;3.949008499;1.124645892;689;353;0.0000~3.5347;75000~135999;2
12472;*;*;41~48;3.962121212;1.051136364;878;528;0.0000~3.5347;75000~135999;2
12473;*;*;41~48;4.478823529;1.12;1484;850;*;136000~196999;2
12474;*;*;49~56;4.433551198;1.052287582;904;459;*;14000~135999;2
12475;*;*;49~56;4.535433071;1.149606299;273;127;*;14000~135999;2
12476;*;*;41~48;3.67673716;1.123867069;1281;662;*;136000~196999;2
12477;*;*;49~56;3.567164179;1.101160862;1146;603;*;14000~135999;2
12478;*;*;49~56;3.70625;1.065625;1038;320;*;14000~135999;2
12479;*;*;17~24;2.436842105;0.947368421;486;190;0.0000~3.5347;75000~135999;2
12480;*;*;49~56;4;1296;456;250;*;136000~196999;2
12481;*;*;1~16;2.579661017;1.037288136;2031;295;0.0000~3.5347;136000~196999;2
12482;*;*;17~24;3.581105169;1.087344029;1570;1122;0.0000~3.5347;75000~135999;2
12483;*;*;9~16;4.65625;1.09375;297;160;0.0000~3.5347;75000~135999;2
12484;*;*;49~56;1.550408719;1.103542234;509;367;*;136000~196999;2
12485;*;*;41~48;3.624254473;1.125248509;761;503;*;136000~196999;2
12486;*;*;41~48;3.263721553;1.076305221;1148;747;*;136000~196999;2
12487;*;*;49~56;3.032085561;1.032085561;272;187;*;136000~196999;2
12488;*;*;49~56;3.168646081;1.168646081;634;421;*;14000~135999;2
12489;*;*;33~40;2.907117008;1.166465621;1091;829;0.0000~3.5347;75000~135999;2
12490;*;*;33~40;4.023668639;1.088757396;589;338;*;136000~196999;2
12491;*;*;41~48;3.575826682;1.055872292;1443;877;0.0000~3.5347;75000~135999;2
12492;*;*;33~40;3.578343949;1.025477707;1243;785;0.0000~3.5347;75000~135999;2
12493;*;*;49~56;4.424242424;1.04040404;176;99;*;197000~257999;2
12494;*;*;49~56;3.86260454;1.15651135;1223;837;*;136000~196999;2
12495;*;*;49~56;3.532485876;1.06920904;1081;708;*;136000~196999;2
12496;*;*;49~56;5.223958333;1.072916667;825;384;*;197000~257999;2
12497;*;*;49~56;6.93654267;1.041575492;1027;457;*;197000~257999;2
12498;*;*;49~56;4.742547425;1.008130081;764;369;*;14000~135999;2
12499;*;*;49~56;5.364238411;1.139072848;326;151;*;136000~196999;2
12500;*;*;49~56;5.58125;0.99375;367;160;*;197000~257999;2
12501;*;*;49~56;5.354748603;1.025139665;722;358;*;136000~196999;2
12502;*;*;49~56;4.242819843;1.093994778;614;383;*;136000~196999;2
12503;*;*;41~48;5.261904762;1.080952381;443;210;0.0000~3.5347;75000~135999;2
12504;*;*;33~48;5.53196347;1.063926941;873;438;3.5348~7.0695;14000~135999;2
12505;*;*;49~56;5.457831325;0.993975904;257;166;*;136000~196999;2
12506;*;*;49~56;5.964980545;1.120622568;532;257;*;14000~135999;2
12507;*;*;41~48;5.371428571;0.995918367;452;245;*;136000~196999;2
12508;*;*;49~56;6.3904;1016;1295;625;*;197000~257999;2
12509;*;*;49~56;6.452830189;1.047169811;1301;530;*;136000~196999;2
12510;*;*;33~40;4.23255814;0.906976744;115;43;0.0000~3.5347;75000~135999;2
12511;*;*;41~48;5.356707317;1.088414634;1509;656;0.0000~3.5347;75000~135999;2
12512;*;*;17~24;4.480743692;1.073041169;1412;753;0.0000~3.5347;75000~135999;2
12513;*;*;49~56;4.929133858;1.031496063;722;381;*;14000~135999;2
12514;*;*;49~56;5.387931034;1.012931034;452;232;*;14000~135999;2
12515;*;*;41~48;4.398963731;0.992227979;726;386;0.0000~3.5347;75000~135999;2
12516;*;*;49~56;6.131034483;1.117241379;273;145;*;14000~135999;2
12517;*;*;49~56;5.124293785;1.016949153;479;177;*;14000~135999;2
12518;*;*;49~56;5.602150538;1.161290323;1789;558;*;14000~135999;2
12519;*;*;49~56;5.144963145;1.137592138;1364;407;*;14000~135999;2
12520;*;*;41~48;3.24702381;1.199404762;926;336;0.0000~3.5347;14000~74999;2
12521;*;*;49~56;4.151761518;1.105691057;782;369;*;14000~135999;2
12522;*;*;49~56;3.97519084;1.066793893;874;524;*;14000~135999;2
12523;*;*;41~48;4.053061224;1.169387755;1044;490;0.0000~3.5347;75000~135999;2
12524;*;*;41~48;4.46124031;1.019379845;518;258;0.0000~3.5347;75000~135999;2
12525;*;*;41~48;4.181303116;0.974504249;688;353;0.0000~3.5347;75000~135999;2
12526;*;*;33~40;3.975694444;1125;596;288;0.0000~3.5347;75000~135999;2
12527;*;*;41~48;3.896103896;1.034632035;506;231;0.0000~3.5347;75000~135999;2
12528;*;*;33~40;3.342857143;1.004395604;987;455;0.0000~3.5347;75000~135999;2
12529;*;*;49~56;4.087671233;1.054794521;736;365;*;14000~135999;2
12530;*;*;41~48;3.556962025;1.088607595;807;316;0.0000~3.5347;75000~135999;2
12531;*;*;41~48;4.283489097;1.093457944;766;321;0.0000~3.5347;75000~135999;2
12532;*;*;33~40;4.170068027;1.129251701;425;147;0.0000~3.5347;75000~135999;2
12533;*;*;41~48;4.29;1.27;510;200;0.0000~3.5347;75000~135999;2
12534;*;*;41~48;4.295454545;1.047077922;1684;616;0.0000~3.5347;75000~135999;2
12535;*;*;41~48;3.56462585;1.06122449;1320;294;*;136000~196999;2
12536;*;*;41~48;5.078726968;1.056951424;1341;597;*;136000~196999;2
12537;*;*;41~48;5.103092784;0.95532646;531;291;*;136000~196999;2
12538;*;*;49~56;5.223796034;1.110481586;667;353;*;14000~135999;2
12539;*;*;49~56;5.690045249;1.040723982;836;442;*;136000~196999;2
12540;*;*;49~56;6.214285714;1.015625;957;448;*;197000~257999;2
12541;*;*;49~56;5.077142857;1.051428571;624;350;*;136000~196999;2
12542;*;*;41~48;5.233031674;1.212669683;779;442;0.0000~3.5347;75000~135999;2
12543;*;*;49~56;8.297101449;0.963768116;334;138;*;380000~440999;2
12544;*;*;49~56;6.892109501;1.017713366;1486;621;*;197000~257999;2
12545;*;*;49~56;6.212443096;0.962063733;1363;659;*;197000~257999;2
12546;*;*;41~48;5.583732057;0.961722488;452;209;*;136000~196999;2
12547;*;*;49~56;7.269565217;1.043478261;832;345;*;197000~257999;2
12548;*;*;49~56;5432;0.954666667;811;375;*;136000~196999;2
12549;*;*;49~56;4.176315789;1.178947368;877;380;*;14000~135999;2
12550;*;*;49~56;5.689189189;1.043918919;675;296;*;136000~196999;2
12551;*;*;49~56;6.77675841;1.018348624;714;327;*;136000~196999;2
12552;*;*;49~56;4.497237569;1.193370166;327;181;*;14000~135999;2
12553;*;*;41~48;3.532846715;1.131386861;706;274;0.0000~3.5347;14000~74999;2
12554;*;*;25~32;4.954372624;1.171102662;861;263;0.0000~3.5347;14000~74999;2
12555;*;*;41~48;5.186567164;1.154228856;1346;402;0.0000~3.5347;14000~74999;2
12556;*;*;17~24;3.364261168;0.986254296;546;291;0.0000~3.5347;14000~74999;2
12557;*;*;49~56;5.672131148;1.209016393;561;244;*;14000~135999;2
12558;*;*;41~48;4.75;1.024590164;810;244;0.0000~3.5347;14000~74999;2
12559;*;*;41~48;4.564285714;1.1;839;280;0.0000~3.5347;14000~74999;2
12560;*;*;41~48;5.72;1.171428571;605;175;0.0000~3.5347;14000~74999;2
12561;*;*;33~40;5.394805195;1.12987013;1454;385;0.0000~3.5347;14000~74999;2
12562;*;*;25~32;5.987234043;1.127659574;556;235;0.0000~3.5347;75000~135999;2
12563;*;*;41~48;5.082926829;1.017073171;912;410;0.0000~3.5347;75000~135999;2
12564;*;*;41~48;5.446376812;1.04057971;791;345;0.0000~3.5347;75000~135999;2
12565;*;*;41~48;5.109343936;1.011928429;1145;503;0.0000~3.5347;75000~135999;2
12566;*;*;41~48;4.705639615;1.009628611;1441;727;0.0000~3.5347;75000~135999;2
12567;*;*;17~24;5.395299145;1.070512821;1726;468;0.0000~3.5347;75000~135999;2
12568;*;*;25~32;5.017021277;1.04893617;1071;470;0.0000~3.5347;75000~135999;2
12569;*;*;41~48;5.047112462;1.045592705;1346;658;0.0000~3.5347;75000~135999;2
12570;*;*;33~40;5.080071174;0.774021352;1217;562;0.0000~3.5347;75000~135999;2
12571;*;*;41~48;5.346072187;1.063694268;1308;471;0.0000~3.5347;75000~135999;2
12572;*;*;33~40;6.026315789;1.084795322;1110;342;0.0000~3.5347;75000~135999;2
12573;*;*;33~40;4.58008658;0.96969697;588;231;0.0000~3.5347;14000~74999;2
12574;*;*;33~40;5.349726776;1.00273224;1171;366;0.0000~3.5347;14000~74999;2
12575;*;*;33~40;5.432989691;0.989690722;832;291;0.0000~3.5347;14000~74999;2
12576;*;*;33~40;5.333333333;1.053763441;846;279;0.0000~3.5347;75000~135999;2
12577;*;*;33~40;5.560640732;0.974828375;1199;437;0.0000~3.5347;75000~135999;2
12578;*;*;33~40;4.746958637;1.051094891;1089;411;0.0000~3.5347;75000~135999;2
12579;*;*;25~32;4.360169492;1.016949153;2529;708;0.0000~3.5347;14000~74999;2
12580;*;*;17~24;4.900452489;1.004524887;2611;663;0.0000~3.5347;75000~135999;2
12581;*;*;25~32;5.830927835;1.146391753;1655;485;0.0000~3.5347;14000~74999;2
12582;*;*;41~48;5.425974026;1.036363636;955;385;0.0000~3.5347;14000~74999;2
12583;*;*;25~32;4.06785317;1.051167964;2925;899;0.0000~3.5347;75000~135999;2
12584;*;*;33~40;5.473684211;1.021052632;995;380;0.0000~3.5347;75000~135999;2
12585;*;*;33~40;5.566433566;1.036713287;1188;572;*;136000~196999;2
12586;*;*;33~40;5.543378995;1.04109589;1508;657;0.0000~3.5347;75000~135999;2
12587;*;*;33~40;6.063909774;0.996240602;631;266;*;136000~196999;2
12588;*;*;33~40;6.212410501;0.973747017;966;419;*;197000~257999;2
12589;*;*;33~40;4.702576112;1.091334895;1261;427;0.0000~3.5347;14000~74999;2
12590;*;*;33~40;6.833723653;1.028103044;1085;427;*;136000~196999;2
12591;*;*;25~32;6.758474576;0.919491525;542;236;3.5348~7.0695;197000~257999;2
12592;*;*;25~32;5.687170475;1.033391916;1167;569;3.5348~7.0695;136000~196999;2
12593;*;*;33~40;4.267647059;0.926470588;786;340;0.0000~3.5347;75000~135999;2
12594;*;*;33~40;5.873267327;1.061386139;1225;505;0.0000~3.5347;75000~135999;2
12595;*;*;33~40;4.661971831;1.107042254;841;355;0.0000~3.5347;75000~135999;2
12596;*;*;41~48;4.921428571;1;708;280;0.0000~3.5347;75000~135999;2
12597;*;*;33~40;5.123595506;1.002808989;906;356;0.0000~3.5347;75000~135999;2
12598;*;*;33~40;4.953125;1.075520833;955;384;0.0000~3.5347;75000~135999;2
12599;*;*;41~48;5.41697417;1.036900369;571;271;0.0000~3.5347;75000~135999;2
12600;*;*;41~48;5.373801917;1.094249201;1841;626;0.0000~3.5347;14000~74999;2
12601;*;*;33~40;4.786516854;1.014044944;902;356;0.0000~3.5347;14000~74999;2
12602;*;*;33~40;4.345755694;1.055900621;1845;483;0.0000~3.5347;14000~74999;2
12603;*;*;41~48;5144;1.16;2400;625;0.0000~3.5347;14000~74999;2
12604;*;*;41~48;4344;1168;506;125;0.0000~3.5347;14000~74999;2
12605;*;*;17~24;5.46875;1.3203125;260;128;0.0000~3.5347;136000~196999;2
12606;*;*;25~32;5.265033408;0.977728285;1331;449;0.0000~3.5347;75000~135999;2
12607;*;*;25~32;6.520912548;1.030418251;842;263;0.0000~3.5347;75000~135999;2
12608;*;*;25~32;6.631067961;1.067961165;787;309;3.5348~7.0695;14000~135999;2
12609;*;*;25~32;5.468048359;1.04835924;1857;579;0.0000~3.5347;75000~135999;2
12610;*;*;33~40;5.976645435;1.016985138;1075;471;*;136000~196999;2
12611;*;*;25~32;5.506238859;1.042780749;1366;561;3.5348~7.0695;136000~196999;2
12612;*;*;25~32;5.685185185;1.048821549;1289;594;3.5348~7.0695;136000~196999;2
12613;*;*;17~24;4.961038961;1.050505051;2942;1386;0.0000~3.5347;136000~196999;2
12614;*;*;17~24;5.816031537;1.038107753;1856;761;3.5348~7.0695;136000~196999;2
12615;*;*;25~32;6.385656292;1.00811908;1857;739;3.5348~7.0695;136000~196999;2
12616;*;*;9~16;6.559139785;1.016726404;2415;837;3.5348~7.0695;197000~257999;2
12617;*;*;9~16;6.490666667;984;2036;750;3.5348~7.0695;197000~257999;2
12618;*;*;9~16;6.111334002;1.054162487;2415;997;3.5348~7.0695;136000~196999;2
12619;*;*;17~24;5.606080635;1.050892267;3362;1513;3.5348~7.0695;197000~257999;2
12620;*;*;17~24;6.236363636;0.963636364;1365;495;3.5348~7.0695;197000~257999;2
12621;*;*;17~24;5.223168654;1.127768313;2595;1174;0.0000~3.5347;136000~196999;2
12622;*;*;17~24;5.730994152;0.941520468;2519;855;3.5348~7.0695;136000~196999;2
12623;*;*;1~8;5.740473738;1.035427394;11935;4855;3.5348~7.0695;197000~257999;2
12624;*;*;1~8;4.991044776;1.194029851;1341;670;3.5348~7.0695;136000~196999;2
12625;*;*;1~8;6.147197839;1.03646185;3759;1481;3.5348~7.0695;136000~196999;2
12626;*;*;33~40;4.832075472;0.937735849;1583;530;0.0000~3.5347;75000~135999;2
12627;*;*;17~24;4.775609756;0.980487805;723;205;0.0000~3.5347;14000~74999;2
12628;*;*;17~24;4.065250379;1.201820941;1740;659;0.0000~3.5347;14000~74999;2
12629;*;*;25~32;5.19;1.003333333;986;300;0.0000~3.5347;75000~135999;2
12630;*;*;25~32;5.181034483;0.99137931;2317;696;0.0000~3.5347;75000~135999;2
12631;*;*;25~32;5.945185185;1.074074074;2032;675;0.0000~3.5347;75000~135999;2
12632;*;*;25~32;4.208776596;1.071808511;2447;752;0.0000~3.5347;75000~135999;2
12633;*;*;25~32;5.672794118;1.019607843;2902;816;0.0000~3.5347;14000~74999;2
12634;*;*;17~24;4.668831169;1.025974026;2760;770;0.0000~3.5347;75000~135999;2
12635;*;*;25~32;6.09650924;1.131416838;1745;487;0.0000~3.5347;75000~135999;2
12636;*;*;25~32;5.539366516;1.07239819;4224;1105;0.0000~3.5347;14000~74999;2
12637;*;*;17~24;4.955882353;0.970588235;2048;476;0.0000~3.5347;14000~74999;2
12638;*;*;33~40;5.268361582;1.084745763;1052;354;0.0000~3.5347;14000~74999;2
12639;*;*;33~40;5.542857143;1.231746032;1142;315;0.0000~3.5347;14000~74999;2
12640;*;*;33~40;4.792405063;1.050632911;884;395;0.0000~3.5347;75000~135999;2
12641;*;*;33~40;5.611111111;1.156862745;848;306;0.0000~3.5347;75000~135999;2
12642;*;*;33~40;5.170818505;1.153024911;843;281;0.0000~3.5347;14000~74999;2
12643;*;*;33~40;4.93705036;1.057553957;1607;556;0.0000~3.5347;14000~74999;2
12644;*;*;33~40;4.667519182;1.051150895;1226;391;0.0000~3.5347;14000~74999;2
12645;*;*;25~32;3.8875;1.139285714;1971;560;0.0000~3.5347;14000~74999;2
12646;*;*;17~24;3.544240401;1.011686144;1576;599;0.0000~3.5347;75000~135999;2
12647;*;*;25~32;4.837320574;1.060606061;1559;627;0.0000~3.5347;75000~135999;2
12648;*;*;17~24;4.544364508;1.016786571;620;417;0.0000~3.5347;136000~196999;2
12649;*;*;49~56;2.222222222;0.444444444;74;9;*;14000~135999;2
12650;*;*;41~48;4.436781609;0.986590038;1597;522;0.0000~3.5347;14000~74999;2
12651;*;*;33~40;4.068476978;1.121605667;2460;847;0.0000~3.5347;14000~74999;2
12652;*;*;25~32;4.965882353;1.06;2294;850;0.0000~3.5347;75000~135999;2
12653;*;*;33~40;5.23006135;0.996932515;827;326;0.0000~3.5347;14000~74999;2
12654;*;*;33~40;4.733974359;1.028846154;888;312;0.0000~3.5347;14000~74999;2
12655;*;*;25~32;5.485835694;1.128895184;2237;706;0.0000~3.5347;14000~74999;2
12656;*;*;25~32;4.375224417;1.062836625;1596;557;0.0000~3.5347;75000~135999;2
12657;*;*;33~40;4.77238806;1.063432836;963;268;0.0000~3.5347;14000~74999;2
12658;*;*;25~32;4.655907037;1.036797934;4828;1549;0.0000~3.5347;75000~135999;2
12659;*;*;25~32;6.089156627;1.057831325;1089;415;3.5348~7.0695;14000~135999;2
12660;*;*;17~24;3.902111324;1.124760077;1281;521;0.0000~3.5347;75000~135999;2
12661;*;*;9~16;5.571932299;1.002820874;4769;1418;0.0000~3.5347;75000~135999;2
12662;*;*;17~24;5.540443808;1.101646385;4333;1397;0.0000~3.5347;75000~135999;2
12663;*;*;9~16;5.828196347;1.13869863;5656;1752;0.0000~3.5347;75000~135999;2
12664;*;*;33~40;5.762903226;1.067741935;1540;620;0.0000~3.5347;75000~135999;2
12665;*;*;25~32;5.573281453;1.022049287;2083;771;0.0000~3.5347;75000~135999;2
12666;*;*;25~32;5.21575985;0.95684803;1638;533;0.0000~3.5347;75000~135999;2
12667;*;*;9~16;5.351162791;1.081395349;2299;860;0.0000~3.5347;75000~135999;2
12668;*;*;9~16;5.665517241;1.16091954;2621;870;0.0000~3.5347;75000~135999;2
12669;*;*;17~24;4.747311828;0.913978495;1028;372;3.5348~7.0695;14000~135999;2
12670;*;*;1~8;6.779245283;1.243396226;1710;530;0.0000~3.5347;14000~135999;2
12671;*;*;17~24;5.644539615;1.046680942;7235;2335;0.0000~3.5347;75000~135999;2
12672;*;*;9~16;4.187035069;1.058448459;4749;1882;0.0000~3.5347;75000~135999;2
12673;*;*;9~16;5.841346154;1.028044872;3960;1248;3.5348~7.0695;14000~135999;2
12674;*;*;9~16;5.180218447;0.996966019;4224;1648;0.0000~3.5347;75000~135999;2
12675;*;*;17~24;5.65;1.171875;758;320;0.0000~3.5347;75000~135999;2
12676;*;*;17~24;2.814713896;1.019073569;2548;734;0.0000~3.5347;14000~74999;2
12677;*;*;17~24;5.854783207;1.011699931;3517;1453;3.5348~7.0695;136000~196999;2
12678;*;*;17~24;6.065217391;0.934782609;1407;460;3.5348~7.0695;14000~135999;2
12679;*;*;25~32;5.375438596;0.926315789;781;285;3.5348~7.0695;14000~135999;2
12680;*;*;25~32;5.144549763;1.021327014;1053;422;0.0000~3.5347;75000~135999;2
12681;*;*;17~24;3.879194631;1.044742729;783;447;0.0000~3.5347;136000~196999;2
12682;*;*;25~32;6.933161954;1.023136247;1088;389;3.5348~7.0695;136000~196999;2
12683;*;*;1~16;4.346483705;1.209262436;1495;583;0.0000~3.5347;136000~196999;2
12684;*;*;17~24;5.649321267;1.117647059;748;442;0.0000~3.5347;136000~196999;2
12685;*;*;33~40;4.342857143;0.857142857;65;35;0.0000~3.5347;14000~74999;2
12686;*;*;41~48;4.164556962;1.012658228;1253;237;0.0000~3.5347;75000~135999;2
12687;*;*;41~48;4.631578947;1.105263158;119;19;0.0000~3.5347;14000~74999;2
12688;*;*;1~16;3.956291391;1.144370861;1240;755;0.0000~3.5347;136000~196999;2
12689;*;*;17~24;5.295238095;1.002930403;2455;1365;3.5348~7.0695;136000~196999;2
12690;*;*;17~24;5.930992736;1.025423729;1701;826;3.5348~7.0695;380000~501999;2
12691;*;*;33~40;7.376044568;0.994428969;863;359;*;319000~379999;2
12692;*;*;25~32;7.273381295;1.061151079;639;278;3.5348~7.0695;258000~318999;2
12693;*;*;1~16;4.613541667;1.170833333;1538;960;0.0000~3.5347;136000~196999;2
12694;*;*;17~24;7.127717391;0.970108696;838;368;7.0696~10.6043;*;2
12695;*;*;17~24;3.647347741;1.058939096;2194;1018;0.0000~3.5347;75000~135999;2
12696;*;*;33~40;6.136842105;1.015789474;574;190;0.0000~3.5347;75000~135999;2
12697;*;*;33~48;5.769565217;0.908695652;613;230;3.5348~7.0695;14000~135999;2
12698;*;*;33~40;4.550695825;1.145129225;1100;503;0.0000~3.5347;75000~135999;2
12699;*;*;33~40;3.127272727;0.690909091;149;55;0.0000~3.5347;14000~74999;2
12700;*;*;33~40;4.974317817;0.971107544;1322;623;0.0000~3.5347;75000~135999;2
12701;*;*;9~16;4.2743083;1.159683794;2523;1265;0.0000~3.5347;75000~135999;2
12702;*;*;17~24;4.235249042;1.108045977;2883;1305;0.0000~3.5347;75000~135999;2
12703;*;*;17~24;4.020501139;1.181256102;5692;3073;0.0000~3.5347;75000~135999;2
12704;*;*;17~24;3.997126437;1.081609195;2803;1740;0.0000~3.5347;136000~196999;2
12705;*;*;33~40;4.652427184;1.040776699;1225;515;*;136000~196999;2
12706;*;*;17~24;4.6184;1056;2607;1250;0.0000~3.5347;75000~135999;2
12707;*;*;33~40;5.616901408;0.977464789;782;355;*;136000~196999;2
12708;*;*;33~40;5.581081081;1.067567568;764;222;0.0000~3.5347;75000~135999;2
12709;*;*;33~40;4.44893617;0.995744681;1053;470;0.0000~3.5347;75000~135999;2
12710;*;*;33~40;4.585657371;0.932270916;563;251;0.0000~3.5347;75000~135999;2
12711;*;*;25~32;4.632016632;1.11018711;1130;481;0.0000~3.5347;75000~135999;2
12712;*;*;17~24;4.243506494;1.012987013;1181;616;0.0000~3.5347;136000~196999;2
12713;*;*;33~40;5.288732394;1.018779343;1018;426;0.0000~3.5347;75000~135999;2
12714;*;*;33~40;5.671348315;1.036516854;878;356;0.0000~3.5347;75000~135999;2
12715;*;*;41~48;7.601769912;1.076696165;913;339;*;380000~501999;2
12716;*;*;33~40;5.714025501;0.990892532;1312;549;*;136000~196999;2
12717;*;*;33~40;7.46;0.96;414;150;*;258000~318999;2
12718;*;*;33~40;8.734265734;1.111888112;362;143;*;441000~501999;2
12719;*;*;33~40;6.029227557;1.035490605;1168;479;*;136000~196999;2
12720;*;*;33~40;6.33919598;1.007537688;927;398;*;197000~257999;2
12721;*;*;33~40;7.0975;975;1006;400;*;258000~318999;2
12722;*;*;33~40;6.537444934;1.046255507;1176;454;*;136000~196999;2
12723;*;*;33~40;6.663043478;1.039855072;685;276;*;136000~196999;2
12724;*;*;33~40;6.707865169;1.036516854;838;356;*;136000~196999;2
12725;*;*;25~32;5.124835742;1.019710907;1549;761;0.0000~3.5347;75000~135999;2
12726;*;*;25~32;7.502608696;1.062608696;1662;575;3.5348~7.0695;136000~196999;2
12727;*;*;33~48;5.710059172;0.970414201;805;338;3.5348~7.0695;14000~135999;2
12728;*;*;33~48;5.204081633;0.926530612;530;245;3.5348~7.0695;14000~135999;2
12729;*;*;33~40;6.652542373;1.031073446;993;354;*;136000~196999;2
12730;*;*;25~32;6.237864078;0.936893204;460;206;3.5348~7.0695;258000~318999;2
12731;*;*;25~32;7.575688073;1.100917431;1185;436;3.5348~7.0695;197000~257999;2
12732;*;*;25~32;7.627684964;0.968973747;978;419;7.0696~10.6043;*;2
12733;*;*;17~24;8.130434783;1.027173913;1105;368;7.0696~10.6043;*;2
12734;*;*;17~24;7.153508772;1;599;228;7.0696~10.6043;*;2
12735;*;*;17~24;7.102439024;1.026829268;1132;410;3.5348~7.0695;197000~257999;2
12736;*;*;17~24;7.069114471;1.036717063;1151;463;7.0696~10.6043;*;2
12737;*;*;17~24;6.343355965;0.977691562;2667;1031;3.5348~7.0695;136000~196999;2
12738;*;*;25~32;6.551391863;1.054603854;2631;934;3.5348~7.0695;136000~196999;2
12739;*;*;25~32;5.030120482;0.959036145;2032;830;0.0000~3.5347;136000~196999;2
12740;*;*;25~32;4.327464789;1.094190141;2140;1136;0.0000~3.5347;75000~135999;2
12741;*;*;33~40;6.052486188;1.08839779;951;362;*;136000~196999;2
12742;*;*;33~40;5.36622807;1.103070175;1077;456;0.0000~3.5347;75000~135999;2
12743;*;*;25~32;7.295264624;1.030640669;940;359;3.5348~7.0695;136000~196999;2
12744;*;*;33~40;5.457627119;0.813559322;133;59;*;136000~196999;2
12745;*;*;17~24;4.927645788;1.154427646;2256;926;0.0000~3.5347;136000~196999;2
12746;*;*;25~32;5.116083916;1.114685315;1452;715;0.0000~3.5347;75000~135999;2
12747;*;*;33~40;4.98989899;0.868686869;253;99;*;136000~196999;2
12748;*;*;25~32;5.715919924;0.970448046;2532;1049;3.5348~7.0695;136000~196999;2
12749;*;*;25~32;4.736413043;1.032608696;697;368;0.0000~3.5347;136000~196999;2
12750;*;*;33~40;3.972972973;1.030405405;1127;592;0.0000~3.5347;75000~135999;2
12751;*;*;33~48;5.16;0.96;356;150;3.5348~7.0695;14000~135999;2
12752;*;*;41~48;5.917582418;1.093406593;447;182;0.0000~3.5347;75000~135999;2
12753;*;*;33~48;4.896373057;1;460;193;3.5348~7.0695;14000~135999;2
12754;*;*;33~40;5.715277778;1.013888889;329;144;0.0000~3.5347;75000~135999;2
12755;*;*;25~32;5.254424779;1.188053097;863;452;0.0000~3.5347;75000~135999;2
12756;*;*;25~32;4.386227545;1.106287425;1661;668;0.0000~3.5347;75000~135999;2
12757;*;*;33~40;7.341317365;1.077844311;359;167;*;136000~196999;2
12758;*;*;33~40;5.56043956;0.986263736;786;364;*;136000~196999;2
12759;*;*;25~32;4.104542177;1.072098053;2334;1387;0.0000~3.5347;136000~196999;2
12760;*;*;41~48;4.632302405;1.072164948;1059;582;*;136000~196999;2
12761;*;*;25~32;4.498759305;1.034739454;1577;806;0.0000~3.5347;75000~135999;2
12762;*;*;25~32;3.468468468;1.018018018;1079;444;0.0000~3.5347;75000~135999;2
12763;*;*;25~32;4.476829268;1.080487805;1733;820;0.0000~3.5347;75000~135999;2
12764;*;*;33~40;4.491048593;1.054987212;1515;782;0.0000~3.5347;75000~135999;2
12765;*;*;17~24;4.429347826;1.036684783;1735;736;0.0000~3.5347;75000~135999;2
12766;*;*;33~40;4.562589928;1.197122302;1591;695;0.0000~3.5347;75000~135999;2
12767;*;*;33~40;4.633744856;1.053497942;589;243;0.0000~3.5347;75000~135999;2
12768;*;*;33~40;4.554216867;1.012048193;675;249;0.0000~3.5347;14000~74999;2
12769;*;*;41~48;4.96347032;1.242009132;462;219;0.0000~3.5347;14000~74999;2
12770;*;*;41~48;5.054744526;0.996350365;740;274;0.0000~3.5347;75000~135999;2
12771;*;*;41~48;4.628440367;1.032110092;604;218;0.0000~3.5347;14000~74999;2
12772;*;*;41~48;4.372781065;1.057199211;1203;507;0.0000~3.5347;14000~74999;2
12773;*;*;33~40;4.620418848;1.146596859;1008;382;0.0000~3.5347;14000~74999;2
12774;*;*;41~48;4.254545455;0.948484848;765;330;0.0000~3.5347;14000~74999;2
12775;*;*;41~48;4.738738739;0.951951952;897;333;0.0000~3.5347;14000~74999;2
12776;*;*;33~40;4.942857143;1025;682;280;0.0000~3.5347;14000~74999;2
12777;*;*;41~48;4.751381215;1.055248619;1069;362;0.0000~3.5347;14000~74999;2
12778;*;*;41~48;4.951289398;1.051575931;1042;349;0.0000~3.5347;14000~74999;2
12779;*;*;17~24;5.11011236;1.112359551;1157;445;0.0000~3.5347;14000~74999;2
12780;*;*;17~24;5.164772727;1125;661;176;0.0000~3.5347;75000~135999;2
12781;*;*;33~40;4.763033175;0.973933649;1501;422;0.0000~3.5347;14000~74999;2
12782;*;*;17~24;5.4875;1.38125;837;320;0.0000~3.5347;14000~74999;2
12783;*;*;25~32;5.465798046;1.195439739;971;307;0.0000~3.5347;14000~74999;2
12784;*;*;25~32;5.75;1.132075472;559;212;3.5348~7.0695;14000~135999;2
12785;*;*;33~40;4.379581152;1.044502618;1116;382;0.0000~3.5347;14000~74999;2
12786;*;*;33~40;4.563559322;1.148305085;753;236;0.0000~3.5347;14000~74999;2
12787;*;*;33~40;3.670157068;0.968586387;970;382;0.0000~3.5347;14000~74999;2
12788;*;*;33~40;4.539548023;1.087570621;972;354;0.0000~3.5347;14000~74999;2
12789;*;*;33~40;5.117346939;1.246598639;1513;588;0.0000~3.5347;14000~74999;2
12790;*;*;1~8;5.381526104;1.008032129;1885;498;0.0000~3.5347;14000~135999;2
12791;*;*;1~8;5.034946237;1.030913978;2161;744;0.0000~3.5347;14000~135999;2
12792;*;*;9~16;5.941838649;1.033771107;1787;533;3.5348~7.0695;14000~135999;2
12793;*;*;17~24;4.701587302;1.088888889;1079;315;0.0000~3.5347;14000~74999;2
12794;*;*;17~24;4625;0.984756098;1287;328;0.0000~3.5347;14000~74999;2
12795;*;*;25~32;5.087859425;1.051118211;2444;626;0.0000~3.5347;14000~74999;2
12796;*;*;25~32;4.829457364;1.143410853;884;258;0.0000~3.5347;14000~74999;2
12797;*;*;33~40;4.763975155;0.97826087;1147;322;0.0000~3.5347;14000~74999;2
12798;*;*;33~40;4.809145129;1.2027833;1696;503;0.0000~3.5347;14000~74999;2
12799;*;*;25~32;3.941747573;0.990291262;1509;618;0.0000~3.5347;75000~135999;2
12800;*;*;41~48;4.433962264;1.119496855;464;159;0.0000~3.5347;14000~74999;2
12801;*;*;33~40;5.124807396;1.072419106;2511;649;0.0000~3.5347;14000~74999;2
12802;*;*;33~40;3.806220096;1.114832536;1000;418;0.0000~3.5347;14000~74999;2
12803;*;*;41~48;6.197333333;1.101333333;823;375;*;136000~196999;2
12804;*;*;41~48;3.632231405;1.055785124;1094;484;0.0000~3.5347;14000~74999;2
12805;*;*;41~48;3.831034483;0.927586207;613;290;0.0000~3.5347;14000~74999;2
12806;*;*;25~32;4.036734694;1.097959184;823;490;0.0000~3.5347;75000~135999;2
12807;*;*;33~40;4.38;1.16;263;100;0.0000~3.5347;14000~74999;2
12808;*;*;25~32;4.548654244;1.076604555;1374;483;0.0000~3.5347;14000~74999;2
12809;*;*;25~32;3.814946619;1.548042705;781;281;0.0000~3.5347;14000~74999;2
12810;*;*;33~40;4.182926829;1.097560976;850;328;0.0000~3.5347;14000~74999;2
12811;*;*;17~24;5.493506494;1.008658009;494;231;3.5348~7.0695;319000~379999;2
12812;*;*;1~8;5.04269802;1.183787129;2933;1616;3.5348~7.0695;136000~196999;2
12813;*;*;1~8;5.237011593;1.123658222;5634;2329;3.5348~7.0695;14000~135999;2
12814;*;*;1~8;5.010213277;1.038449985;7919;3329;3.5348~7.0695;14000~135999;2
12815;*;*;1~16;4.332298137;1.158385093;638;322;0.0000~3.5347;197000~257999;2
12816;*;*;1~8;4.589403974;0.947019868;276;151;0.0000~3.5347;14000~135999;2
12817;*;*;1~8;5.306412478;1.03847487;7463;2885;3.5348~7.0695;14000~135999;2
12818;*;*;1~8;4.804157549;1.065645514;1982;914;0.0000~3.5347;14000~135999;2
12819;*;*;17~24;6.108557845;1.013470681;4147;1262;3.5348~7.0695;14000~135999;2
12820;*;*;17~24;4.970394737;1.036184211;1062;304;0.0000~3.5347;75000~135999;2
12821;*;*;25~32;5.063291139;0.943037975;450;158;0.0000~3.5347;75000~135999;2
12822;*;*;25~32;5.520408163;0.836734694;229;98;7.0696~10.6043;*;2
12823;*;*;9~16;5.988235294;1.035294118;1932;510;0.0000~3.5347;75000~135999;2
12824;*;*;25~32;5.453389831;0.949152542;727;236;3.5348~7.0695;14000~135999;2
12825;*;*;25~32;5.889655172;1.031034483;911;290;3.5348~7.0695;14000~135999;2
12826;*;*;25~32;5.725490196;0.995098039;1172;408;0.0000~3.5347;75000~135999;2
12827;*;*;9~16;5.916859122;1.062355658;1478;433;3.5348~7.0695;14000~135999;2
12828;*;*;17~24;6.081690141;1.03943662;1141;355;3.5348~7.0695;14000~135999;2
12829;*;*;25~32;5.132978723;0.973404255;568;188;3.5348~7.0695;14000~135999;2
12830;*;*;25~32;6.263513514;1.114864865;542;148;0.0000~3.5347;75000~135999;2
12831;*;*;17~24;5.347732181;1.153347732;1355;463;0.0000~3.5347;75000~135999;2
12832;*;*;25~32;6.266272189;1.020710059;1019;338;3.5348~7.0695;14000~135999;2
12833;*;*;25~32;5.249180328;1.009836066;848;305;3.5348~7.0695;14000~135999;2
12834;*;*;17~24;5.628828829;1.001801802;1512;555;0.0000~3.5347;75000~135999;2
12835;*;*;25~32;5.685220729;1.009596929;1542;521;0.0000~3.5347;75000~135999;2
12836;*;*;33~40;5.302040816;1.036734694;705;245;0.0000~3.5347;75000~135999;2
12837;*;*;17~24;5.468208092;1.052023121;474;173;3.5348~7.0695;14000~135999;2
12838;*;*;9~16;5.361736334;1.057877814;1963;622;0.0000~3.5347;75000~135999;2
12839;*;*;25~32;5.443243243;0.978378378;563;185;3.5348~7.0695;14000~135999;2
12840;*;*;33~40;4.876344086;0.98655914;1076;372;0.0000~3.5347;75000~135999;2
12841;*;*;1~8;6.205776173;1.088447653;1602;554;3.5348~7.0695;14000~135999;2
12842;*;*;49~56;5.945945946;1.013513514;1148;148;*;14000~135999;2
12843;*;*;25~32;5.434108527;0.981912145;1124;387;0.0000~3.5347;75000~135999;2
12844;*;*;33~40;5.715789474;0.984210526;663;190;0.0000~3.5347;75000~135999;2
12845;*;*;33~48;5.386885246;0.97704918;831;305;3.5348~7.0695;14000~135999;2
12846;*;*;33~40;5.819672131;0.970491803;937;305;0.0000~3.5347;75000~135999;2
12847;*;*;33~40;6.472027972;1.143356643;1007;286;0.0000~3.5347;75000~135999;2
12848;*;*;33~40;5.770588235;1.08627451;1460;510;0.0000~3.5347;75000~135999;2
12849;*;*;33~48;5.882352941;0.921568627;154;51;3.5348~7.0695;14000~135999;2
12850;*;*;33~40;5.752631579;1.010526316;590;190;0.0000~3.5347;75000~135999;2
12851;*;*;25~32;6.14893617;1.057283142;2022;611;3.5348~7.0695;14000~135999;2
12852;*;*;33~40;5.848375451;0.996389892;939;277;0.0000~3.5347;14000~74999;2
12853;*;*;33~40;5.649819495;1.046931408;861;277;0.0000~3.5347;75000~135999;2
12854;*;*;33~40;2.09375;0.53125;50;32;0.0000~3.5347;75000~135999;2
12855;*;*;33~40;5.071161049;0.966292135;771;267;0.0000~3.5347;75000~135999;2
12856;*;*;33~40;5.598746082;1.059561129;974;319;0.0000~3.5347;14000~74999;2
12857;*;*;33~40;6.095238095;1.288515406;1067;357;0.0000~3.5347;75000~135999;2
12858;*;*;33~40;4.42920354;1.008849558;597;226;0.0000~3.5347;14000~74999;2
12859;*;*;33~40;5.301886792;1.641509434;240;106;0.0000~3.5347;75000~135999;2
12860;*;*;17~24;6.498349835;1.070957096;1861;606;3.5348~7.0695;14000~135999;2
12861;*;*;25~32;5.005108557;0.975734355;2203;783;0.0000~3.5347;75000~135999;2
12862;*;*;25~32;6.060669456;1.058577406;1508;478;3.5348~7.0695;14000~135999;2
12863;*;*;25~32;5.915119363;1.087533156;1155;377;0.0000~3.5347;75000~135999;2
12864;*;*;9~16;5.077504726;0.975425331;1553;529;3.5348~7.0695;14000~135999;2
12865;*;*;17~24;5.945619335;1.099697885;996;331;3.5348~7.0695;14000~135999;2
12866;*;*;17~24;5.764849471;0.994304312;3455;1229;3.5348~7.0695;14000~135999;2
12867;*;*;17~24;5.378818737;1.057705363;3789;1473;3.5348~7.0695;14000~135999;2
12868;*;*;1~8;7.621649843;1.222763662;8652;2873;3.5348~7.0695;136000~196999;2
12869;*;*;1~8;5.338478501;1.030871003;2857;907;3.5348~7.0695;14000~135999;2
12870;*;*;9~16;6.419753086;1.039780521;2626;729;3.5348~7.0695;14000~135999;2
12871;*;*;9~16;4.820548909;0.985221675;4251;1421;3.5348~7.0695;14000~135999;2
12872;*;*;1~8;5.089689266;1.05190678;7608;2832;3.5348~7.0695;14000~135999;2
12873;*;*;17~24;4.439102564;1.096153846;1471;624;0.0000~3.5347;75000~135999;2
12874;*;*;1~8;4.291297935;1.111356932;3237;1356;0.0000~3.5347;14000~135999;2
12875;*;*;9~16;4.140442133;1.013003901;1929;769;0.0000~3.5347;75000~135999;2
12876;*;*;17~24;5.319778189;1.107208872;1362;541;0.0000~3.5347;75000~135999;2
12877;*;*;17~24;4.724271845;1.025242718;2371;1030;0.0000~3.5347;75000~135999;2
12878;*;*;17~24;4.382830626;1.089327146;2393;862;0.0000~3.5347;75000~135999;2
12879;*;*;33~40;6.346153846;1.330769231;355;130;0.0000~3.5347;75000~135999;2
12880;*;*;33~48;6.563318777;1.231441048;652;229;3.5348~7.0695;14000~135999;2
12881;*;*;25~32;6.077338129;0.992805755;1543;556;3.5348~7.0695;14000~135999;2
12882;*;*;33~48;5.273684211;0.926315789;731;285;3.5348~7.0695;14000~135999;2
12883;*;*;33~40;4.798507463;0.873134328;331;134;0.0000~3.5347;75000~135999;2
12884;*;*;9~16;3.977301387;1.084489281;1837;793;0.0000~3.5347;75000~135999;2
12885;*;*;1~8;4.291989664;1.04005168;1694;774;0.0000~3.5347;14000~135999;2
12886;*;*;17~24;4.728395062;1.057613169;583;243;0.0000~3.5347;136000~196999;2
12887;*;*;17~24;4.636971047;1.072383073;2032;898;0.0000~3.5347;75000~135999;2
12888;*;*;17~24;4.864904552;1.129221733;1631;681;0.0000~3.5347;75000~135999;2
12889;*;*;9~16;4.877419355;0.909677419;424;155;3.5348~7.0695;14000~135999;2
12890;*;*;25~32;5.929078014;1.060283688;757;282;3.5348~7.0695;136000~196999;2
12891;*;*;17~24;4.936758893;1.079051383;1185;506;0.0000~3.5347;75000~135999;2
12892;*;*;9~16;5.343520782;1.11002445;1842;818;0.0000~3.5347;75000~135999;2
12893;*;*;17~24;4.768031189;1.019493177;1132;513;0.0000~3.5347;197000~257999;2
12894;*;*;25~32;6.304347826;0.972332016;610;253;3.5348~7.0695;197000~257999;2
12895;*;*;17~24;4.886583679;1.024896266;1496;723;0.0000~3.5347;136000~196999;2
12896;*;*;9~16;4.90619469;1.02300885;1335;565;3.5348~7.0695;136000~196999;2
12897;*;*;25~32;4.477642276;1.00203252;1158;492;0.0000~3.5347;75000~135999;2
12898;*;*;17~24;5.728215768;1.039419087;1128;482;3.5348~7.0695;136000~196999;2
12899;*;*;9~16;5.843930636;1.040462428;1363;519;3.5348~7.0695;136000~196999;2
12900;*;*;17~24;4.8675;1.0225;866;400;0.0000~3.5347;136000~196999;2
12901;*;*;17~24;4.667506297;1.04534005;772;397;0.0000~3.5347;75000~135999;2
12902;*;*;17~24;5.508219178;1.183561644;1658;730;0.0000~3.5347;136000~196999;2
12903;*;*;17~24;4.741333333;1088;875;375;0.0000~3.5347;136000~196999;2
12904;*;*;1~16;4.134939759;0.973493976;722;415;0.0000~3.5347;136000~196999;2
12905;*;*;17~24;4.857425743;1.025742574;1326;505;0.0000~3.5347;136000~196999;2
12906;*;*;17~24;5.457196613;1.079962371;2586;1063;3.5348~7.0695;136000~196999;2
12907;*;*;25~32;6.65625;0.9484375;1635;640;3.5348~7.0695;258000~318999;2
12908;*;*;17~24;5.889117043;1.082135524;1284;487;0.0000~3.5347;197000~257999;2
12909;*;*;25~32;5.359882006;1.097345133;992;339;0.0000~3.5347;136000~196999;2
12910;*;*;17~24;5.325475285;1.07148289;3107;1315;0.0000~3.5347;136000~196999;2
12911;*;*;25~32;6.828947368;0.942982456;1121;456;3.5348~7.0695;197000~257999;2
12912;*;*;25~32;6.16751269;1.137055838;1087;394;0.0000~3.5347;136000~196999;2
12913;*;*;33~40;4.467661692;0.945273632;470;201;*;136000~196999;2
12914;*;*;17~24;5.114023591;1.107470511;1870;763;0.0000~3.5347;136000~196999;2
12915;*;*;17~24;6.238993711;0.949685535;316;159;3.5348~7.0695;319000~379999;2
12916;*;*;17~24;6.025301205;1;2330;830;3.5348~7.0695;136000~196999;2
12917;*;*;17~24;6.725124378;1.042288557;1927;804;3.5348~7.0695;136000~196999;2
12918;*;*;17~24;5.794819359;1.062031357;3576;1467;3.5348~7.0695;136000~196999;2
12919;*;*;25~32;5.806779661;0.955932203;761;295;3.5348~7.0695;136000~196999;2
12920;*;*;25~32;6.007490637;0.917602996;751;267;3.5348~7.0695;136000~196999;2
12921;*;*;25~32;5.922680412;0.994845361;500;194;3.5348~7.0695;136000~196999;2
12922;*;*;17~24;6.224390244;1.014634146;501;205;3.5348~7.0695;136000~196999;2
12923;*;*;17~24;5.801324503;1.101545254;1210;453;0.0000~3.5347;136000~196999;2
12924;*;*;17~24;7.377005348;1.093582888;1053;374;3.5348~7.0695;136000~196999;2
12925;*;*;17~24;6.373333333;1.056666667;1818;600;3.5348~7.0695;136000~196999;2
12926;*;*;25~32;6.132007233;0.994575045;1546;553;3.5348~7.0695;136000~196999;2
12927;*;*;25~32;7.636363636;1.06937799;1132;418;3.5348~7.0695;136000~196999;2
12928;*;*;33~48;5.441176471;0.95751634;846;306;3.5348~7.0695;14000~135999;2
12929;*;*;9~16;7.01010101;1.029292929;2829;990;3.5348~7.0695;197000~257999;2
12930;*;*;9~16;6.817821782;1.00990099;1413;505;3.5348~7.0695;136000~196999;2
12931;*;*;9~16;6.733133433;1.032983508;1657;667;3.5348~7.0695;197000~257999;2
12932;*;*;17~24;6.095833333;0.991666667;1349;480;3.5348~7.0695;197000~257999;2
12933;*;*;17~24;6.297087379;1.060194175;1334;515;3.5348~7.0695;136000~196999;2
12934;*;*;9~16;7.773892774;1.025641026;1329;429;3.5348~7.0695;197000~257999;2
12935;*;*;17~24;5.815927874;1.052592036;3153;1331;3.5348~7.0695;197000~257999;2
12936;*;*;25~32;6.672727273;1.010909091;1616;550;3.5348~7.0695;136000~196999;2
12937;*;*;17~24;7.013274336;0.982300885;1344;452;3.5348~7.0695;197000~257999;2
12938;*;*;17~24;7.415686275;1.043137255;678;255;3.5348~7.0695;136000~196999;2
12939;*;*;9~16;5.562105263;1.094736842;1032;475;3.5348~7.0695;136000~196999;2
12940;*;*;17~24;7.677777778;1.008333333;902;360;3.5348~7.0695;258000~318999;2
12941;*;*;17~24;6.9140625;1.096354167;991;384;3.5348~7.0695;258000~318999;2
12942;*;*;25~32;5.33908046;1.151340996;1247;522;0.0000~3.5347;136000~196999;2
12943;*;*;17~24;5.84981685;1.025641026;657;273;3.5348~7.0695;197000~257999;2
12944;*;*;33~40;6.8625;1.09375;415;160;*;197000~257999;2
12945;*;*;33~40;7.188405797;1.047101449;842;276;*;136000~196999;2
12946;*;*;25~32;6.07079646;1.026548673;1340;452;3.5348~7.0695;136000~196999;2
12947;*;*;17~24;6.358455882;1.053308824;1336;544;3.5348~7.0695;136000~196999;2
12948;*;*;33~40;8.571428571;1.142857143;30;14;*;319000~379999;2
12949;*;*;17~24;5.558320373;1.040435459;1373;643;3.5348~7.0695;197000~257999;2
12950;*;*;1~8;4.518394649;1.016722408;2033;897;0.0000~3.5347;14000~135999;2
12951;*;*;9~16;5.613680154;1.200385356;2578;1038;0.0000~3.5347;75000~135999;2
12952;*;*;33~48;5.373263889;1.03125;1550;576;3.5348~7.0695;14000~135999;2
12953;*;*;9~16;5.620057859;1.013500482;2868;1037;3.5348~7.0695;136000~196999;2
12954;*;*;9~16;4.698973306;1.104722793;6068;2435;0.0000~3.5347;75000~135999;2
12955;*;*;17~24;5.770259638;1.047993706;3339;1271;0.0000~3.5347;75000~135999;2
12956;*;*;17~24;5.988160291;1.006375228;3358;1098;3.5348~7.0695;14000~135999;2
12957;*;*;9~16;6.131555556;1.054222222;6000;2250;3.5348~7.0695;14000~135999;2
12958;*;*;1~16;4.779327317;1.157506153;2244;1219;0.0000~3.5347;136000~196999;2
12959;*;*;17~24;5.190066858;1.05635148;2755;1047;0.0000~3.5347;75000~135999;2
12960;*;*;25~32;5.466472303;1.052478134;1027;343;3.5348~7.0695;14000~135999;2
12961;*;*;9~16;4.998011928;0.958250497;1166;503;0.0000~3.5347;75000~135999;2
12962;*;*;9~16;5.516746411;1.004784689;1308;418;3.5348~7.0695;14000~135999;2
12963;*;*;9~16;5.874680307;0.989769821;2474;782;3.5348~7.0695;14000~135999;2
12964;*;*;17~24;6.057575758;1.127272727;2071;660;3.5348~7.0695;14000~135999;2
12965;*;*;17~24;5.71886121;0.980427046;1879;562;3.5348~7.0695;14000~135999;2
12966;*;*;9~16;6.179166667;1.204166667;1365;480;0.0000~3.5347;75000~135999;2
12967;*;*;9~16;5.710651828;1.020667727;1740;629;0.0000~3.5347;75000~135999;2
12968;*;*;9~16;5.338129496;1.009592326;1004;417;0.0000~3.5347;75000~135999;2
12969;*;*;9~16;5.766544118;0.935661765;1635;544;3.5348~7.0695;14000~135999;2
12970;*;*;25~32;5.769585253;0.953917051;587;217;3.5348~7.0695;136000~196999;2
12971;*;*;9~16;4.897243108;1.115288221;1898;798;0.0000~3.5347;75000~135999;2
12972;*;*;17~24;4.907670455;1.002840909;1605;704;0.0000~3.5347;75000~135999;2
12973;*;*;25~32;5.68442623;0.926229508;807;244;3.5348~7.0695;14000~135999;2
12974;*;*;17~24;4.071320182;1.068285281;1410;659;0.0000~3.5347;75000~135999;2
12975;*;*;17~24;4.871478873;1.028169014;1275;568;0.0000~3.5347;75000~135999;2
12976;*;*;25~32;5.825072886;1.029154519;970;343;3.5348~7.0695;14000~135999;2
12977;*;*;25~32;5.421841542;1.025695931;1396;467;3.5348~7.0695;14000~135999;2
12978;*;*;9~16;4.78685446;1.027230047;2029;1065;3.5348~7.0695;14000~135999;2
12979;*;*;9~16;4.94212963;0.993055556;779;432;3.5348~7.0695;14000~135999;2
12980;*;*;9~16;4.499565595;1.104257168;2181;1151;0.0000~3.5347;75000~135999;2
12981;*;*;17~24;5.35426009;0.928251121;545;223;3.5348~7.0695;14000~135999;2
12982;*;*;9~16;4.936117936;1.044226044;2070;814;0.0000~3.5347;75000~135999;2
12983;*;*;17~24;5.848017621;0.964757709;1253;454;3.5348~7.0695;136000~196999;2
12984;*;*;17~24;5.848341232;0.985781991;649;211;3.5348~7.0695;136000~196999;2
12985;*;*;25~32;6.420704846;1.083700441;1292;454;0.0000~3.5347;75000~135999;2
12986;*;*;17~24;6.146131805;0.974212034;1022;349;3.5348~7.0695;14000~135999;2
12987;*;*;9~16;6.350847458;0.993220339;1817;590;3.5348~7.0695;136000~196999;2
12988;*;*;9~16;5.966549296;1.051056338;1674;568;3.5348~7.0695;136000~196999;2
12989;*;*;1~8;4.509516837;1.210834553;1195;683;0.0000~3.5347;14000~135999;2
12990;*;*;9~16;6.75625;1.016666667;1585;480;3.5348~7.0695;136000~196999;2
12991;*;*;9~16;6.007366483;0.981583794;1794;543;3.5348~7.0695;136000~196999;2
12992;*;*;17~24;6.945035461;1.131205674;1809;564;3.5348~7.0695;136000~196999;2
12993;*;*;17~24;6.237218814;0.983640082;1490;489;3.5348~7.0695;14000~135999;2
12994;*;*;17~24;5.226804124;0.953608247;606;194;3.5348~7.0695;14000~135999;2
12995;*;*;17~24;5.940677966;1;676;236;3.5348~7.0695;14000~135999;2
12996;*;*;9~16;6.185950413;1.004132231;730;242;3.5348~7.0695;14000~135999;2
12997;*;*;9~16;6.84244373;0.995176849;1948;622;3.5348~7.0695;136000~196999;2
12998;*;*;9~16;6.532467532;0.909090909;267;77;3.5348~7.0695;258000~501999;2
12999;*;*;9~16;6.540913921;1.098831031;2407;941;3.5348~7.0695;197000~257999;2
13000;*;*;17~24;5.069252078;0.867036011;905;361;3.5348~7.0695;136000~196999;2
13001;*;*;1~16;3.971321696;1.104738155;1550;802;0.0000~3.5347;136000~196999;2
13002;*;*;1~8;5.300925926;1.115740741;447;216;3.5348~7.0695;14000~135999;2
13003;*;*;9~16;4.077071291;1.009633911;866;519;0.0000~3.5347;75000~135999;2
13004;*;*;9~16;4.832386364;0.982954545;723;352;3.5348~7.0695;14000~135999;2
13005;*;*;9~16;5.768718802;1.023294509;1478;601;3.5348~7.0695;136000~196999;2
13006;*;*;17~24;6.69379845;1.023255814;833;258;3.5348~7.0695;136000~196999;2
13007;*;*;25~32;6.247126437;1;430;174;3.5348~7.0695;136000~196999;2
13008;*;*;17~24;5225;1.05;921;360;0.0000~3.5347;136000~196999;2
13009;*;*;17~24;5.757225434;1.049132948;889;346;3.5348~7.0695;14000~135999;2
13010;*;*;9~16;7.384449244;1.016198704;3166;926;3.5348~7.0695;136000~196999;2
13011;*;*;9~16;6.260736196;1.021472393;1912;652;3.5348~7.0695;136000~196999;2
13012;*;*;9~16;5.847244094;1.003149606;1845;635;3.5348~7.0695;136000~196999;2
13013;*;*;9~16;6.631578947;1.144312394;3275;1178;3.5348~7.0695;136000~196999;2
13014;*;*;1~8;6.26690079;1.077260755;2623;1139;3.5348~7.0695;197000~257999;2
13015;*;*;1~32;7.041467305;0.693779904;1520;627;0.0000~3.5347;258000~501999;2
13016;*;*;1~8;7.72173913;1.054347826;2772;920;3.5348~7.0695;258000~501999;2
13017;*;*;25~32;6.414686825;1.017278618;1379;463;3.5348~7.0695;14000~135999;2
13018;*;*;25~32;5.171428571;1.020168067;1603;595;0.0000~3.5347;136000~196999;2
13019;*;*;1~16;5.356715141;1.093242087;2954;1169;0.0000~3.5347;136000~196999;2
13020;*;*;17~24;6.677536232;0.989130435;818;276;3.5348~7.0695;197000~257999;2
13021;*;*;17~24;7.328888889;1.057777778;2227;675;3.5348~7.0695;136000~196999;2
13022;*;*;17~24;6.204946996;1;2357;849;3.5348~7.0695;136000~196999;2
13023;*;*;25~32;5.554852321;1.024261603;2432;948;3.5348~7.0695;14000~135999;2
13024;*;*;25~32;6.123924269;1.013769363;1742;581;3.5348~7.0695;14000~135999;2
13025;*;*;1~16;5.962059621;1.143631436;938;369;0.0000~3.5347;136000~196999;2
13026;*;*;9~16;5.813953488;1.010570825;2827;946;3.5348~7.0695;136000~196999;2
13027;*;*;17~24;6.220264317;0.995594714;700;227;3.5348~7.0695;14000~135999;2
13028;*;*;17~24;4.937190083;1.034710744;1610;605;0.0000~3.5347;75000~135999;2
13029;*;*;9~16;6.332129964;1.025270758;773;277;3.5348~7.0695;136000~196999;2
13030;*;*;25~32;5.170568562;0.959866221;773;299;0.0000~3.5347;75000~135999;2
13031;*;*;9~16;6.534569983;1.126475548;1632;593;3.5348~7.0695;136000~196999;2
13032;*;*;25~32;7.069343066;1.04379562;769;274;3.5348~7.0695;136000~196999;2
13033;*;*;17~24;6.659751037;0.900414938;732;241;3.5348~7.0695;197000~257999;2
13034;*;*;49~56;8.275862069;1.517241379;6675;29;*;197000~257999;2
13035;*;*;1~32;5.487544484;0.991103203;1040;562;0.0000~3.5347;258000~501999;2
13036;*;*;33~40;4.890625;1.04296875;686;256;0.0000~3.5347;75000~135999;2
13037;*;*;41~48;4.931924883;1.126760563;945;426;0.0000~3.5347;75000~135999;2
13038;*;*;17~24;5.256997455;1.037319763;2827;1179;3.5348~7.0695;136000~196999;2
13039;*;*;1~8;6.558232932;1.03815261;4583;1494;3.5348~7.0695;136000~196999;2
13040;*;*;17~24;5.369465649;1.018320611;1687;655;0.0000~3.5347;75000~135999;2
13041;*;*;1~8;8.408163265;1.188435374;4438;1470;3.5348~7.0695;197000~257999;2
13042;*;*;1~8;5.520833333;1.135416667;398;96;3.5348~7.0695;197000~257999;2
13043;*;*;1~8;7.382384533;1.030075188;2354;931;3.5348~7.0695;258000~501999;2
13044;*;*;9~16;6.014018692;1.030373832;1041;428;3.5348~7.0695;197000~257999;2
13045;*;*;1~16;7.376840696;1.047523427;3857;1494;7.0696~10.6043;*;2
13046;*;*;25~32;4.746987952;1.13253012;155;83;0.0000~3.5347;14000~74999;2
13047;*;*;33~40;5.572327044;1.005503145;4885;1272;0.0000~3.5347;75000~135999;2
13048;*;*;33~40;6.14738806;1.044776119;1454;536;0.0000~3.5347;75000~135999;2
13049;*;*;17~24;5.70911215;1.03796729;4674;1712;3.5348~7.0695;136000~196999;2
13050;*;*;17~24;5.391625616;1.120689655;2149;812;0.0000~3.5347;75000~135999;2
13051;*;*;17~24;5.74523103;1.04874947;6544;2359;3.5348~7.0695;14000~135999;2
13052;*;*;25~32;5.524489796;0.946938776;1423;490;3.5348~7.0695;14000~135999;2
13053;*;*;25~32;5.575438596;1.06374269;4951;1710;0.0000~3.5347;75000~135999;2
13054;*;*;9~16;4.670020121;1.084507042;1066;497;0.0000~3.5347;75000~135999;2
13055;*;*;17~24;5.237076649;1.103386809;1501;561;0.0000~3.5347;75000~135999;2
13056;*;*;17~24;5.430703625;1.074626866;1235;469;0.0000~3.5347;75000~135999;2
13057;*;*;25~32;5.722397476;0.943217666;963;317;3.5348~7.0695;14000~135999;2
13058;*;*;17~24;5.129330254;1.053887606;2840;1299;0.0000~3.5347;75000~135999;2
13059;*;*;25~32;5.267605634;0.929577465;564;213;0.0000~3.5347;75000~135999;2
13060;*;*;17~24;4.760683761;1.076923077;848;351;0.0000~3.5347;75000~135999;2
13061;*;*;25~32;5.721973094;1.00896861;600;223;3.5348~7.0695;14000~135999;2
13062;*;*;9~16;7.168085106;1.061702128;1733;470;3.5348~7.0695;14000~135999;2
13063;*;*;17~24;5.417417417;1.024024024;1694;666;0.0000~3.5347;75000~135999;2
13064;*;*;25~32;4.143712575;0.874251497;504;167;3.5348~7.0695;14000~135999;2
13065;*;*;17~24;6.088541667;0.96875;614;192;3.5348~7.0695;14000~135999;2
13066;*;*;9~16;4.452313503;1.029272899;2420;1059;0.0000~3.5347;75000~135999;2
13067;*;*;17~24;5.463414634;0.926829268;95;41;0.0000~3.5347;136000~196999;2
13068;*;*;17~24;4.582037997;1.174438687;1419;579;0.0000~3.5347;75000~135999;2
13069;*;*;9~16;4.098666667;1.16;1125;375;0.0000~3.5347;75000~135999;2
13070;*;*;9~16;4.871227364;1.167002012;962;497;0.0000~3.5347;75000~135999;2
13071;*;*;9~16;4.863716814;0.922123894;1663;565;0.0000~3.5347;75000~135999;2
13072;*;*;17~24;4916;1012;733;250;0.0000~3.5347;75000~135999;2
13073;*;*;17~24;4.795857988;1.035502959;706;338;0.0000~3.5347;136000~196999;2
13074;*;*;1~8;4.209045226;1.141708543;2081;995;0.0000~3.5347;14000~135999;2
13075;*;*;17~24;5125;0.979166667;1346;480;3.5348~7.0695;14000~135999;2
13076;*;*;25~32;4.897226754;1.171288744;1660;613;0.0000~3.5347;75000~135999;2
13077;*;*;25~32;5.234285714;1.072380952;1619;525;0.0000~3.5347;75000~135999;2
13078;*;*;9~16;5.016863406;1.059021922;1440;593;0.0000~3.5347;75000~135999;2
13079;*;*;9~16;5.630952381;0.988095238;1701;504;3.5348~7.0695;14000~135999;2
13080;*;*;9~16;5.021335807;1.03834261;8656;3234;3.5348~7.0695;14000~135999;2
13081;*;*;17~24;5.672661871;1.049460432;3012;1112;0.0000~3.5347;75000~135999;2
13082;*;*;9~16;4.555555556;1.047953216;1762;855;0.0000~3.5347;75000~135999;2
13083;*;*;17~24;6.135446686;1.04610951;815;347;0.0000~3.5347;75000~135999;2
13084;*;*;25~32;7.629787234;1.038297872;653;235;3.5348~7.0695;14000~135999;2
13085;*;*;9~16;5.420618557;1.012371134;1265;485;3.5348~7.0695;136000~196999;2
13086;*;*;17~24;6.125954198;0.984732824;748;262;3.5348~7.0695;14000~135999;2
13087;*;*;9~16;5.836215666;1.02543235;2731;983;3.5348~7.0695;14000~135999;2
13088;*;*;17~24;5.781935484;1.006451613;2211;775;3.5348~7.0695;14000~135999;2
13089;*;*;17~24;6.405405405;1.00982801;1216;407;3.5348~7.0695;14000~135999;2
13090;*;*;33~40;6.235602094;1.036649215;554;191;0.0000~3.5347;75000~135999;2
13091;*;*;9~16;6.140161725;0.997304582;1203;371;3.5348~7.0695;14000~135999;2
13092;*;*;17~24;6.573389652;0.990496304;3064;947;3.5348~7.0695;136000~196999;2
13093;*;*;17~24;6.165909091;0.981818182;1287;440;3.5348~7.0695;14000~135999;2
13094;*;*;17~24;4.277777778;1.152777778;667;288;0.0000~3.5347;14000~74999;2
13095;*;*;25~32;4.06;1.131111111;852;450;0.0000~3.5347;14000~74999;2
13096;*;*;17~24;6.180451128;1.007518797;457;133;3.5348~7.0695;136000~196999;2
13097;*;*;25~32;6.639204545;1.110795455;1054;352;3.5348~7.0695;136000~196999;2
13098;*;*;1~8;6.799092677;1.099157485;10329;3086;3.5348~7.0695;14000~135999;2
13099;*;*;1~8;6.737383178;1.06635514;6578;2140;3.5348~7.0695;136000~196999;2
13100;*;*;1~8;8.53164557;1.215189873;990;316;3.5348~7.0695;197000~257999;2
13101;*;*;17~24;6.881188119;1.024752475;1320;404;3.5348~7.0695;197000~257999;2
13102;*;*;1~8;7.105691057;1.150406504;2816;984;3.5348~7.0695;136000~196999;2
13103;*;*;9~16;7.028508772;1.019736842;1439;456;3.5348~7.0695;197000~257999;2
13104;*;*;17~24;6.887323944;1.025039124;1970;639;3.5348~7.0695;197000~257999;2
13105;*;*;1~8;9.431884058;1.347826087;1168;345;3.5348~7.0695;136000~196999;2
13106;*;*;9~16;5.769349845;1.060371517;1741;646;3.5348~7.0695;14000~135999;2
13107;*;*;17~24;4.885397412;0.927911275;1755;541;0.0000~3.5347;75000~135999;2
13108;*;*;1~8;6.874717833;1.039503386;2916;886;3.5348~7.0695;136000~196999;2
13109;*;*;9~16;5.834752981;1.071550256;1538;587;3.5348~7.0695;136000~196999;2
13110;*;*;9~16;6.74512987;1.034090909;1722;616;3.5348~7.0695;136000~196999;2
13111;*;*;9~16;7.35546875;0.9921875;893;256;3.5348~7.0695;136000~196999;2
13112;*;*;9~16;5.476415094;1.08254717;1373;424;0.0000~3.5347;75000~135999;2
13113;*;*;17~24;5.709371293;1.007117438;2333;843;3.5348~7.0695;136000~196999;2
13114;*;*;9~16;6.755936675;1.006596306;2568;758;3.5348~7.0695;136000~196999;2
13115;*;*;9~16;6.670967742;0.987096774;478;155;3.5348~7.0695;197000~257999;2
13116;*;*;9~16;6.097222222;1.071759259;1402;432;3.5348~7.0695;136000~196999;2
13117;*;*;9~16;6.291469194;1.045023697;1277;422;3.5348~7.0695;197000~257999;2
13118;*;*;17~24;6.113095238;1.008928571;934;336;3.5348~7.0695;197000~257999;2
13119;*;*;17~24;5.89516129;1.037634409;1148;372;3.5348~7.0695;136000~196999;2
13120;*;*;17~24;6.426966292;1.134831461;626;178;3.5348~7.0695;136000~196999;2
13121;*;*;9~16;6.058035714;1.102678571;695;224;3.5348~7.0695;136000~196999;2
13122;*;*;17~24;5.678688525;1.006557377;999;305;3.5348~7.0695;136000~196999;2
13123;*;*;17~24;6;1.0456621;712;219;3.5348~7.0695;136000~196999;2
13124;*;*;9~16;6.669527897;1.115879828;793;233;3.5348~7.0695;136000~196999;2
13125;*;*;17~24;5.2;1.050943396;1986;530;0.0000~3.5347;75000~135999;2
13126;*;*;9~16;5.355191257;0.93442623;659;183;3.5348~7.0695;136000~196999;2
13127;*;*;1~16;4.518518519;1.034391534;687;378;0.0000~3.5347;136000~196999;2
13128;*;*;17~24;4.837931034;0.951724138;901;290;0.0000~3.5347;75000~135999;2
13129;*;*;17~24;4.20952381;0.942857143;1005;420;0.0000~3.5347;75000~135999;2
13130;*;*;1~8;6.427072403;1.115424974;3077;953;3.5348~7.0695;14000~135999;2
13131;*;*;25~32;4.787234043;1.059961315;1703;517;0.0000~3.5347;75000~135999;2
13132;*;*;1~8;6.201298701;1.048996458;6002;1694;3.5348~7.0695;14000~135999;2
13133;*;*;9~16;4.361046959;1.160123172;3422;1299;0.0000~3.5347;75000~135999;2
13134;*;*;17~24;5.259541985;0.896946565;818;262;3.5348~7.0695;14000~135999;2
13135;*;*;17~24;5.936877076;0.966777409;988;301;3.5348~7.0695;14000~135999;2
13136;*;*;9~16;5.214592275;0.957081545;787;233;3.5348~7.0695;14000~135999;2
13137;*;*;1~8;5.009725906;1.041556145;3139;1131;0.0000~3.5347;14000~135999;2
13138;*;*;9~16;5.029411765;1.014705882;2499;884;3.5348~7.0695;14000~135999;2
13139;*;*;1~8;7.338559164;1.159014558;16305;5358;3.5348~7.0695;136000~196999;2
13140;*;*;17~24;6.42;1108;1966;250;0.0000~3.5347;136000~196999;2
13141;*;*;25~32;5.787148594;1.048192771;629;249;3.5348~7.0695;136000~196999;2
13142;*;*;33~40;4.734375;0.99609375;569;256;0.0000~3.5347;14000~74999;2
13143;*;*;41~48;6.403669725;1.165137615;630;218;0.0000~3.5347;75000~135999;2
13144;*;*;41~48;6.070063694;1.041401274;996;314;*;136000~196999;2
13145;*;*;49~56;4.29245283;1;429;212;*;14000~135999;2
13146;*;*;33~40;5.717213115;1.081967213;700;244;*;136000~196999;2
13147;*;*;17~24;5.409944751;1.196685083;2150;905;0.0000~3.5347;75000~135999;2
13148;*;*;17~24;6.457960644;1.060822898;1734;559;3.5348~7.0695;319000~379999;2
13149;*;*;17~24;5.478935698;1.048780488;1753;451;3.5348~7.0695;258000~318999;2
13150;*;*;25~32;6.098214286;1.241071429;1230;336;3.5348~7.0695;258000~318999;2
13151;*;*;17~24;5.159754224;1.113671275;1862;651;0.0000~3.5347;136000~196999;2
13152;*;*;33~40;6.029585799;0.99408284;602;169;*;197000~257999;2
13153;*;*;17~24;5.741176471;1.048739496;1862;595;3.5348~7.0695;197000~257999;1
13154;*;*;17~24;6.198156682;1.059907834;731;217;3.5348~7.0695;319000~379999;2
13155;*;*;1~16;4.716374269;0.979532164;1617;342;0.0000~3.5347;136000~196999;2
13156;*;*;41~48;4.680851064;1.127659574;389;94;*;197000~257999;2
13157;*;*;1~16;4.591397849;1.059139785;1474;372;0.0000~3.5347;136000~196999;2
13158;*;*;49~56;4.803603604;1.104504505;1768;555;*;136000~196999;2
13159;*;*;49~56;5.068119891;1.089918256;1215;367;*;136000~196999;2
13160;*;*;33~40;4.396261682;1.001869159;1430;535;*;136000~196999;2
13161;*;*;17~24;5.23964497;1.053254438;1105;338;3.5348~7.0695;136000~196999;2
13162;*;*;33~40;4.925490196;1.058823529;910;255;*;136000~196999;2
13163;*;*;9~16;5.508701473;1.046854083;2903;747;3.5348~7.0695;136000~196999;2
13164;*;*;1~8;5.816358025;1.032407407;2061;648;3.5348~7.0695;197000~257999;2
13165;*;*;9~16;5.575418994;1.067039106;1023;358;3.5348~7.0695;197000~257999;2
13166;*;*;17~24;5.457380457;1.064449064;1487;481;3.5348~7.0695;197000~257999;2
13167;*;*;9~16;6.096666667;1.02;1951;600;3.5348~7.0695;197000~257999;2
13168;*;*;1~16;5.659021407;1.129969419;1749;654;0.0000~3.5347;197000~257999;2
13169;*;*;1~8;4.966767372;1.021148036;1143;331;3.5348~7.0695;136000~196999;2
13170;*;*;1~16;5.348684211;1.069078947;677;304;0.0000~3.5347;136000~196999;2
13171;*;*;25~32;5.431578947;0.947368421;288;95;3.5348~7.0695;197000~257999;2
13172;*;*;1~8;6.401388889;1.029166667;1660;720;3.5348~7.0695;258000~501999;2
13173;*;*;9~16;7.389355742;1.201680672;1289;357;3.5348~7.0695;258000~501999;2
13174;*;*;17~24;7.596153846;1.346153846;166;52;0.0000~3.5347;75000~135999;2
13175;*;*;49~56;7.075313808;1.259414226;618;239;*;197000~257999;1
13176;*;*;1~8;6.791896869;1.081031308;10450;3258;3.5348~7.0695;258000~501999;1
13177;*;*;1~16;10.2962963;1.166666667;179;54;7.0696~10.6043;*;1
13178;*;*;9~16;6.84774665;1.048721072;3108;821;3.5348~7.0695;197000~257999;2
13179;*;*;1~8;11.28738318;1.617990654;2497;856;3.5348~7.0695;258000~501999;1
13180;*;*;1~8;6.162349968;1.10423247;4662;1583;3.5348~7.0695;197000~257999;1
13181;*;*;9~16;6.56945131;1.0192783;6931;2023;3.5348~7.0695;136000~196999;1
13182;*;*;9~16;4.93678945;1.035925421;6474;2199;3.5348~7.0695;136000~196999;2
13183;*;*;1~8;6.716019417;1.078478964;3941;1236;3.5348~7.0695;197000~257999;1
13184;*;*;1~16;8.268907563;1.067226891;364;119;7.0696~10.6043;*;1
13185;*;*;33~40;5.747368421;1.121052632;457;190;*;136000~196999;1
13186;*;*;25~32;5.484732824;1.125954198;724;262;0.0000~3.5347;136000~196999;2
13187;*;*;9~16;5.087403599;1.167095116;1117;389;3.5348~7.0695;14000~135999;2
13188;*;*;25~32;5.305555556;1.021604938;1098;324;3.5348~7.0695;14000~135999;2
13189;*;*;25~32;4.037974684;0.89556962;1216;316;0.0000~3.5347;75000~135999;2
13190;*;*;25~32;5.154061625;1.06442577;1187;357;3.5348~7.0695;14000~135999;2
13191;*;*;25~32;5.828767123;1.05890411;2129;730;3.5348~7.0695;136000~196999;2
13192;*;*;33~48;5.858181818;1.016363636;1970;550;3.5348~7.0695;14000~135999;2
13193;*;*;33~40;5.385126162;0.981407703;2470;753;*;136000~196999;2
13194;*;*;9~16;5.248730964;1.124365482;2026;788;0.0000~3.5347;75000~135999;2
13195;*;*;17~24;5.351648352;0.994505495;1286;364;3.5348~7.0695;136000~196999;2
13196;*;*;33~40;5.961734694;1.008928571;2769;784;*;136000~196999;2
13197;*;*;33~48;5.122112211;0.95049505;1326;303;3.5348~7.0695;14000~135999;2
13198;*;*;25~32;4.409090909;1.141414141;649;198;0.0000~3.5347;75000~135999;2
13199;*;*;25~32;4.510791367;1.038369305;1337;417;0.0000~3.5347;136000~196999;2
13200;*;*;25~32;3.641843972;1.079787234;2271;564;0.0000~3.5347;136000~196999;2
13201;*;*;1~8;5.545454545;1.098484848;431;132;0.0000~3.5347;14000~135999;2
13202;*;*;25~32;3.983146067;1.176029963;1970;534;0.0000~3.5347;75000~135999;2
13203;*;*;25~32;4.970588235;1.237967914;1070;374;0.0000~3.5347;136000~196999;2
13204;*;*;9~16;5.165289256;1.008264463;1055;363;3.5348~7.0695;14000~135999;2
13205;*;*;17~24;6.016985138;0.997876858;1815;471;3.5348~7.0695;136000~196999;2
13206;*;*;9~16;4.404833837;0.891238671;912;331;3.5348~7.0695;136000~196999;2
13207;*;*;17~24;4.742203742;0.923076923;1545;481;0.0000~3.5347;75000~135999;2
13208;*;*;25~32;4.703389831;1.11440678;1662;472;0.0000~3.5347;75000~135999;2
13209;*;*;1~8;4.672588832;1.038071066;1243;394;3.5348~7.0695;14000~135999;2
13210;*;*;1~8;5.061293984;1.017026107;2028;881;3.5348~7.0695;136000~196999;2
13211;*;*;9~16;5.387195122;1.041666667;2870;984;3.5348~7.0695;136000~196999;2
13212;*;*;17~24;6.25;0.993589744;1054;312;3.5348~7.0695;197000~257999;2
13213;*;*;17~24;5.747545582;1.028050491;1859;713;0.0000~3.5347;197000~257999;2
13214;*;*;17~24;6.058455115;0.993736952;1652;479;3.5348~7.0695;136000~196999;2
13215;*;*;17~24;6.95703125;1.0234375;860;256;3.5348~7.0695;197000~257999;2
13216;*;*;33~40;6.030927835;1.010309278;1213;388;*;197000~257999;2
13217;*;*;9~16;6.551051051;1.036036036;2410;666;3.5348~7.0695;136000~196999;2
13218;*;*;1~8;5.804012346;0.895061728;2335;648;3.5348~7.0695;197000~257999;2
13219;*;*;25~32;5.480620155;1.19379845;561;129;0.0000~3.5347;75000~135999;2
13220;*;*;9~16;6.437007874;0.933070866;2711;762;3.5348~7.0695;136000~196999;2
13221;*;*;17~24;5.690134529;1.087892377;7343;2230;3.5348~7.0695;136000~196999;2
13222;*;*;1~16;5.128698225;1.107988166;2163;676;0.0000~3.5347;136000~196999;2
13223;*;*;17~24;5.904137931;0.973103448;4861;1450;3.5348~7.0695;136000~196999;2
13224;*;*;9~16;4.837563452;1.130287648;1946;591;0.0000~3.5347;75000~135999;2
13225;*;*;17~24;4.721481481;1.045925926;3690;1350;0.0000~3.5347;136000~196999;2
13226;*;*;17~24;4.763328999;1.011053316;5718;1538;0.0000~3.5347;75000~135999;2
13227;*;*;25~32;5.015444015;1.106177606;2170;518;0.0000~3.5347;75000~135999;2
13228;*;*;17~24;5.06372549;0.926470588;486;204;3.5348~7.0695;197000~257999;2
13229;*;*;25~32;7.831050228;1.107305936;1284;438;7.0696~10.6043;*;2
13230;*;*;9~16;7.64116095;1.065963061;1165;379;3.5348~7.0695;258000~501999;2
13231;*;*;1~8;7.037931034;0.996551724;1996;580;3.5348~7.0695;258000~501999;2
13232;*;*;1~8;7.270106222;1.054628225;1871;659;3.5348~7.0695;258000~501999;2
13233;*;*;1~16;7.835853132;1.012958963;1488;463;7.0696~10.6043;*;2
13234;*;*;1~8;6.741035857;1.007968127;857;251;3.5348~7.0695;258000~501999;2
13235;*;*;17~24;8.856140351;1.09122807;965;285;7.0696~10.6043;*;2
13236;*;*;1~16;7.598615917;0.993079585;949;289;7.0696~10.6043;*;2
13237;*;*;1~16;8.234463277;1.048022599;1271;354;7.0696~10.6043;*;2
13238;*;*;1~16;8.016901408;1.01971831;1221;355;7.0696~10.6043;*;2
13239;*;*;17~24;7.933660934;0.995085995;1289;407;3.5348~7.0695;258000~318999;2
13240;*;*;9~16;6.684989429;1.046511628;1145;473;3.5348~7.0695;136000~196999;2
13241;*;*;17~24;7.848722986;1.088408644;1523;509;3.5348~7.0695;197000~257999;2
13242;*;*;17~24;7.449180328;0.91147541;933;305;7.0696~10.6043;*;2
13243;*;*;1~16;7.912244898;1;1815;490;7.0696~10.6043;*;2
13244;*;*;17~24;7.023178808;0.98013245;913;302;3.5348~7.0695;197000~257999;2
13245;*;*;17~24;7.403940887;1.051724138;1291;406;3.5348~7.0695;197000~257999;2
13246;*;*;1~8;6.520361991;1.16892911;1479;663;3.5348~7.0695;197000~257999;2
13247;*;*;17~24;7.510416667;1.1125;1682;480;3.5348~7.0695;197000~257999;2
13248;*;*;25~32;4.69823435;1.017656501;1710;623;3.5348~7.0695;136000~196999;2
13249;*;*;1~16;5.617414248;1.10817942;932;379;0.0000~3.5347;136000~196999;2
13250;*;*;25~32;5.864035088;0.938596491;1404;456;3.5348~7.0695;136000~196999;2
13251;*;*;9~16;4.942973523;1.063136456;794;491;0.0000~3.5347;75000~135999;2
13252;*;*;9~16;6.231428571;0.917142857;1133;350;3.5348~7.0695;258000~501999;2
13253;*;*;9~16;6875;1.015086207;1414;464;3.5348~7.0695;197000~257999;2
13254;*;*;9~16;7.752515091;1.088531187;1726;497;3.5348~7.0695;197000~257999;2
13255;*;*;17~24;5.939655172;1.139655172;1635;580;3.5348~7.0695;197000~257999;2
13256;*;*;25~32;6.227642276;0.921409214;1071;369;3.5348~7.0695;197000~257999;2
13257;*;*;25~32;7.241558442;0.961038961;1140;385;3.5348~7.0695;197000~257999;2
13258;*;*;17~24;4.438016529;1.221959858;1722;847;0.0000~3.5347;136000~196999;2
13259;*;*;1~16;4.560148057;1.107958051;3841;1621;0.0000~3.5347;136000~196999;2
13260;*;*;25~32;5.767123288;1.132420091;601;219;3.5348~7.0695;136000~196999;2
13261;*;*;17~24;5.181500873;1.055846422;1326;573;3.5348~7.0695;136000~196999;2
13262;*;*;17~24;5.242236025;1.133540373;622;322;3.5348~7.0695;136000~196999;2
13263;*;*;33~40;5.505586592;0.963687151;939;358;*;136000~196999;2
13264;*;*;25~32;3.460820896;1.031716418;1109;536;0.0000~3.5347;136000~196999;2
13265;*;*;25~32;4.234782609;0.988405797;1014;345;0.0000~3.5347;75000~135999;2
13266;*;*;17~24;4.89556962;1.056962025;773;316;0.0000~3.5347;136000~196999;2
13267;*;*;17~24;4.038391225;1.148080439;2417;1094;0.0000~3.5347;75000~135999;2
13268;*;*;25~32;6.122340426;1.063829787;593;188;3.5348~7.0695;136000~196999;2
13269;*;*;17~24;5.375545852;1.082969432;1117;458;0.0000~3.5347;136000~196999;2
13270;*;*;17~24;4.470219436;0.981191223;954;319;0.0000~3.5347;136000~196999;2
13271;*;*;33~40;5.936893204;0.961165049;1209;412;*;136000~196999;2
13272;*;*;17~24;6.13740458;0.984732824;1655;524;3.5348~7.0695;136000~196999;2
13273;*;*;17~24;7.133587786;1.187022901;831;262;3.5348~7.0695;197000~257999;2
13274;*;*;25~32;5.887356322;0.951724138;1204;435;3.5348~7.0695;136000~196999;2
13275;*;*;9~16;4.540208136;1.143803217;2554;1057;0.0000~3.5347;75000~135999;2
13276;*;*;1~8;4.649673203;1.163398693;2251;765;0.0000~3.5347;14000~135999;2
13277;*;*;33~40;4.499207607;1.04437401;1822;631;0.0000~3.5347;75000~135999;2
13278;*;*;41~48;4.129251701;0.955782313;701;294;0.0000~3.5347;75000~135999;2
13279;*;*;41~48;4.680981595;1.033742331;831;326;0.0000~3.5347;75000~135999;2
13280;*;*;41~48;5.105454545;1.063636364;1444;550;*;136000~196999;2
13281;*;*;17~24;5.366824645;1.123222749;3067;1055;0.0000~3.5347;136000~196999;2
13282;*;*;25~32;4.937751004;0.987951807;1230;498;0.0000~3.5347;136000~196999;2
13283;*;*;25~32;5;1.054347826;1278;368;0.0000~3.5347;75000~135999;2
13284;*;*;17~24;4.058732612;1.069551777;2204;647;0.0000~3.5347;75000~135999;2
13285;*;*;25~32;5.877483444;1.039735099;1067;302;3.5348~7.0695;14000~135999;2
13286;*;*;33~40;6.703324808;1;1074;391;*;136000~196999;2
13287;*;*;33~40;5.693581781;1.18426501;1410;483;*;136000~196999;2
13288;*;*;33~40;4.869047619;1.013888889;1165;504;*;136000~196999;2
13289;*;*;17~24;4.706635623;1.108265425;2174;859;0.0000~3.5347;75000~135999;2
13290;*;*;33~40;5.24556962;1.032911392;964;395;*;136000~196999;2
13291;*;*;33~40;5.549333333;1.090666667;1008;375;*;136000~196999;2
13292;*;*;33~40;5.689655172;0.904214559;623;261;*;136000~196999;2
13293;*;*;33~40;5.949593496;0.959349593;1773;615;*;136000~196999;2
13294;*;*;33~40;6.018691589;1.093457944;1284;428;0.0000~3.5347;75000~135999;2
13295;*;*;41~48;5.038363171;0.969309463;1036;391;0.0000~3.5347;75000~135999;2
13296;*;*;49~56;5.180778032;1.004576659;1031;437;*;136000~196999;2
13297;*;*;33~40;6.648760331;1.066115702;624;242;*;136000~196999;2
13298;*;*;33~40;4.956521739;0.95256917;729;253;0.0000~3.5347;75000~135999;2
13299;*;*;33~40;4.183157895;0.957894737;1369;475;0.0000~3.5347;75000~135999;2
13300;*;*;33~48;5.11299435;1.048022599;1257;354;3.5348~7.0695;14000~135999;2
13301;*;*;33~40;5.353535354;1.032323232;1537;495;0.0000~3.5347;75000~135999;2
13302;*;*;9~16;5.532697548;1.104904632;2884;734;0.0000~3.5347;75000~135999;2
13303;*;*;25~32;6.097777778;1.044444444;1047;225;0.0000~3.5347;75000~135999;2
13304;*;*;17~24;5.072674419;1.186046512;2818;688;0.0000~3.5347;75000~135999;2
13305;*;*;25~32;5.779151943;1.051236749;2259;566;3.5348~7.0695;14000~135999;2
13306;*;*;17~24;4.71454219;1.132854578;1678;557;0.0000~3.5347;75000~135999;2
13307;*;*;17~24;5.29489603;1.047258979;2064;529;3.5348~7.0695;136000~196999;2
13308;*;*;17~24;5.212922173;1.080763583;2229;681;0.0000~3.5347;75000~135999;2
13309;*;*;17~24;5.078328982;0.945169713;1483;383;3.5348~7.0695;14000~135999;2
13310;*;*;9~16;4.694835681;0.917840376;1503;426;3.5348~7.0695;136000~196999;2
13311;*;*;9~16;5.2514828;0.516014235;2400;843;3.5348~7.0695;136000~196999;2
13312;*;*;9~16;6.013363029;1.024498886;1432;449;3.5348~7.0695;136000~196999;2
13313;*;*;33~40;4.231810491;1.101522843;1182;591;0.0000~3.5347;75000~135999;2
13314;*;*;49~56;4.506493506;1.090909091;558;231;*;14000~135999;2
13315;*;*;41~48;3.369565217;0.942028986;349;138;0.0000~3.5347;75000~135999;2
13316;*;*;9~16;4.326133909;1.151187905;5110;1389;0.0000~3.5347;75000~135999;2
13317;*;*;25~32;4.021645022;1.028860029;2647;693;0.0000~3.5347;75000~135999;2
13318;*;*;33~40;4.570895522;1.014925373;1823;536;0.0000~3.5347;75000~135999;2
13319;*;*;49~56;4.630985915;1.047887324;1269;355;*;14000~135999;2
13320;*;*;25~32;4.361643836;1.175342466;1182;365;0.0000~3.5347;75000~135999;2
13321;*;*;33~40;4.181547619;1.008928571;1489;336;0.0000~3.5347;75000~135999;2
13322;*;*;41~48;3.505988024;1;1479;334;0.0000~3.5347;75000~135999;2
13323;*;*;41~48;3.853535354;1.106060606;851;198;0.0000~3.5347;75000~135999;2
13324;*;*;49~56;4.333333333;0.972789116;590;147;*;14000~135999;2
13325;*;*;33~40;3.99339934;1.02310231;1294;303;0.0000~3.5347;75000~135999;2
13326;*;*;33~40;4.476099426;0.994263862;2138;523;0.0000~3.5347;75000~135999;2
13327;*;*;33~40;4.324324324;0.972972973;831;222;0.0000~3.5347;75000~135999;2
13328;*;*;1~8;5.404636459;1.179135933;2533;949;3.5348~7.0695;14000~135999;2
13329;*;*;9~16;6.093457944;0.936448598;1973;535;3.5348~7.0695;136000~196999;2
13330;*;*;9~16;5.845505618;0.97752809;1332;356;3.5348~7.0695;136000~196999;2
13331;*;*;9~16;5.174168297;1.02739726;2021;511;3.5348~7.0695;136000~196999;2
13332;*;*;9~16;5.553191489;0.711947627;2039;611;3.5348~7.0695;136000~196999;2
13333;*;*;9~16;5.515837104;1.04826546;2079;663;3.5348~7.0695;136000~196999;2
13334;*;*;1~16;4.809847199;1.066213922;1717;589;0.0000~3.5347;136000~196999;2
13335;*;*;9~16;6.071428571;0.989417989;1284;378;3.5348~7.0695;136000~196999;2
13336;*;*;9~16;4.310055866;1.215083799;776;358;0.0000~3.5347;75000~135999;2
13337;*;*;25~32;5.572815534;1;321;103;3.5348~7.0695;136000~196999;2
13338;*;*;9~16;5.416452442;1.05655527;1138;389;3.5348~7.0695;136000~196999;2
13339;*;*;9~16;6.071022727;0.980113636;1151;352;3.5348~7.0695;136000~196999;2
13340;*;*;9~16;6.404210526;1.103157895;1516;475;3.5348~7.0695;136000~196999;2
13341;*;*;9~16;6.966804979;1.045643154;1690;482;3.5348~7.0695;197000~257999;2
13342;*;*;1~16;5.151515152;1.052447552;2373;858;0.0000~3.5347;136000~196999;2
13343;*;*;25~32;3.986486486;1.025337838;2623;592;0.0000~3.5347;75000~135999;2
13344;*;*;25~32;4.212686567;0.936567164;1378;268;0.0000~3.5347;75000~135999;2
13345;*;*;25~32;4.02;1.034285714;1684;350;0.0000~3.5347;75000~135999;2
13346;*;*;9~16;5.525606469;1.029649596;1044;371;3.5348~7.0695;136000~196999;2
13347;*;*;17~24;3.72107438;1.047520661;2556;484;0.0000~3.5347;75000~135999;2
13348;*;*;9~16;5.817850638;1.054644809;2088;549;3.5348~7.0695;136000~196999;2
13349;*;*;9~16;5.880866426;1.119133574;2637;831;3.5348~7.0695;136000~196999;2
13350;*;*;9~16;6.727524205;1.008298755;2780;723;3.5348~7.0695;136000~196999;2
13351;*;*;9~16;7.241086587;0.996604414;2280;589;3.5348~7.0695;136000~196999;2
13352;*;*;9~16;6.347826087;1.064412238;2240;621;3.5348~7.0695;136000~196999;2
13353;*;*;9~16;6.296296296;1.00308642;1207;324;3.5348~7.0695;136000~196999;2
13354;*;*;9~16;5.460365854;1.054878049;1219;328;3.5348~7.0695;136000~196999;2
13355;*;*;9~16;5.907303371;0.97752809;1305;356;3.5348~7.0695;136000~196999;2
13356;*;*;9~16;6.271966527;0.970711297;918;239;3.5348~7.0695;136000~196999;2
13357;*;*;33~40;4.204761905;1.004761905;1007;210;0.0000~3.5347;75000~135999;2
13358;*;*;1~16;5.524832215;1.028187919;1785;745;0.0000~3.5347;136000~196999;2
13359;*;*;9~16;7.181585678;1.113810742;3019;782;3.5348~7.0695;197000~257999;2
13360;*;*;1~32;5.904761905;1.119047619;119;42;0.0000~3.5347;258000~501999;2
13361;*;*;25~32;10.35294118;1.205882353;99;34;3.5348~7.0695;380000~501999;2
13362;*;*;1~16;9;1.285714286;25;7;7.0696~10.6043;*;2
13363;*;*;25~32;6.744966443;1.020134228;513;149;0.0000~3.5347;136000~196999;2
13364;*;*;1~8;5.137037037;0.874074074;855;270;3.5348~7.0695;197000~257999;2
13365;*;*;25~32;6.004901961;0.975490196;717;204;0.0000~3.5347;197000~257999;2
13366;*;*;33~40;5.258823529;1.117647059;2886;85;*;136000~196999;2
13367;*;*;1~8;7.536463536;1.514485514;2801;1001;3.5348~7.0695;197000~257999;2
13368;*;*;1~8;8.543028686;1.480320213;4249;1499;3.5348~7.0695;258000~501999;2
13369;*;*;1~8;7.8553137;1.125480154;2795;781;3.5348~7.0695;197000~257999;2
13370;*;*;1~8;7.107561666;1.139911039;7766;2473;3.5348~7.0695;136000~196999;2
13371;*;*;9~16;5.298245614;0.937343358;1463;399;3.5348~7.0695;14000~135999;2
13372;*;*;17~24;7.50764526;1.165137615;1094;327;3.5348~7.0695;136000~196999;2
13373;*;*;1~8;9.232253086;1.390432099;4436;1296;3.5348~7.0695;136000~196999;2
13374;*;*;1~8;14.36;1.96;119;50;3.5348~7.0695;258000~501999;2
13375;*;*;1~8;6.44469526;1.03724605;2874;886;3.5348~7.0695;197000~257999;2
13376;*;*;1~16;8.437611408;1.05258467;3819;1122;7.0696~10.6043;*;2
13377;*;*;1~8;7.38625;1.090625;5499;1600;3.5348~7.0695;197000~257999;2
13378;*;*;9~16;8.127098321;1.021582734;5669;1668;3.5348~7.0695;258000~501999;2
13379;*;*;9~16;6.559751037;1.031120332;7363;2410;3.5348~7.0695;197000~257999;2
13380;*;*;17~24;6.275913497;1.033557047;4308;1341;3.5348~7.0695;136000~196999;2
13381;*;*;17~24;5.778639104;1.031869078;3954;1161;3.5348~7.0695;136000~196999;2
13382;*;*;9~16;5.412126068;1.045673077;9716;3744;3.5348~7.0695;136000~196999;2
13383;*;*;9~16;5.791438527;1.022896964;6443;2009;3.5348~7.0695;136000~196999;2
13384;*;*;17~24;5.860894942;1.03307393;3360;1028;3.5348~7.0695;136000~196999;2
13385;*;*;1~8;5.664495114;1.035016287;3455;1228;3.5348~7.0695;136000~196999;2
13386;*;*;1~8;4.860127157;1.099000908;2988;1101;3.5348~7.0695;136000~196999;2
13387;*;*;9~16;4.946764092;1.068632568;10323;3832;3.5348~7.0695;14000~135999;2
13388;*;*;17~24;4.073743017;1.156424581;1987;895;0.0000~3.5347;136000~196999;2
13389;*;*;1~8;4.555873926;1.134670487;3359;1396;0.0000~3.5347;14000~135999;2
13390;*;*;25~32;4.075675676;1.081081081;746;185;0.0000~3.5347;75000~135999;2
13391;*;*;9~16;4802;0.93;1757;500;3.5348~7.0695;14000~135999;2
13392;*;*;1~8;4.879818594;1.315192744;1083;441;0.0000~3.5347;14000~135999;2
13393;*;*;9~16;6.104609929;0.996453901;2130;564;3.5348~7.0695;136000~196999;2
13394;*;*;9~16;5.971428571;1.065306122;881;245;3.5348~7.0695;136000~196999;2
13395;*;*;1~8;5.756238004;1.047984645;3182;1042;3.5348~7.0695;136000~196999;2
13396;*;*;1~8;5.395330739;1.020233463;3845;1285;3.5348~7.0695;136000~196999;2
13397;*;*;17~24;4.895196507;1.137991266;4028;1145;0.0000~3.5347;75000~135999;2
13398;*;*;1~8;4.770742358;1.065502183;1379;458;3.5348~7.0695;14000~135999;2
13399;*;*;1~8;6.795894428;1.053372434;5804;1705;3.5348~7.0695;136000~196999;2
13400;*;*;1~8;5.564485981;1.000934579;3567;1070;0.0000~3.5347;14000~135999;2
13401;*;*;9~16;5.760820046;1.099088838;3388;878;3.5348~7.0695;14000~135999;2
13402;*;*;9~16;6;1.100840336;381;119;0.0000~3.5347;75000~135999;2
13403;*;*;1~8;6.794212219;1.136334405;5690;1555;3.5348~7.0695;136000~196999;2
13404;*;*;33~40;4.472906404;1.113300493;667;203;0.0000~3.5347;75000~135999;2
13405;*;*;1~8;5.362804878;1.442073171;1064;328;0.0000~3.5347;14000~135999;2
13406;*;*;1~8;4.768218623;0.974696356;3310;988;3.5348~7.0695;14000~135999;2
13407;*;*;25~32;5.465517241;1.086206897;2612;580;3.5348~7.0695;14000~135999;2
13408;*;*;25~32;5.689655172;1.131034483;1124;290;0.0000~3.5347;75000~135999;2
13409;*;*;25~32;4.546719682;1.055666004;1796;503;0.0000~3.5347;75000~135999;2
13410;*;*;17~24;5.455840456;1.068376068;2767;702;3.5348~7.0695;14000~135999;2
13411;*;*;17~24;4.914330218;0.890965732;2482;642;0.0000~3.5347;75000~135999;2
13412;*;*;25~32;5.652941176;1.123529412;1565;340;3.5348~7.0695;14000~135999;2
13413;*;*;17~24;5.137254902;1.092436975;1253;357;0.0000~3.5347;75000~135999;2
13414;*;*;17~24;5.438502674;1.213903743;568;187;0.0000~3.5347;75000~135999;2
13415;*;*;25~32;5.80733945;1.135321101;1305;436;0.0000~3.5347;136000~196999;2
13416;*;*;17~24;6.508045977;1.098850575;1582;435;3.5348~7.0695;136000~196999;2
13417;*;*;33~40;6.021834061;1.192139738;884;229;0.0000~3.5347;75000~135999;2
13418;*;*;17~24;7.644329897;1.283505155;660;194;3.5348~7.0695;197000~257999;2
13419;*;*;1~8;5.942942943;0.998498498;2456;666;3.5348~7.0695;136000~196999;2
13420;*;*;1~8;5.424050633;1.026898734;2158;632;3.5348~7.0695;136000~196999;2
13421;*;*;1~8;5.495446266;1.06557377;3527;1098;3.5348~7.0695;136000~196999;2
13422;*;*;1~8;7.316657192;1.316088687;5820;1759;3.5348~7.0695;136000~196999;2
13423;*;*;9~16;7.290148448;1.007422402;5221;1482;3.5348~7.0695;136000~196999;2
13424;*;*;1~8;7.976377953;1.223097113;5020;1524;3.5348~7.0695;136000~196999;2
13425;*;*;9~16;7.047808765;1.011952191;1778;251;3.5348~7.0695;136000~196999;2
13426;*;*;9~16;2.539473684;0.592105263;312;76;3.5348~7.0695;136000~196999;2
13427;*;*;1~8;5.4604811;1.068728522;4052;1164;0.0000~3.5347;14000~135999;2
13428;*;*;9~16;4.764444444;1.13;3156;900;0.0000~3.5347;75000~135999;2
13429;*;*;1~8;4.827556326;1.140381282;4048;1154;0.0000~3.5347;14000~135999;2
13430;*;*;25~32;6.06980057;1.272079772;2319;702;0.0000~3.5347;75000~135999;2
13431;*;*;17~24;5.359838275;1.090296496;2231;742;3.5348~7.0695;14000~135999;2
13432;*;*;33~48;4.637931034;0.913793103;834;290;3.5348~7.0695;14000~135999;2
13433;*;*;17~24;5.267948718;1.133333333;2544;780;0.0000~3.5347;75000~135999;2
13434;*;*;41~48;5.18579235;1.142076503;971;366;0.0000~3.5347;75000~135999;2
13435;*;*;41~48;4.624641834;1.146131805;926;349;0.0000~3.5347;75000~135999;2
13436;*;*;17~24;4.61752988;1.103585657;2541;753;0.0000~3.5347;75000~135999;2
13437;*;*;9~16;4.606914213;1.060179257;2588;781;0.0000~3.5347;75000~135999;2
13438;*;*;9~16;5.121304791;1.011213048;3208;981;3.5348~7.0695;14000~135999;2
13439;*;*;25~32;6.105162524;1.003824092;1750;523;3.5348~7.0695;14000~135999;2
13440;*;*;25~32;5.18018018;0.943693694;1312;444;0.0000~3.5347;75000~135999;2
13441;*;*;25~32;5.960966543;1.040892193;1582;538;3.5348~7.0695;14000~135999;2
13442;*;*;17~24;5.535776614;1.102966841;1621;573;0.0000~3.5347;75000~135999;2
13443;*;*;17~24;5.315852205;1.108462455;2657;839;0.0000~3.5347;75000~135999;2
13444;*;*;9~16;4.477919529;1.164867517;2475;1019;0.0000~3.5347;75000~135999;2
13445;*;*;17~24;5.517515924;1.017515924;2292;628;0.0000~3.5347;75000~135999;2
13446;*;*;17~24;4906;1074;1503;500;0.0000~3.5347;75000~135999;2
13447;*;*;9~16;5.283815481;1.211884285;3204;1279;0.0000~3.5347;75000~135999;2
13448;*;*;1~8;6.080049261;1.40270936;2204;812;0.0000~3.5347;14000~135999;2
13449;*;*;17~24;5.030555556;0.926388889;2503;720;3.5348~7.0695;14000~135999;2
13450;*;*;33~48;5.153846154;0.969899666;861;299;3.5348~7.0695;14000~135999;2
13451;*;*;17~24;5.769230769;1.026223776;1896;572;3.5348~7.0695;14000~135999;2
13452;*;*;25~32;5.383399209;0.992094862;776;253;0.0000~3.5347;75000~135999;2
13453;*;*;25~32;5.261842105;1.015789474;2602;760;3.5348~7.0695;14000~135999;2
13454;*;*;9~16;5.140957447;0.92287234;1443;376;3.5348~7.0695;14000~135999;2
13455;*;*;1~8;6.158762887;0.942268041;1821;485;3.5348~7.0695;136000~196999;2
13456;*;*;9~16;5.533980583;0.878640777;627;206;3.5348~7.0695;14000~135999;2
13457;*;*;33~40;5.443636364;0.96;894;275;0.0000~3.5347;75000~135999;2
13458;*;*;25~32;4.809379728;1.001512859;1878;661;0.0000~3.5347;75000~135999;2
13459;*;*;9~16;5.817004049;1.227530364;4862;1235;0.0000~3.5347;75000~135999;2
13460;*;*;17~24;4.347826087;0.917391304;572;230;0.0000~3.5347;75000~135999;2
13461;*;*;9~16;6.021621622;1.075675676;1316;370;3.5348~7.0695;14000~135999;2
13462;*;*;9~16;5.692156863;1;1844;510;3.5348~7.0695;14000~135999;2
13463;*;*;17~24;5.840958606;1.023965142;1621;459;3.5348~7.0695;14000~135999;2
13464;*;*;17~24;5.041825095;1.140684411;722;263;0.0000~3.5347;75000~135999;2
13465;*;*;1~16;4.866323907;1.267352185;1054;389;0.0000~3.5347;136000~196999;2
13466;*;*;17~24;5.477022059;1.110294118;4115;1088;0.0000~3.5347;75000~135999;2
13467;*;*;1~8;6.315855181;0.973782772;3253;801;3.5348~7.0695;136000~196999;2
13468;*;*;1~8;5.455172414;1.124137931;2184;725;0.0000~3.5347;14000~135999;2
13469;*;*;25~32;6.097807757;1.064080944;2131;593;0.0000~3.5347;75000~135999;2
13470;*;*;17~24;4.643020595;0.924485126;1190;437;0.0000~3.5347;75000~135999;2
13471;*;*;9~16;5.486486486;1.099420849;3095;1036;3.5348~7.0695;14000~135999;2
13472;*;*;1~8;4.94017094;0.816239316;910;234;3.5348~7.0695;14000~135999;2
13473;*;*;49~56;3125;0.5625;60;16;*;258000~318999;2
13474;*;*;1~8;5.705276705;1.178893179;4775;1554;3.5348~7.0695;14000~135999;2
13475;*;*;1~8;6.427829699;1.031152648;3615;963;3.5348~7.0695;14000~135999;2
13476;*;*;9~16;6.154506438;1.013948498;3528;932;3.5348~7.0695;14000~135999;2
13477;*;*;9~16;6.086687307;1.024767802;1118;323;3.5348~7.0695;14000~135999;2
13478;*;*;25~32;5.80334728;1.158995816;664;239;0.0000~3.5347;75000~135999;2
13479;*;*;25~32;5.196750903;1.189530686;1661;554;0.0000~3.5347;75000~135999;2
13480;*;*;41~48;4.933806147;1.056737589;1270;423;0.0000~3.5347;75000~135999;2
13481;*;*;9~16;5.042962963;1.266666667;1656;675;0.0000~3.5347;75000~135999;2
13482;*;*;17~24;6.358511838;1.002254791;3157;887;3.5348~7.0695;14000~135999;2
13483;*;*;33~40;5.902584493;1.035785288;1555;503;0.0000~3.5347;75000~135999;2
13484;*;*;25~32;6.23046875;1.109375;1614;512;3.5348~7.0695;14000~135999;2
13485;*;*;17~24;5.865269461;1.040918164;3114;1002;3.5348~7.0695;14000~135999;2
13486;*;*;25~32;7.101449275;1.032608696;1862;552;3.5348~7.0695;14000~135999;2
13487;*;*;25~32;4.636513158;1.047697368;1683;608;0.0000~3.5347;75000~135999;2
13488;*;*;25~32;5.290388548;1.085889571;1227;489;0.0000~3.5347;75000~135999;2
13489;*;*;33~48;5.633136095;1.014792899;1366;338;3.5348~7.0695;14000~135999;2
13490;*;*;17~24;6.083333333;1.102713178;1612;516;0.0000~3.5347;75000~135999;2
13491;*;*;17~24;5.79893617;1.072340426;3533;940;3.5348~7.0695;14000~135999;2
13492;*;*;17~24;5.639053254;0.98816568;1550;338;0.0000~3.5347;75000~135999;2
13493;*;*;25~32;5.175531915;0.973404255;1841;564;0.0000~3.5347;75000~135999;2
13494;*;*;1~16;5.569832402;0.972067039;1729;537;0.0000~3.5347;136000~196999;2
13495;*;*;25~32;5.586510264;1.090909091;1480;341;0.0000~3.5347;75000~135999;2
13496;*;*;25~32;4.794029851;1.056716418;1049;335;0.0000~3.5347;14000~74999;2
13497;*;*;25~32;4.721153846;1.067307692;1196;312;0.0000~3.5347;14000~74999;2
13498;*;*;25~32;5.139817629;1.072948328;1457;329;0.0000~3.5347;14000~74999;2
13499;*;*;25~32;4.689458689;1.113960114;1296;351;0.0000~3.5347;14000~74999;2
13500;*;*;33~40;5.270114943;1.129310345;1198;348;0.0000~3.5347;75000~135999;2
13501;*;*;25~32;4.898366606;1.001814882;2086;551;0.0000~3.5347;75000~135999;2
13502;*;*;33~40;6.154121864;1.247311828;1054;279;0.0000~3.5347;14000~74999;2
13503;*;*;41~48;5.340116279;1.188953488;1430;344;0.0000~3.5347;14000~74999;2
13504;*;*;33~40;5.094138544;1.019538188;2055;563;0.0000~3.5347;14000~74999;2
13505;*;*;33~40;4.63312369;1.044025157;1752;477;0.0000~3.5347;14000~74999;2
13506;*;*;33~40;4.421800948;1.037914692;838;211;0.0000~3.5347;14000~74999;2
13507;*;*;25~32;7.508038585;1.167202572;1214;311;0.0000~3.5347;75000~135999;2
13508;*;*;17~24;4.566009105;1.122913505;2317;659;0.0000~3.5347;14000~74999;2
13509;*;*;25~32;5.335714286;1.021428571;991;280;0.0000~3.5347;14000~74999;2
13510;*;*;25~32;3.093457944;0.794392523;341;107;0.0000~3.5347;14000~74999;2
13511;*;*;33~40;4.512345679;1.040123457;1208;324;0.0000~3.5347;14000~74999;2
13512;*;*;41~48;4.551851852;1.118518519;994;270;0.0000~3.5347;14000~74999;2
13513;*;*;33~40;4.691460055;1.060606061;1356;363;0.0000~3.5347;14000~74999;2
13514;*;*;25~32;5.142857143;0.836734694;568;196;0.0000~3.5347;75000~135999;2
13515;*;*;25~32;5.621621622;1.092664093;2188;518;0.0000~3.5347;75000~135999;2
13516;*;*;33~40;5.764383562;1.063013699;1578;365;0.0000~3.5347;75000~135999;2
13517;*;*;9~16;5.144410613;1.063505872;6640;2299;0.0000~3.5347;75000~135999;2
13518;*;*;9~16;5.202608696;1.064347826;3255;1150;0.0000~3.5347;75000~135999;2
13519;*;*;1~8;6.102040816;1.056616195;4916;1519;3.5348~7.0695;14000~135999;2
13520;*;*;9~16;5.691176471;0.897058824;489;136;3.5348~7.0695;197000~257999;2
13521;*;*;17~24;6.170212766;0.962765957;543;188;3.5348~7.0695;136000~196999;2
13522;*;*;17~24;6.304964539;0.929078014;439;141;3.5348~7.0695;136000~196999;2
13523;*;*;25~32;5.392361111;1.046875;1396;576;0.0000~3.5347;75000~135999;2
13524;*;*;25~32;5.127922971;1.221458047;1765;727;0.0000~3.5347;75000~135999;2
13525;*;*;33~40;5.36503856;1.088688946;2127;778;0.0000~3.5347;75000~135999;2
13526;*;*;25~32;6.392857143;1.011904762;1304;420;3.5348~7.0695;14000~135999;2
13527;*;*;25~32;5.668949772;1.308219178;1172;438;0.0000~3.5347;75000~135999;2
13528;*;*;25~32;4.912126538;1.04745167;1650;569;0.0000~3.5347;75000~135999;2
13529;*;*;1~8;4.871772806;1.10757315;2943;1162;3.5348~7.0695;14000~135999;2
13530;*;*;17~24;6.62992126;1;1176;381;3.5348~7.0695;136000~196999;2
13531;*;*;1~8;5.680851064;0.968085106;999;188;3.5348~7.0695;14000~135999;2
13532;*;*;1~8;5.839679359;0.963927856;1584;499;3.5348~7.0695;14000~135999;2
13533;*;*;1~8;4.46780303;1.079545455;2564;1056;0.0000~3.5347;14000~135999;2
13534;*;*;9~16;5.832258065;1.072580645;2189;620;3.5348~7.0695;14000~135999;2
13535;*;*;9~16;4.677631579;0.914473684;316;152;3.5348~7.0695;14000~135999;2
13536;*;*;1~8;5.010462075;1.139494333;2578;1147;0.0000~3.5347;14000~135999;2
13537;*;*;33~48;6.180769231;1.084615385;608;260;3.5348~7.0695;14000~135999;2
13538;*;*;33~40;5.362318841;1.18115942;332;138;0.0000~3.5347;75000~135999;2
13539;*;*;33~40;5.28021978;1.093406593;509;182;0.0000~3.5347;75000~135999;2
13540;*;*;33~40;5.565625;1.046875;841;320;0.0000~3.5347;75000~135999;2
13541;*;*;41~48;5.291814947;0.971530249;972;281;0.0000~3.5347;75000~135999;2
13542;*;*;33~40;4.990074442;1.111662531;1190;403;0.0000~3.5347;75000~135999;2
13543;*;*;33~48;5.20971867;0.984654731;1195;391;3.5348~7.0695;14000~135999;2
13544;*;*;33~48;5.413793103;0.954022989;401;174;3.5348~7.0695;14000~135999;2
13545;*;*;33~40;4.784386617;1.055762082;1047;269;0.0000~3.5347;14000~74999;2
13546;*;*;33~40;4.526104418;1.104417671;971;249;0.0000~3.5347;14000~74999;2
13547;*;*;33~40;4.022792023;0.977207977;1127;351;0.0000~3.5347;14000~74999;2
13548;*;*;33~40;4.480662983;1.085635359;1296;362;0.0000~3.5347;14000~74999;2
13549;*;*;33~40;4.803571429;1.263392857;773;224;0.0000~3.5347;14000~74999;2
13550;*;*;41~48;4375;925;444;120;0.0000~3.5347;14000~74999;2
13551;*;*;33~40;3.810725552;1.012618297;1225;317;0.0000~3.5347;14000~74999;2
13552;*;*;49~56;4.478947368;1;731;190;*;14000~135999;2
13553;*;*;41~48;5.609137056;1.304568528;816;197;0.0000~3.5347;14000~74999;2
13554;*;*;49~56;4.272727273;1.217008798;1238;341;*;14000~135999;2
13555;*;*;41~48;4.299270073;0.948905109;504;137;0.0000~3.5347;14000~74999;2
13556;*;*;25~32;4.425954198;1.152671756;2406;655;0.0000~3.5347;14000~74999;2
13557;*;*;25~32;4.43412527;0.995680346;1737;463;0.0000~3.5347;75000~135999;2
13558;*;*;41~48;4.37704918;0.961748634;711;183;0.0000~3.5347;14000~74999;2
13559;*;*;33~40;4.325102881;1.004115226;745;243;0.0000~3.5347;75000~135999;2
13560;*;*;33~40;4.295819936;1.109324759;1009;311;0.0000~3.5347;14000~74999;2
13561;*;*;25~32;6.488789238;0.957399103;1151;446;3.5348~7.0695;136000~196999;2
13562;*;*;33~48;6.694980695;1.081081081;604;259;3.5348~7.0695;14000~135999;2
13563;*;*;33~48;5.75872093;0.997093023;796;344;3.5348~7.0695;14000~135999;2
13564;*;*;41~48;5.144886364;0.980113636;856;352;0.0000~3.5347;75000~135999;2
13565;*;*;33~40;5.426048565;1.077262693;1135;453;0.0000~3.5347;75000~135999;2
13566;*;*;25~32;4.928143713;1.061876248;1068;501;0.0000~3.5347;75000~135999;2
13567;*;*;33~40;5.095477387;1.145728643;972;398;0.0000~3.5347;75000~135999;2
13568;*;*;25~32;5.411471322;1.072319202;815;401;0.0000~3.5347;75000~135999;2
13569;*;*;33~40;5.682692308;1.052884615;968;416;0.0000~3.5347;75000~135999;2
13570;*;*;49~56;6.57421875;1.0390625;646;256;*;14000~135999;2
13571;*;*;49~56;5.617283951;0.990740741;757;324;*;14000~135999;2
13572;*;*;33~40;4.442190669;1.006085193;1214;493;0.0000~3.5347;75000~135999;2
13573;*;*;41~48;5.009404389;0.984326019;771;319;0.0000~3.5347;75000~135999;2
13574;*;*;41~48;6.43071161;1.149812734;610;267;0.0000~3.5347;75000~135999;2
13575;*;*;33~40;5.832844575;1.175953079;805;341;0.0000~3.5347;75000~135999;2
13576;*;*;33~40;5.862903226;1.052419355;761;248;0.0000~3.5347;75000~135999;2
13577;*;*;41~48;4.775628627;1.098646035;1363;517;0.0000~3.5347;75000~135999;2
13578;*;*;25~32;3.963740458;1.101145038;1418;524;0.0000~3.5347;75000~135999;2
13579;*;*;49~56;5.582582583;1.186186186;968;333;*;14000~135999;2
13580;*;*;49~56;5.327472527;1.16043956;1171;455;*;14000~135999;2
13581;*;*;33~40;3.982689747;1.094540613;2378;751;0.0000~3.5347;14000~74999;2
13582;*;*;33~40;4.139359699;1.152542373;1517;531;0.0000~3.5347;14000~74999;2
13583;*;*;41~48;5.004282655;1.205567452;1238;467;0.0000~3.5347;75000~135999;2
13584;*;*;41~48;4.281376518;1.127530364;1532;494;0.0000~3.5347;14000~74999;2
13585;*;*;41~48;4.734883721;1.213953488;736;215;0.0000~3.5347;14000~74999;2
13586;*;*;41~48;4.796875;1.193359375;1653;512;0.0000~3.5347;14000~74999;2
13587;*;*;41~48;4.280519481;1.122077922;1308;385;0.0000~3.5347;14000~74999;2
13588;*;*;41~48;4.996350365;1.281021898;1046;274;0.0000~3.5347;14000~74999;2
13589;*;*;49~56;4.134517766;1.109137056;1581;394;*;14000~135999;2
13590;*;*;41~48;3.292307692;0.984615385;1586;455;0.0000~3.5347;14000~74999;2
13591;*;*;33~40;3.290849673;1.10620915;1714;612;0.0000~3.5347;75000~135999;2
13592;*;*;33~40;4.139931741;1.220136519;1920;586;0.0000~3.5347;14000~74999;2
13593;*;*;33~40;4.381615599;1.164345404;1258;359;0.0000~3.5347;14000~74999;2
13594;*;*;17~24;2.839622642;0.955188679;844;424;0.0000~3.5347;14000~74999;2
13595;*;*;17~24;4.396969697;1.172727273;1178;330;0.0000~3.5347;14000~74999;2
13596;*;*;49~56;4.615384615;0.846153846;76;13;*;14000~135999;2
13597;*;*;41~48;3.514018692;4.065420561;273;107;0.0000~3.5347;75000~135999;2
13598;*;*;33~40;4.108695652;1.036231884;387;138;0.0000~3.5347;14000~74999;2
13599;*;*;25~32;5.945098039;0.933333333;596;255;3.5348~7.0695;136000~196999;2
13600;*;*;33~48;6.237226277;1.01459854;744;274;3.5348~7.0695;14000~135999;2
13601;*;*;33~48;5.651356994;1.004175365;1595;479;3.5348~7.0695;14000~135999;2
13602;*;*;25~32;5.086206897;1.091954023;990;348;0.0000~3.5347;75000~135999;2
13603;*;*;33~48;5.976315789;1.023684211;1100;380;3.5348~7.0695;14000~135999;2
13604;*;*;25~32;5.336349925;0.992458522;1715;663;3.5348~7.0695;14000~135999;2
13605;*;*;25~32;5.630813953;1.020348837;945;344;3.5348~7.0695;14000~135999;2
13606;*;*;9~16;3.75;375;49;8;3.5348~7.0695;197000~257999;2
13607;*;*;17~24;4.430485762;1.103294249;4523;1791;0.0000~3.5347;75000~135999;2
13608;*;*;17~24;4.524978089;1.077125329;2680;1141;0.0000~3.5347;75000~135999;2
13609;*;*;33~48;6.487179487;1.155555556;1742;585;3.5348~7.0695;14000~135999;2
13610;*;*;33~48;6.191836735;1.048979592;658;245;3.5348~7.0695;14000~135999;2
13611;*;*;33~40;5.889328063;1;705;253;0.0000~3.5347;75000~135999;2
13612;*;*;33~48;5.950718686;1.032854209;1374;487;3.5348~7.0695;14000~135999;2
13613;*;*;33~40;5.12936345;0.969199179;1291;487;0.0000~3.5347;75000~135999;2
13614;*;*;33~40;4.874239351;1.115618661;1234;493;0.0000~3.5347;14000~74999;2
13615;*;*;33~40;4.883495146;1.036061026;2256;721;0.0000~3.5347;75000~135999;2
13616;*;*;25~32;3.930604982;1.131672598;1314;562;0.0000~3.5347;75000~135999;2
13617;*;*;33~40;4.843283582;0.947761194;793;268;0.0000~3.5347;75000~135999;2
13618;*;*;33~40;5.665534805;1.166383701;2388;589;0.0000~3.5347;75000~135999;2
13619;*;*;33~40;6.239130435;1.072463768;381;138;0.0000~3.5347;75000~135999;2
13620;*;*;17~24;4.832037325;1.169517885;2160;643;0.0000~3.5347;14000~74999;2
13621;*;*;25~32;4.739413681;1.043973941;2011;614;0.0000~3.5347;14000~74999;2
13622;*;*;25~32;4.335329341;1.023952096;1514;668;0.0000~3.5347;14000~74999;2
13623;*;*;49~56;3.7265625;0.9609375;943;256;*;14000~135999;2
13624;*;*;25~32;4.471193416;1.152263374;1509;486;0.0000~3.5347;14000~74999;2
13625;*;*;33~40;5.084033613;1.210084034;850;238;0.0000~3.5347;14000~74999;2
13626;*;*;41~48;3.78;0.893333333;565;150;0.0000~3.5347;14000~74999;2
13627;*;*;9~16;4.357142857;1.162946429;3688;896;0.0000~3.5347;75000~135999;2
13628;*;*;25~32;4.505747126;0.954022989;1681;435;0.0000~3.5347;75000~135999;2
13629;*;*;33~40;5.656565657;1.068181818;1394;396;0.0000~3.5347;75000~135999;2
13630;*;*;33~48;5.625310174;1.004962779;1175;403;3.5348~7.0695;14000~135999;2
13631;*;*;25~32;5.063106796;1.111650485;1355;412;0.0000~3.5347;75000~135999;2
13632;*;*;41~48;4.909814324;1.127320955;1100;377;0.0000~3.5347;75000~135999;2
13633;*;*;33~40;5.227272727;0.939393939;730;264;0.0000~3.5347;75000~135999;2
13634;*;*;33~40;5.166841553;1.056663169;3502;953;0.0000~3.5347;75000~135999;2
13635;*;*;33~40;4.307065217;0.9375;1347;368;0.0000~3.5347;75000~135999;2
13636;*;*;25~32;4.76371308;1.05907173;1034;237;0.0000~3.5347;75000~135999;2
13637;*;*;41~48;5.569672131;1.081967213;786;244;0.0000~3.5347;75000~135999;2
13638;*;*;41~48;5.360655738;1.131147541;576;244;0.0000~3.5347;75000~135999;2
13639;*;*;49~56;4.507352941;0.988970588;693;272;*;14000~135999;2
13640;*;*;49~56;6.122137405;1.221374046;564;131;*;14000~135999;2
13641;*;*;25~32;4.715384615;1.146153846;431;130;0.0000~3.5347;14000~74999;2
13642;*;*;41~48;4.274193548;0.991935484;390;124;0.0000~3.5347;14000~74999;2
13643;*;*;41~48;5.26618705;1.071942446;486;139;0.0000~3.5347;14000~74999;2
13644;*;*;33~40;4.967105263;1.032894737;625;152;0.0000~3.5347;14000~74999;2
13645;*;*;41~48;5.230769231;1.120879121;476;91;0.0000~3.5347;14000~74999;2
13646;*;*;41~48;4.821022727;1.099431818;1181;352;0.0000~3.5347;14000~74999;2
13647;*;*;33~40;4.287846482;1.0554371;1528;469;0.0000~3.5347;14000~74999;2
13648;*;*;33~40;4.343195266;1.082840237;2024;676;0.0000~3.5347;14000~74999;2
13649;*;*;25~32;4.690821256;1.183574879;592;207;0.0000~3.5347;75000~135999;2
13650;*;*;33~40;4.143478261;1.004347826;611;230;0.0000~3.5347;75000~135999;2
13651;*;*;1~8;4.149245388;1.179988821;4092;1789;0.0000~3.5347;14000~135999;2
13652;*;*;17~24;5.467261905;1.154761905;727;336;0.0000~3.5347;75000~135999;2
13653;*;*;9~16;6.108108108;1.33976834;825;259;0.0000~3.5347;75000~135999;2
13654;*;*;25~32;6.444155844;0.994805195;1188;385;3.5348~7.0695;14000~135999;2
13655;*;*;1~16;5.195895522;1.076492537;1310;536;0.0000~3.5347;136000~196999;2
13656;*;*;1~8;5.511508951;1.112531969;1039;391;0.0000~3.5347;14000~135999;2
13657;*;*;1~8;4.466539197;1.071701721;2534;1046;0.0000~3.5347;14000~135999;2
13658;*;*;1~8;4.659574468;0.952718676;1336;423;3.5348~7.0695;14000~135999;2
13659;*;*;1~8;5.453947368;0.953947368;868;304;3.5348~7.0695;136000~196999;2
13660;*;*;17~24;6.071672355;0.996587031;1006;293;3.5348~7.0695;14000~135999;2
13661;*;*;17~24;6.130890052;1.052356021;1264;382;3.5348~7.0695;14000~135999;2
13662;*;*;9~16;5.759342302;1.137518685;1685;669;3.5348~7.0695;14000~135999;2
13663;*;*;17~24;6.509933775;0.990066225;786;302;3.5348~7.0695;14000~135999;2
13664;*;*;9~16;5.792270531;0.903381643;629;207;3.5348~7.0695;136000~196999;2
13665;*;*;17~24;5.733333333;0.961403509;899;285;3.5348~7.0695;14000~135999;2
13666;*;*;9~16;5.583219645;1.040245566;3630;1466;3.5348~7.0695;197000~257999;2
13667;*;*;33~40;5.017751479;1.100591716;737;169;0.0000~3.5347;75000~135999;2
13668;*;*;33~40;5.155660377;1.20754717;856;212;0.0000~3.5347;14000~74999;2
13669;*;*;25~32;5.202443281;1.055846422;1784;573;0.0000~3.5347;75000~135999;2
13670;*;*;17~24;4.4643377;1.027656477;2140;687;0.0000~3.5347;75000~135999;2
13671;*;*;17~24;3.483333333;1.1;401;120;0.0000~3.5347;75000~135999;2
13672;*;*;17~24;6.778225806;1.022177419;1520;496;3.5348~7.0695;197000~257999;2
13673;*;*;17~24;5.445179584;1.004725898;2763;1058;3.5348~7.0695;136000~196999;2
13674;*;*;33~40;4.743732591;1.100278552;849;359;*;136000~196999;2
13675;*;*;17~24;3.745014245;1.078347578;3780;1404;0.0000~3.5347;75000~135999;2
13676;*;*;17~24;4.805763074;1.233724653;3264;937;0.0000~3.5347;75000~135999;2
13677;*;*;17~24;5.20145379;1.150571132;2948;963;0.0000~3.5347;75000~135999;2
13678;*;*;1~16;7.995495495;1.054054054;726;222;7.0696~10.6043;*;2
13679;*;*;1~8;6.083687943;0.967375887;1981;705;3.5348~7.0695;136000~196999;2
13680;*;*;9~16;5.01810585;1.094707521;1782;718;0.0000~3.5347;75000~135999;2
13681;*;*;17~24;6.045618247;0.980792317;2084;833;3.5348~7.0695;136000~196999;2
13682;*;*;9~16;5.459745763;1.103813559;956;472;0.0000~3.5347;75000~135999;2
13683;*;*;1~8;4.883196721;1.241803279;1301;488;0.0000~3.5347;14000~135999;2
13684;*;*;17~24;6.106349206;0.965079365;1621;630;3.5348~7.0695;14000~135999;2
13685;*;*;25~32;5.442666667;0.781333333;936;375;3.5348~7.0695;136000~196999;2
13686;*;*;9~16;6.041198502;0.917602996;811;267;3.5348~7.0695;136000~196999;2
13687;*;*;9~16;6.972375691;0.972375691;1139;362;3.5348~7.0695;136000~196999;2
13688;*;*;17~24;7.26171875;0.98046875;747;256;7.0696~10.6043;*;2
13689;*;*;1~16;5.526096033;1.09394572;989;479;0.0000~3.5347;136000~196999;2
13690;*;*;17~24;5.944272446;1.030959752;890;323;3.5348~7.0695;136000~196999;2
13691;*;*;17~24;6.43315508;1.657754011;594;187;0.0000~3.5347;75000~135999;2
13692;*;*;25~32;6.087096774;1.15483871;1913;620;0.0000~3.5347;75000~135999;2
13693;*;*;1~8;4.68907563;1.148109244;2364;952;0.0000~3.5347;14000~135999;2
13694;*;*;9~16;4.561752988;1.167330677;726;251;0.0000~3.5347;14000~74999;2
13695;*;*;9~16;5.134598792;1.147540984;3204;1159;0.0000~3.5347;75000~135999;2
13696;*;*;9~16;6.012030075;1.069172932;1509;665;0.0000~3.5347;75000~135999;2
13697;*;*;33~40;4.846153846;0.984220907;1538;507;0.0000~3.5347;75000~135999;2
13698;*;*;25~32;5.28173913;0.982608696;1834;575;0.0000~3.5347;75000~135999;2
13699;*;*;17~24;5.986440678;1.047457627;1681;590;0.0000~3.5347;75000~135999;2
13700;*;*;25~32;4.475548061;1.124789207;1822;593;0.0000~3.5347;14000~74999;2
13701;*;*;17~24;5.363128492;1.268156425;1161;358;0.0000~3.5347;14000~74999;2
13702;*;*;17~24;4.762295082;0.905737705;995;244;0.0000~3.5347;75000~135999;2
13703;*;*;17~24;4.641935484;1.029032258;699;310;0.0000~3.5347;14000~74999;2
13704;*;*;33~40;4.597457627;1.059322034;1425;472;0.0000~3.5347;75000~135999;2
13705;*;*;25~32;4.803059273;1.141491396;1390;523;0.0000~3.5347;75000~135999;2
13706;*;*;25~32;5.586466165;0.817669173;1972;532;0.0000~3.5347;75000~135999;2
13707;*;*;25~32;4.946902655;1.044247788;1021;339;3.5348~7.0695;14000~135999;2
13708;*;*;25~32;5.320512821;0.978632479;692;234;0.0000~3.5347;75000~135999;2
13709;*;*;25~32;6.252669039;1.081850534;905;281;0.0000~3.5347;75000~135999;2
13710;*;*;1~8;6.053072626;1.072625698;1174;358;3.5348~7.0695;14000~135999;2
13711;*;*;1~16;5.284007353;1.272977941;2382;1088;0.0000~3.5347;136000~196999;2
13712;*;*;1~8;4.602102102;1.039039039;1440;666;0.0000~3.5347;14000~135999;2
13713;*;*;1~8;8.930715935;1.323325635;1275;433;3.5348~7.0695;136000~196999;2
13714;*;*;33~40;6.857142857;1;46;14;*;136000~196999;2
13715;*;*;1~8;8.174479167;1.170833333;6080;1920;3.5348~7.0695;136000~196999;2
13716;*;*;25~32;5.918205805;1.052770449;1464;379;0.0000~3.5347;75000~135999;2
13717;*;*;17~24;4.993927126;1.123481781;1567;494;0.0000~3.5347;75000~135999;2
13718;*;*;1~8;5.767141009;0.971539457;2392;773;3.5348~7.0695;14000~135999;2
13719;*;*;9~16;4.765151515;0.928030303;752;264;0.0000~3.5347;75000~135999;2
13720;*;*;25~32;5.121568627;1.094117647;885;255;0.0000~3.5347;75000~135999;2
13721;*;*;1~8;4.880434783;1.09057971;799;276;0.0000~3.5347;14000~135999;2
13722;*;*;25~32;4.717391304;1.077294686;1284;414;0.0000~3.5347;75000~135999;2
13723;*;*;25~32;4.160714286;1.071428571;432;168;0.0000~3.5347;75000~135999;2
13724;*;*;33~40;4.327433628;1.026548673;1316;339;0.0000~3.5347;14000~74999;2
13725;*;*;33~40;5.217582418;1.098901099;1772;455;0.0000~3.5347;14000~74999;2
13726;*;*;49~56;3.991631799;0.974895397;533;239;*;14000~135999;2
13727;*;*;17~24;4.229224377;1.079639889;2805;1444;0.0000~3.5347;75000~135999;2
13728;*;*;25~32;5.082840237;1.081360947;1323;676;0.0000~3.5347;75000~135999;2
13729;*;*;25~32;5.757183908;1.005747126;1576;696;0.0000~3.5347;136000~196999;2
13730;*;*;41~48;6.352517986;1.035971223;753;278;*;136000~196999;2
13731;*;*;49~56;5.777777778;1.085714286;601;315;*;136000~196999;2
13732;*;*;49~56;4.971938776;1.102040816;767;392;*;14000~135999;2
13733;*;*;33~40;5.66442953;1.05033557;808;298;0.0000~3.5347;75000~135999;2
13734;*;*;33~48;6.161885246;1.020491803;1252;488;3.5348~7.0695;14000~135999;2
13735;*;*;17~24;6.782051282;0.948717949;676;234;3.5348~7.0695;136000~196999;2
13736;*;*;17~24;6.315412186;0.956989247;1132;279;3.5348~7.0695;136000~196999;2
13737;*;*;9~16;7.31026253;1.016706444;1570;419;3.5348~7.0695;197000~257999;2
13738;*;*;1~16;4.373493976;1.15060241;1250;664;0.0000~3.5347;136000~196999;2
13739;*;*;33~40;6.753387534;1.032520325;1003;369;*;136000~196999;2
13740;*;*;33~40;6.716012085;1.090634441;942;331;*;136000~196999;2
13741;*;*;25~32;7.853125;1.0625;900;320;3.5348~7.0695;136000~196999;2
13742;*;*;1~32;5.903448276;0.855172414;395;145;10.6044~16.0000;*;2
13743;*;*;9~16;5.736216216;1.073513514;2630;925;3.5348~7.0695;14000~135999;2
13744;*;*;17~24;5.468386023;1.027454243;2904;1202;0.0000~3.5347;75000~135999;2
13745;*;*;1~8;5.73151751;0.887159533;842;257;3.5348~7.0695;136000~196999;2
13746;*;*;9~16;6.214765101;1.060402685;906;298;3.5348~7.0695;14000~135999;2
13747;*;*;1~8;6.875930521;1.027295285;2506;806;3.5348~7.0695;136000~196999;2
13748;*;*;9~16;6.645652174;1.108695652;1154;460;3.5348~7.0695;136000~196999;2
13749;*;*;25~32;5.788643533;1.015772871;1815;634;3.5348~7.0695;14000~135999;2
13750;*;*;1~8;7.080645161;0.965053763;1173;372;3.5348~7.0695;197000~257999;2
13751;*;*;9~16;6.269565217;0.952173913;633;230;3.5348~7.0695;136000~196999;2
13752;*;*;17~24;7.390804598;1.062068966;1411;435;3.5348~7.0695;136000~196999;2
13753;*;*;17~24;6.069620253;1.069620253;1141;474;3.5348~7.0695;14000~135999;2
13754;*;*;1~16;7.546419098;1.114058355;1172;377;7.0696~10.6043;*;2
13755;*;*;33~40;5.099514563;1.13592233;1997;412;0.0000~3.5347;75000~135999;2
13756;*;*;17~24;4.223659889;1.024029575;1412;541;0.0000~3.5347;75000~135999;2
13757;*;*;25~32;7.471343874;1.038537549;2909;1012;7.0696~10.6043;*;2
13758;*;*;25~32;7.355844156;1.020779221;1033;385;3.5348~7.0695;197000~257999;2
13759;*;*;25~32;7.847633136;1.036982249;1818;676;3.5348~7.0695;197000~257999;2
13760;*;*;33~40;7.18338558;1.015673981;1760;638;*;197000~257999;2
13761;*;*;33~48;8.833333333;1.5;27;12;3.5348~7.0695;14000~135999;2
13762;*;*;17~24;5.264928511;1.068965517;3132;1189;0.0000~3.5347;75000~135999;2
13763;*;*;33~40;5.403846154;1.057692308;151;52;0.0000~3.5347;75000~135999;2
13764;*;*;1~8;6.333333333;1.049382716;1341;486;3.5348~7.0695;136000~196999;2
13765;*;*;33~40;4.678988327;1.052529183;1342;514;0.0000~3.5347;75000~135999;2
13766;*;*;33~40;3.214285714;0.785714286;39;14;*;441000~501999;2
13767;*;*;25~32;6.160493827;1.081481481;1071;405;3.5348~7.0695;136000~196999;2
13768;*;*;1~16;6.853745541;1.196195006;1876;841;0.0000~3.5347;136000~196999;2
13769;*;*;9~16;7.207619048;1.099047619;1615;525;3.5348~7.0695;197000~257999;2
13770;*;*;17~24;7.132471729;1.046849758;1627;619;3.5348~7.0695;136000~196999;2
13771;*;*;25~32;5.878195489;1.007518797;1884;665;3.5348~7.0695;14000~135999;2
13772;*;*;9~16;6.657142857;1.060714286;2419;840;3.5348~7.0695;14000~135999;2
13773;*;*;1~16;8.357664234;1.138686131;957;274;7.0696~10.6043;*;2
13774;*;*;17~24;5.683381089;1.097421203;1518;698;0.0000~3.5347;75000~135999;2
13775;*;*;17~24;5.367875648;1.069948187;2127;772;0.0000~3.5347;75000~135999;2
13776;*;*;17~24;5.923312883;1.07208589;2082;652;0.0000~3.5347;75000~135999;2
13777;*;*;17~24;5.782527881;1.046468401;1453;538;0.0000~3.5347;75000~135999;2
13778;*;*;17~24;5.133858268;1.06167979;1926;762;0.0000~3.5347;75000~135999;2
13779;*;*;17~24;5.045602606;1.052117264;1351;614;0.0000~3.5347;75000~135999;2
13780;*;*;25~32;4.848806366;1.065428824;2645;1131;0.0000~3.5347;75000~135999;2
13781;*;*;17~24;4.178315412;1.086917563;1851;1116;0.0000~3.5347;75000~135999;2
13782;*;*;25~32;4.806709265;1.115015974;1200;626;0.0000~3.5347;75000~135999;2
13783;*;*;25~32;4.653110048;1.066985646;859;418;0.0000~3.5347;75000~135999;2
13784;*;*;25~32;5.140969163;0.975036711;1860;681;0.0000~3.5347;75000~135999;2
13785;*;*;25~32;4.82832618;1.137339056;1760;699;0.0000~3.5347;75000~135999;2
13786;*;*;25~32;5.027496382;1.063675832;1674;691;0.0000~3.5347;75000~135999;2
13787;*;*;33~40;5.960872837;1.231000752;3431;1329;0.0000~3.5347;14000~74999;2
13788;*;*;33~40;5.130244208;1.093926111;6852;1597;0.0000~3.5347;14000~74999;2
13789;*;*;1~8;6.659670165;1.264617691;3767;1334;3.5348~7.0695;136000~196999;2
13790;*;*;1~16;6.402402402;1.124624625;2005;666;0.0000~3.5347;136000~196999;2
13791;*;*;1~8;6.202150538;1.219354839;1396;465;3.5348~7.0695;14000~135999;2
13792;*;*;1~8;6.407602957;1.20063358;3094;947;0.0000~3.5347;14000~135999;2
13793;*;*;1~8;6.541910331;1.169590643;3126;1026;0.0000~3.5347;14000~135999;2
13794;*;*;17~24;6.729591837;1.576530612;486;196;0.0000~3.5347;75000~135999;2
13795;*;*;1~8;4.485172982;1.120263591;3220;1214;0.0000~3.5347;14000~135999;2
13796;*;*;9~16;4.745856354;1.171270718;541;181;0.0000~3.5347;14000~74999;2
13797;*;*;17~24;4.575757576;1.024242424;483;165;0.0000~3.5347;14000~74999;2
13798;*;*;9~16;4.866995074;1.096880131;1853;609;0.0000~3.5347;14000~74999;2
13799;*;*;1~8;5.564150943;1.266037736;1620;530;0.0000~3.5347;14000~135999;2
13800;*;*;1~8;5.541490858;1.074542897;2140;711;0.0000~3.5347;14000~135999;2
13801;*;*;17~24;8.70617284;1.612345679;2197;810;3.5348~7.0695;136000~196999;2
13802;*;*;17~24;11.22844828;1.965517241;1301;464;3.5348~7.0695;136000~196999;2
13803;*;*;33~48;5.97265625;1.3203125;688;256;3.5348~7.0695;14000~135999;2
13804;*;*;33~40;4.900621118;0.98447205;872;322;*;136000~196999;2
13805;*;*;25~32;5.339882122;1.145383104;1472;509;0.0000~3.5347;75000~135999;2
13806;*;*;33~40;4.432926829;1.12804878;1404;492;0.0000~3.5347;14000~74999;2
13807;*;*;33~40;4.050675676;1.185810811;782;296;0.0000~3.5347;14000~74999;2
13808;*;*;33~40;3.842391304;1.244565217;1762;736;0.0000~3.5347;14000~74999;2
13809;*;*;33~40;4.260194175;1.00776699;1326;515;0.0000~3.5347;14000~74999;2
13810;*;*;25~32;5.912556054;1.147982063;1188;446;0.0000~3.5347;14000~74999;2
13811;*;*;25~32;5.866817156;1.124153499;1332;443;0.0000~3.5347;14000~74999;2
13812;*;*;25~32;5.116776316;1.087171053;1530;608;0.0000~3.5347;14000~74999;2
13813;*;*;33~40;5.337110482;1.036827195;1052;353;0.0000~3.5347;14000~74999;2
13814;*;*;33~48;5.23580786;1.135371179;665;229;3.5348~7.0695;14000~135999;2
13815;*;*;1~8;5.939205955;1.129032258;1944;806;0.0000~3.5347;14000~135999;2
13816;*;*;1~8;5.546473303;1.044166117;5146;1517;0.0000~3.5347;14000~135999;2
13817;*;*;17~24;5.376666667;1.086666667;765;300;0.0000~3.5347;75000~135999;2
13818;*;*;9~16;6.239175258;1.146391753;1349;485;0.0000~3.5347;75000~135999;2
13819;*;*;25~32;7.146031746;1.473015873;855;315;0.0000~3.5347;75000~135999;2
13820;*;*;1~8;7.366459627;1.121118012;1017;322;3.5348~7.0695;136000~196999;2
13821;*;*;9~16;8.483263598;1.121338912;1458;478;3.5348~7.0695;136000~196999;2
13822;*;*;9~16;5.902777778;0.966666667;1067;360;3.5348~7.0695;14000~135999;2
13823;*;*;9~16;5.199257426;1.051980198;2378;808;0.0000~3.5347;75000~135999;2
13824;*;*;9~16;5.30952381;1.101190476;2225;840;0.0000~3.5347;75000~135999;2
13825;*;*;25~32;4.818181818;1;186;55;0.0000~3.5347;14000~74999;2
13826;*;*;1~8;5.403641882;1.048558422;2156;659;0.0000~3.5347;14000~135999;2
13827;*;*;1~8;5.609427609;1.069584736;2764;891;0.0000~3.5347;14000~135999;2
13828;*;*;1~8;6.00245098;1.095588235;1217;408;3.5348~7.0695;14000~135999;2
13829;*;*;1~16;6.6875;1.120689655;1283;464;0.0000~3.5347;136000~196999;2
13830;*;*;1~8;6.808510638;1.014893617;1522;470;3.5348~7.0695;136000~196999;2
13831;*;*;9~16;7.593667546;1.064643799;2158;758;3.5348~7.0695;136000~196999;2
13832;*;*;17~24;7.359663866;1.057142857;1720;595;3.5348~7.0695;136000~196999;2
13833;*;*;9~16;6.383606557;1.043715847;2455;915;3.5348~7.0695;136000~196999;2
13834;*;*;1~8;5.389845095;1.073580034;6133;2324;0.0000~3.5347;14000~135999;2
13835;*;*;9~16;6.089795918;1.03537415;2255;735;3.5348~7.0695;14000~135999;2
13836;*;*;9~16;5.742474916;1.050167224;2896;897;0.0000~3.5347;75000~135999;2
13837;*;*;1~8;5.94015748;0.97480315;2097;635;3.5348~7.0695;14000~135999;2
13838;*;*;33~40;4.04679803;1.204433498;1196;406;0.0000~3.5347;14000~74999;2
13839;*;*;25~32;3.579268293;1.097560976;1161;328;0.0000~3.5347;14000~74999;2
13840;*;*;25~32;5.227926078;1.002053388;1338;487;0.0000~3.5347;75000~135999;2
13841;*;*;25~32;5.213151927;1.124716553;1259;441;0.0000~3.5347;75000~135999;2
13842;*;*;17~24;4.65;0.983333333;188;60;0.0000~3.5347;75000~135999;2
13843;*;*;9~16;5.554092192;1.095954845;3489;1063;0.0000~3.5347;75000~135999;2
13844;*;*;9~16;5.519708029;1.039416058;2044;685;0.0000~3.5347;75000~135999;2
13845;*;*;1~8;4.726438699;1.155129274;2447;1199;0.0000~3.5347;14000~135999;2
13846;*;*;9~16;5.975138122;1.082872928;1174;362;0.0000~3.5347;75000~135999;2
13847;*;*;9~16;6.213207547;1.103773585;1678;530;0.0000~3.5347;75000~135999;2
13848;*;*;1~8;7.235448578;1.115536105;7588;2285;3.5348~7.0695;14000~135999;2
13849;*;*;33~40;5.767650834;1.075738126;2335;779;0.0000~3.5347;14000~74999;2
13850;*;*;9~16;5.086092715;1.013245033;1283;604;0.0000~3.5347;75000~135999;2
13851;*;*;17~24;4.529313233;1.169179229;1611;597;0.0000~3.5347;75000~135999;2
13852;*;*;9~16;5.75862069;1.088669951;2845;812;0.0000~3.5347;75000~135999;2
13853;*;*;9~16;5.253763441;0.961290323;883;465;0.0000~3.5347;75000~135999;2
13854;*;*;1~8;4.993464052;1.144880174;2049;918;0.0000~3.5347;14000~135999;2
13855;*;*;1~8;5.49606862;1.104360257;3804;1399;0.0000~3.5347;14000~135999;2
13856;*;*;1~8;5.469267139;1.048463357;2739;846;0.0000~3.5347;14000~135999;2
13857;*;*;1~8;7.003424658;1.171232877;878;292;3.5348~7.0695;136000~196999;2
13858;*;*;1~8;7.464968153;1.117834395;846;314;3.5348~7.0695;136000~196999;2
13859;*;*;1~8;6.619926199;1.018450185;690;271;3.5348~7.0695;136000~196999;2
13860;*;*;1~8;6.674351585;1.085014409;1851;694;3.5348~7.0695;136000~196999;2
13861;*;*;1~8;8.513126492;1.295942721;1133;419;3.5348~7.0695;258000~501999;2
13862;*;*;9~16;5.511976048;1;1606;668;0.0000~3.5347;75000~135999;2
13863;*;*;9~16;5.315656566;1;960;396;0.0000~3.5347;75000~135999;2
13864;*;*;9~16;4.789346247;1.113801453;2756;1239;0.0000~3.5347;75000~135999;2
13865;*;*;9~16;7.045364892;1.16765286;1876;507;3.5348~7.0695;14000~135999;2
13866;*;*;1~8;6.096871847;0.987891019;3031;991;0.0000~3.5347;14000~135999;2
13867;*;*;1~8;6.399267399;1.026556777;3660;1092;3.5348~7.0695;14000~135999;2
13868;*;*;9~16;6.69637883;1.086350975;1074;359;3.5348~7.0695;136000~196999;2
13869;*;*;9~16;5.187285223;1.104810997;1639;582;0.0000~3.5347;75000~135999;2
13870;*;*;9~16;5.906976744;1.011627907;1038;344;3.5348~7.0695;14000~135999;2
13871;*;*;9~16;6.297435897;1.032478632;1767;585;3.5348~7.0695;14000~135999;2
13872;*;*;1~8;5.680952381;1.066666667;2216;630;0.0000~3.5347;14000~135999;2
13873;*;*;9~16;6.402255639;1.026315789;847;266;3.5348~7.0695;14000~135999;2
13874;*;*;1~8;6.111965812;1.106837607;3527;1170;3.5348~7.0695;14000~135999;2
13875;*;*;1~8;4.941455696;1.007120253;3883;1264;0.0000~3.5347;14000~135999;2
13876;*;*;9~16;5.548076923;0.958333333;1056;312;3.5348~7.0695;14000~135999;2
13877;*;*;9~16;4.904397706;1.120458891;3126;1046;0.0000~3.5347;14000~74999;2
13878;*;*;9~16;5.675156175;1.04805382;6716;2081;0.0000~3.5347;75000~135999;2
13879;*;*;1~8;5.938084112;1.012850467;2541;856;3.5348~7.0695;14000~135999;2
13880;*;*;9~16;5.623120301;1.054511278;3515;1064;0.0000~3.5347;75000~135999;2
13881;*;*;9~16;5.896551724;1.05015674;3166;957;0.0000~3.5347;75000~135999;2
13882;*;*;9~16;5.923969072;1.007731959;2534;776;0.0000~3.5347;75000~135999;2
13883;*;*;1~8;6.268671193;1.062075655;3213;1031;0.0000~3.5347;14000~135999;2
13884;*;*;9~16;7.672881356;1.483050847;1640;590;0.0000~3.5347;75000~135999;2
13885;*;*;17~24;5.845132743;1.203539823;754;226;0.0000~3.5347;14000~74999;2
13886;*;*;1~8;3.714285714;1.392857143;132;56;0.0000~3.5347;14000~135999;2
13887;*;*;9~16;7.911764706;1.950980392;246;102;0.0000~3.5347;14000~74999;2
13888;*;*;9~16;6.479423868;1.467078189;1281;486;0.0000~3.5347;14000~74999;2
13889;*;*;1~8;6.931897151;1.211257818;6835;1439;0.0000~3.5347;14000~135999;2
13890;*;*;1~16;5.235714286;1.024404762;11139;1680;0.0000~3.5347;136000~196999;2
13891;*;*;9~16;6.204081633;1.255102041;1403;686;0.0000~3.5347;75000~135999;2
13892;*;*;33~48;7.661016949;1.847457627;184;59;3.5348~7.0695;14000~135999;2
13893;*;*;17~24;4.88981289;1.155925156;1217;481;0.0000~3.5347;14000~74999;2
13894;*;*;9~16;5.641833811;1.163323782;805;349;0.0000~3.5347;14000~74999;2
13895;*;*;17~24;4.423529412;1.145882353;994;425;0.0000~3.5347;14000~74999;2
13896;*;*;9~16;5.65;1.284375;735;320;0.0000~3.5347;14000~74999;2
13897;*;*;9~16;6.047482014;1.389928058;1756;695;0.0000~3.5347;14000~74999;2
13898;*;*;9~16;9.316931983;2.487698987;1586;691;0.0000~3.5347;14000~74999;2
13899;*;*;9~16;7.842767296;1.981132075;433;159;0.0000~3.5347;75000~135999;2
13900;*;*;17~24;8.579212916;2.657921292;2330;991;0.0000~3.5347;14000~74999;2
13901;*;*;9~16;6.444651163;1.422325581;2568;1075;0.0000~3.5347;14000~74999;2
13902;*;*;17~24;5.816199377;1.124610592;758;321;0.0000~3.5347;75000~135999;2
13903;*;*;9~16;5.225366876;1.29769392;2517;954;0.0000~3.5347;14000~74999;2
13904;*;*;9~16;5.791493776;1.191908714;2709;964;0.0000~3.5347;14000~74999;2
13905;*;*;17~24;4.822107081;1.125215889;2250;1158;0.0000~3.5347;14000~74999;2
13906;*;*;17~24;4.984517304;1.123861566;2581;1098;0.0000~3.5347;14000~74999;2
13907;*;*;17~24;5.446617767;1.056234719;2677;1227;0.0000~3.5347;75000~135999;2
13908;*;*;9~16;6.346405229;1.139869281;2098;765;0.0000~3.5347;75000~135999;2
13909;*;*;9~16;5.603174603;1.080357143;2524;1008;0.0000~3.5347;75000~135999;2
13910;*;*;1~8;6575;1.0875;841;320;3.5348~7.0695;14000~135999;2
13911;*;*;17~24;7.781456954;3.099337748;355;151;0.0000~3.5347;14000~74999;2
13912;*;*;25~32;9.161111111;3.411111111;763;360;0.0000~3.5347;14000~74999;2
13913;*;*;25~32;7.705128205;1.858974359;383;156;0.0000~3.5347;14000~74999;2
13914;*;*;9~16;5.742667405;1.289983398;4507;1807;0.0000~3.5347;14000~74999;2
13915;*;*;9~16;6.372469636;1.347503374;4166;1482;0.0000~3.5347;14000~74999;2
13916;*;*;17~24;6.46875;1.376953125;1251;512;0.0000~3.5347;75000~135999;2
13917;*;*;17~24;5375;1.160714286;150;56;0.0000~3.5347;14000~74999;2
13918;*;*;1~8;5.927083333;1.010416667;312;96;3.5348~7.0695;14000~135999;2
13919;*;*;33~40;9.144208038;2.971631206;890;423;0.0000~3.5347;14000~74999;2
13920;*;*;25~32;8.571428571;2.158730159;122;63;0.0000~3.5347;14000~74999;2
13921;*;*;25~32;5.814338235;1.308823529;1358;544;0.0000~3.5347;14000~74999;2
13922;*;*;17~24;6.034482759;1.637931034;119;58;0.0000~3.5347;14000~74999;2
13923;*;*;17~24;16.52267819;4.105831533;1129;463;0.0000~3.5347;75000~135999;2
13924;*;*;9~16;11.88983051;2.718220339;1015;472;0.0000~3.5347;14000~74999;2
13925;*;*;41~48;5.139240506;2.753164557;375;158;0.0000~3.5347;14000~74999;2
13926;*;*;17~24;6.374064838;1.463840399;1005;401;0.0000~3.5347;14000~74999;2
13927;*;*;41~48;5.52398524;1.140221402;787;271;0.0000~3.5347;14000~74999;2
13928;*;*;41~48;6.118483412;1.17535545;580;211;0.0000~3.5347;14000~74999;2
13929;*;*;25~32;5.173277662;0.96868476;1346;479;0.0000~3.5347;14000~74999;2
13930;*;*;9~16;5.201663202;1.191268191;1152;481;0.0000~3.5347;75000~135999;2
13931;*;*;17~24;9.119158879;1.670560748;1388;428;3.5348~7.0695;136000~196999;2
13932;*;*;17~24;10.38666667;1.16;1086;375;0.0000~3.5347;75000~135999;2
13933;*;*;25~32;7.787162162;0.734797297;1569;592;0.0000~3.5347;75000~135999;2
13934;*;*;25~32;11.4159292;2.327433628;323;113;0.0000~3.5347;75000~135999;2
13935;*;*;33~48;9.753554502;2.248815166;1196;422;3.5348~7.0695;14000~135999;2
13936;*;*;9~16;11.02857143;2.00952381;853;315;3.5348~7.0695;14000~135999;2
13937;*;*;33~40;10.04632153;2.059945504;941;367;0.0000~3.5347;75000~135999;2
13938;*;*;9~16;11.09813084;1.971962617;1220;428;3.5348~7.0695;14000~135999;2
13939;*;*;25~32;13.60300429;2.669527897;1177;466;3.5348~7.0695;14000~135999;2
13940;*;*;25~32;22.64634146;3.953658537;1135;410;0.0000~3.5347;75000~135999;2
13941;*;*;33~40;14.77777778;3.222222222;71;27;0.0000~3.5347;14000~74999;2
13942;*;*;1~16;19468;2872;780;250;7.0696~10.6043;*;2
13943;*;*;9~16;28.43214286;4.096428571;879;280;3.5348~7.0695;197000~257999;2
13944;*;*;9~16;17.32291667;2.963541667;527;192;3.5348~7.0695;136000~196999;2
13945;*;*;17~24;20.52069717;3.169934641;1382;459;3.5348~7.0695;197000~257999;2
13946;*;*;9~16;14.85185185;2.651851852;1749;540;3.5348~7.0695;136000~196999;2
13947;*;*;17~24;19.16312057;3.936170213;1062;423;0.0000~3.5347;136000~196999;2
13948;*;*;9~16;16.61176471;2.952941176;703;255;3.5348~7.0695;136000~196999;2
13949;*;*;25~32;10.82142857;2.089285714;1408;504;3.5348~7.0695;136000~196999;2
13950;*;*;17~24;36.71538462;8.053846154;337;130;3.5348~7.0695;14000~135999;2
13951;*;*;17~24;10.32116788;1.846715328;673;274;3.5348~7.0695;136000~196999;2
13952;*;*;1~16;9.532110092;1.596330275;317;109;7.0696~10.6043;*;2
13953;*;*;17~24;9.791139241;2.097046414;1334;474;3.5348~7.0695;14000~135999;2
13954;*;*;17~24;9.880898876;2.092134831;1145;445;3.5348~7.0695;14000~135999;2
13955;*;*;9~16;14.8021978;3.593406593;271;91;3.5348~7.0695;14000~135999;2
13956;*;*;17~24;16.68874172;3.854304636;416;151;0.0000~3.5347;75000~135999;2
13957;*;*;17~24;10.35964912;2.377192982;248;114;3.5348~7.0695;136000~196999;2
13958;*;*;25~32;21.80565371;4.64664311;1300;566;0.0000~3.5347;136000~196999;2
13959;*;*;17~24;11.2306338;2.88028169;1350;568;0.0000~3.5347;75000~135999;2
13960;*;*;1~16;12.36885246;2.143442623;556;244;0.0000~3.5347;136000~196999;2
13961;*;*;9~16;18.97706422;3.651376147;573;218;3.5348~7.0695;197000~257999;2
13962;*;*;9~16;12.1;2.2;230;90;3.5348~7.0695;136000~196999;2
13963;*;*;9~16;16.5505618;3.078651685;622;267;3.5348~7.0695;136000~196999;2
13964;*;*;17~24;29.24864865;5.632432432;441;185;0.0000~3.5347;75000~135999;2
13965;*;*;9~16;36.06060606;7.106060606;309;132;3.5348~7.0695;136000~196999;2
13966;*;*;25~32;26.46596859;5.42408377;410;191;0.0000~3.5347;136000~196999;2
13967;*;*;9~16;16.05701754;3.377192982;567;228;3.5348~7.0695;136000~196999;2
13968;*;*;17~24;10.9205298;2.17218543;382;151;3.5348~7.0695;14000~135999;2
13969;*;*;17~24;9.625344353;2.252066116;2044;726;0.0000~3.5347;75000~135999;2
13970;*;*;17~24;14.74043716;3.333333333;981;366;0.0000~3.5347;75000~135999;2
13971;*;*;1~8;26.51141553;4.703196347;569;219;3.5348~7.0695;136000~196999;2
13972;*;*;9~16;17.40856031;3.861867704;1316;514;0.0000~3.5347;75000~135999;2
13973;*;*;9~16;22.13358779;5.828244275;713;262;0.0000~3.5347;75000~135999;2
13974;*;*;9~16;10.52925532;2.257978723;1064;376;0.0000~3.5347;75000~135999;2
13975;*;*;9~16;11.63297872;2.630319149;1020;376;0.0000~3.5347;75000~135999;2
13976;*;*;9~16;14.67132867;3.13986014;342;143;3.5348~7.0695;14000~135999;2
13977;*;*;17~24;9.012195122;1.524390244;199;82;3.5348~7.0695;14000~135999;2
13978;*;*;49~56;12.90188679;2.932075472;710;265;*;14000~135999;2
13979;*;*;1~8;14;3.333333333;9;3;0.0000~3.5347;14000~135999;2
13980;*;*;33~40;17.26923077;4.980769231;106;52;*;197000~257999;2
13981;*;*;1~16;8.355308219;1.554794521;2933;1168;0.0000~3.5347;136000~196999;2
13982;*;*;25~32;5.885964912;1.456140351;856;114;0.0000~3.5347;14000~74999;2
13983;*;*;25~32;5.930921053;1.302631579;1683;608;0.0000~3.5347;14000~74999;2
13984;*;*;33~40;5.690721649;1.237113402;347;97;0.0000~3.5347;75000~135999;2
13985;*;*;25~32;4.782178218;1.042079208;1156;404;0.0000~3.5347;14000~74999;2
13986;*;*;9~16;6.010771993;1.111310592;1756;557;3.5348~7.0695;14000~135999;2
13987;*;*;17~24;5.970642202;1.227522936;1548;545;0.0000~3.5347;14000~74999;2
13988;*;*;25~32;5.688559322;1125;2778;944;0.0000~3.5347;14000~74999;2
13989;*;*;25~32;5.542234332;1.209809264;1097;367;0.0000~3.5347;14000~74999;2
13990;*;*;9~16;5.298657718;1.097315436;934;298;0.0000~3.5347;14000~74999;2
13991;*;*;25~32;6.861003861;1.185328185;721;259;3.5348~7.0695;14000~135999;2
13992;*;*;17~24;5.502336449;1.091121495;1198;428;3.5348~7.0695;14000~135999;2
13993;*;*;17~24;5.250957854;1.105363985;1551;522;0.0000~3.5347;14000~74999;2
13994;*;*;17~24;5.652985075;1.086753731;2920;1072;0.0000~3.5347;14000~74999;2
13995;*;*;9~16;6.094138544;1.147424512;3562;1126;3.5348~7.0695;14000~135999;2
13996;*;*;17~24;5.304239401;1.104738155;1168;401;0.0000~3.5347;75000~135999;2
13997;*;*;1~8;6.167582418;1.118131868;1016;364;3.5348~7.0695;14000~135999;2
13998;*;*;25~32;5.265217391;1.256521739;611;230;0.0000~3.5347;14000~74999;2
13999;*;*;9~16;6.74;2.04;108;50;0.0000~3.5347;14000~74999;2
14000;*;*;1~8;7.327988338;1.16180758;1869;686;3.5348~7.0695;136000~196999;2
14001;*;*;17~24;4.410041841;1;428;239;0.0000~3.5347;14000~74999;2
14002;*;*;1~8;7.05801105;1.44198895;1938;724;0.0000~3.5347;14000~135999;2
14003;*;*;17~24;5.930153322;1.431005111;1694;587;0.0000~3.5347;75000~135999;2
14004;*;*;17~24;6.674489796;1.429591837;2631;980;0.0000~3.5347;75000~135999;2
14005;*;*;49~56;7.098245614;1.056140351;649;285;*;441000~501999;0
14006;*;*;49~56;6.870535714;0.946428571;535;224;*;380000~440999;0
14007;*;*;49~56;7.673469388;1.06122449;518;196;*;441000~501999;0
14008;*;*;49~56;7.868421053;1.210526316;459;190;*;441000~501999;0
14009;*;*;49~56;6.578199052;1.009478673;513;211;*;380000~440999;0
14010;*;*;49~56;7.188888889;0.972222222;434;180;*;441000~501999;0
14011;*;*;41~48;4.763993949;0.966717095;1160;661;*;319000~379999;0
14012;*;*;33~40;4.936363636;1.069090909;2357;1100;*;197000~257999;0
14013;*;*;33~40;4.539130435;1.069565217;1200;690;*;258000~318999;0
14014;*;*;33~40;4.297551789;1.005649718;918;531;*;258000~318999;0
14015;*;*;49~56;5.233830846;2.164179104;381;201;*;258000~318999;0
14016;*;*;17~24;4.615671642;1.108208955;1107;536;0.0000~3.5347;197000~257999;0
14017;*;*;49~56;3.737470167;1.178997613;643;419;*;136000~196999;0
14018;*;*;49~56;3.421686747;1.052208835;389;249;*;197000~257999;0
14019;*;*;17~24;3.904564315;1.008298755;903;482;0.0000~3.5347;197000~257999;0
14020;*;*;1~32;3.957627119;1.023728814;982;590;0.0000~3.5347;258000~501999;0
14021;*;*;25~32;4.301136364;1.090909091;540;352;0.0000~3.5347;197000~257999;0
14022;*;*;17~24;3.65902965;1.073450135;2496;1484;0.0000~3.5347;197000~257999;0
14023;*;*;33~40;3.642857143;1.13877551;804;490;*;197000~257999;0
14024;*;*;41~48;5.023404255;1.040425532;824;470;*;258000~318999;0
14025;*;*;33~40;4.042813456;1.03058104;1211;654;*;197000~257999;0
14026;*;*;33~40;3.967105263;1.039473684;826;456;*;136000~196999;0
14027;*;*;33~40;4.069915254;1.063559322;811;472;*;136000~196999;0
14028;*;*;33~40;4.306666667;1.102857143;903;525;*;197000~257999;0
14029;*;*;1~16;5.077477477;1.479279279;851;555;0.0000~3.5347;197000~257999;0
14030;*;*;25~32;3.875152999;1.06119951;1332;817;0.0000~3.5347;136000~196999;0
14031;*;*;41~48;4.059625213;1.03407155;962;587;*;258000~318999;0
14032;*;*;25~32;3.897277228;1.02970297;1320;808;0.0000~3.5347;197000~257999;0
14033;*;*;33~40;4.388012618;1.03785489;726;317;*;136000~196999;0
14034;*;*;41~48;4.914473684;1.075657895;689;304;*;136000~196999;0
14035;*;*;1~16;3.717870257;1.111383109;2592;1634;0.0000~3.5347;136000~196999;0
14036;*;*;25~32;3.446397188;0.992970123;1002;569;0.0000~3.5347;75000~135999;0
14037;*;*;25~32;4.085653105;1.098501071;956;467;0.0000~3.5347;75000~135999;0
14038;*;*;33~40;3.754098361;1.075819672;955;488;0.0000~3.5347;75000~135999;0
14039;*;*;17~24;2.155555556;0.973015873;766;630;0.0000~3.5347;136000~196999;0
14040;*;*;17~24;3.625766871;1.162576687;678;326;0.0000~3.5347;136000~196999;0
14041;*;*;25~32;3.8775;1.16;880;400;0.0000~3.5347;75000~135999;0
14042;*;*;25~32;4.352517986;1.087769784;1328;695;0.0000~3.5347;136000~196999;0
14043;*;*;33~40;4.036565978;1.050874404;1308;629;*;136000~196999;0
14044;*;*;25~32;3.98;1.047692308;1246;650;0.0000~3.5347;136000~196999;0
14045;*;*;33~40;3.527667984;0.9743083;965;506;*;136000~196999;0
14046;*;*;25~32;4.281923715;1.077943615;1098;603;0.0000~3.5347;136000~196999;0
14047;*;*;25~32;4;1.062305296;1191;642;0.0000~3.5347;136000~196999;0
14048;*;*;41~48;3.722891566;1.012048193;747;415;*;136000~196999;0
14049;*;*;25~32;3.43373494;1.046686747;1235;664;0.0000~3.5347;136000~196999;0
14050;*;*;33~40;3.743529412;1.084705882;794;425;*;136000~196999;0
14051;*;*;17~24;3.653203343;1.019498607;1283;718;0.0000~3.5347;75000~135999;0
14052;*;*;17~24;4.035509737;1.135166094;1775;873;0.0000~3.5347;136000~196999;0
14053;*;*;17~24;3.886128364;1.074534161;898;483;0.0000~3.5347;75000~135999;0
14054;*;*;25~32;3.658105939;1.077046549;1166;623;0.0000~3.5347;136000~196999;0
14055;*;*;17~24;3.538938053;1.046017699;2051;1130;0.0000~3.5347;75000~135999;0
14056;*;*;25~32;3.835796388;1.077175698;1186;609;0.0000~3.5347;75000~135999;0
14057;*;*;49~56;4.169491525;1;698;354;*;136000~196999;0
14058;*;*;49~56;4.710280374;1;651;321;*;136000~196999;0
14059;*;*;33~40;4.27892562;1.065082645;1936;968;*;136000~196999;0
14060;*;*;33~40;4.56920078;1.064327485;1134;513;0.0000~3.5347;75000~135999;0
14061;*;*;41~48;4.323462415;1.004555809;978;439;*;136000~196999;0
14062;*;*;49~56;4.643867925;0.91745283;877;424;*;136000~196999;0
14063;*;*;17~24;4.367307692;1.157692308;992;520;0.0000~3.5347;136000~196999;0
14064;*;*;9~16;4.134674923;1.120743034;1800;646;0.0000~3.5347;75000~135999;0
14065;*;*;17~24;3.42192691;1.051495017;1251;602;0.0000~3.5347;75000~135999;0
14066;*;*;17~24;3.412621359;1.002427184;850;412;0.0000~3.5347;75000~135999;0
14067;*;*;25~32;3.911971831;1.116197183;1025;568;0.0000~3.5347;75000~135999;0
14068;*;*;17~24;4.137345679;1.106481481;1279;648;0.0000~3.5347;75000~135999;0
14069;*;*;33~40;3.956597222;1.026041667;1250;576;*;136000~196999;0
14070;*;*;41~48;3.804560261;1.048859935;1203;614;0.0000~3.5347;75000~135999;0
14071;*;*;25~32;4125;1.118243243;620;296;0.0000~3.5347;75000~135999;0
14072;*;*;25~32;3.918918919;1.052123552;1014;518;0.0000~3.5347;75000~135999;0
14073;*;*;25~32;3.782837128;1.064798599;1339;571;0.0000~3.5347;75000~135999;0
14074;*;*;25~32;4.039660057;1.031161473;792;353;0.0000~3.5347;75000~135999;0
14075;*;*;25~32;3.489130435;1.089130435;936;460;0.0000~3.5347;136000~196999;0
14076;*;*;17~24;3.642523364;1.079439252;821;428;0.0000~3.5347;136000~196999;0
14077;*;*;41~48;3.718987342;1.065822785;803;395;0.0000~3.5347;75000~135999;0
14078;*;*;41~48;5.667924528;1.026415094;590;265;*;136000~196999;0
14079;*;*;49~56;5.130563798;1.053412463;617;337;*;136000~196999;0
14080;*;*;41~48;5.106598985;1.07106599;893;394;*;136000~196999;0
14081;*;*;41~48;4.700650759;1.006507592;977;461;*;136000~196999;0
14082;*;*;49~56;6.65470852;1.004484305;498;223;*;319000~379999;0
14083;*;*;49~56;6275;0.970833333;478;240;*;258000~318999;0
14084;*;*;49~56;6.275035261;1.002820874;1606;709;*;258000~318999;0
14085;*;*;49~56;6.857894737;1.121052632;883;380;*;258000~318999;0
14086;*;*;33~40;6.020408163;1.090379009;812;343;*;197000~257999;0
14087;*;*;41~48;5.248847926;0.986175115;470;217;*;197000~257999;0
14088;*;*;41~48;5.865761689;1.07239819;1466;663;*;197000~257999;0
14089;*;*;25~32;4.116696589;0.985637343;1108;557;0.0000~3.5347;197000~257999;0
14090;*;*;25~32;4.421686747;1.142168675;934;415;0.0000~3.5347;136000~196999;0
14091;*;*;25~32;4.260233918;1.160818713;672;342;0.0000~3.5347;75000~135999;0
14092;*;*;17~24;4.176360225;1.125703565;1085;533;0.0000~3.5347;75000~135999;0
14093;*;*;17~24;3.60461285;1.014827018;1304;607;0.0000~3.5347;75000~135999;0
14094;*;*;17~24;2.481481481;1.07977208;955;351;0.0000~3.5347;75000~135999;0
14095;*;*;9~16;3.365682138;1.021097046;1905;711;0.0000~3.5347;75000~135999;0
14096;*;*;9~16;3.571111111;1.062222222;1384;450;0.0000~3.5347;75000~135999;0
14097;*;*;17~24;3.527363184;1.091210614;1812;603;0.0000~3.5347;75000~135999;0
14098;*;*;17~24;3.722222222;1.124521073;1329;522;0.0000~3.5347;75000~135999;0
14099;*;*;25~32;3.707865169;1.114606742;882;445;0.0000~3.5347;136000~196999;0
14100;*;*;25~32;3.110831234;0.974811083;816;397;0.0000~3.5347;75000~135999;0
14101;*;*;25~32;3948;1068;619;250;0.0000~3.5347;136000~196999;0
14102;*;*;9~16;3.217506631;1.059681698;1505;754;0.0000~3.5347;75000~135999;0
14103;*;*;17~24;3.697132616;1.091397849;1686;558;0.0000~3.5347;75000~135999;0
14104;*;*;17~24;4.088541667;1.253472222;1848;576;0.0000~3.5347;75000~135999;0
14105;*;*;9~16;3.387412587;1.082517483;2120;715;0.0000~3.5347;75000~135999;0
14106;*;*;17~24;3.776422764;1.119918699;1506;492;0.0000~3.5347;75000~135999;0
14107;*;*;41~48;3.564102564;0.933333333;601;195;0.0000~3.5347;75000~135999;0
14108;*;*;17~24;3.746067416;1.053932584;1292;445;0.0000~3.5347;75000~135999;0
14109;*;*;33~40;3.791814947;1.056939502;1373;562;0.0000~3.5347;75000~135999;0
14110;*;*;9~16;4.050724638;1.120289855;1869;690;0.0000~3.5347;75000~135999;0
14111;*;*;9~16;4.488593156;1.142585551;1831;526;0.0000~3.5347;75000~135999;0
14112;*;*;25~32;4.503164557;1.018987342;2272;632;0.0000~3.5347;75000~135999;0
14113;*;*;25~32;3.657754011;1.016042781;665;187;0.0000~3.5347;75000~135999;0
14114;*;*;33~40;4.67219917;1.107883817;621;241;0.0000~3.5347;75000~135999;0
14115;*;*;33~40;4.614754098;1.084699454;1135;366;0.0000~3.5347;75000~135999;0
14116;*;*;17~24;4.381736527;1.053892216;2005;668;0.0000~3.5347;75000~135999;0
14117;*;*;33~48;4.914798206;0.99103139;574;223;3.5348~7.0695;14000~135999;0
14118;*;*;25~32;5.163398693;1.024509804;1628;612;3.5348~7.0695;14000~135999;0
14119;*;*;25~32;3.851926978;1.107505071;1620;493;0.0000~3.5347;75000~135999;0
14120;*;*;17~24;4.206989247;1.047043011;2472;744;0.0000~3.5347;75000~135999;0
14121;*;*;17~24;3.989648033;1.082815735;3555;966;0.0000~3.5347;75000~135999;0
14122;*;*;25~32;3.964205817;1.118568233;1389;447;0.0000~3.5347;75000~135999;0
14123;*;*;9~16;3.859375;1.0703125;1528;512;0.0000~3.5347;75000~135999;0
14124;*;*;17~24;3.592380952;1.116190476;1134;525;0.0000~3.5347;75000~135999;0
14125;*;*;9~16;3.666666667;1.082508251;930;303;0.0000~3.5347;75000~135999;0
14126;*;*;9~16;4.148063781;1.175398633;1385;439;0.0000~3.5347;75000~135999;0
14127;*;*;17~24;3.439226519;1.038674033;1230;362;0.0000~3.5347;75000~135999;0
14128;*;*;25~32;3.080808081;0.987373737;1286;396;0.0000~3.5347;75000~135999;0
14129;*;*;17~24;3.658064516;1.08172043;1482;465;0.0000~3.5347;75000~135999;0
14130;*;*;9~16;3.526605505;1.058715596;1595;545;0.0000~3.5347;75000~135999;0
14131;*;*;17~24;3.109489051;1.087591241;1639;548;0.0000~3.5347;75000~135999;0
14132;*;*;1~16;4.805714286;1.038095238;1297;525;0.0000~3.5347;136000~196999;0
14133;*;*;33~40;5.133587786;1.047709924;1219;524;*;136000~196999;0
14134;*;*;1~16;3.929667519;1.088235294;2000;782;0.0000~3.5347;136000~196999;0
14135;*;*;9~16;5.370542636;1.16124031;1687;645;0.0000~3.5347;75000~135999;0
14136;*;*;33~40;4.5;0.983568075;1181;426;0.0000~3.5347;75000~135999;0
14137;*;*;33~40;4.883408072;1.020179372;1193;446;0.0000~3.5347;75000~135999;0
14138;*;*;33~40;5.009615385;0.985576923;589;208;0.0000~3.5347;75000~135999;0
14139;*;*;25~32;4.606334842;1.133484163;1263;442;0.0000~3.5347;75000~135999;0
14140;*;*;17~24;4.305194805;1.0995671;1452;462;0.0000~3.5347;75000~135999;0
14141;*;*;25~32;4.060240964;1.070567986;2067;581;0.0000~3.5347;75000~135999;0
14142;*;*;17~24;4.403536977;1.136655949;2004;622;0.0000~3.5347;75000~135999;0
14143;*;*;41~48;4.181052632;0.993684211;1472;475;0.0000~3.5347;75000~135999;0
14144;*;*;33~40;4.894894895;1.010510511;1784;666;0.0000~3.5347;75000~135999;0
14145;*;*;33~48;5.355305466;1.033762058;1903;622;3.5348~7.0695;14000~135999;0
14146;*;*;33~40;4.68226601;0.965517241;1099;406;0.0000~3.5347;75000~135999;0
14147;*;*;33~40;6.289473684;1.109649123;753;228;0.0000~3.5347;75000~135999;0
14148;*;*;33~48;4.969957082;0.935622318;619;233;3.5348~7.0695;14000~135999;0
14149;*;*;17~24;4.076388889;1.059722222;1953;720;0.0000~3.5347;75000~135999;0
14150;*;*;17~24;5.108433735;1.12908778;1149;581;0.0000~3.5347;136000~196999;0
14151;*;*;17~24;3.923404255;1.021276596;1524;235;0.0000~3.5347;197000~257999;0
14152;*;*;1~32;5.680890538;0.807050093;1263;539;0.0000~3.5347;258000~501999;0
14153;*;*;25~32;6.993464052;1.013071895;426;153;3.5348~7.0695;197000~257999;0
14154;*;*;33~40;5.233100233;0.918414918;1849;429;*;136000~196999;0
14155;*;*;33~40;6.154723127;1;1495;614;*;136000~196999;0
14156;*;*;41~48;4.807894737;0.994736842;880;380;*;136000~196999;0
14157;*;*;25~32;5.099087353;1.106910039;1580;767;0.0000~3.5347;136000~196999;0
14158;*;*;25~32;4.714285714;0.980694981;606;259;0.0000~3.5347;136000~196999;0
14159;*;*;25~32;4.410652921;1.072164948;1255;582;0.0000~3.5347;136000~196999;0
14160;*;*;17~24;3.961119751;1.220839813;1199;643;0.0000~3.5347;136000~196999;0
14161;*;*;17~24;4.232018561;1.03712297;962;431;0.0000~3.5347;136000~196999;1
14162;*;*;17~24;4.664233577;1.208029197;1200;548;0.0000~3.5347;136000~196999;0
14163;*;*;17~24;3.905335628;1.17383821;1329;581;0.0000~3.5347;136000~196999;0
14164;*;*;33~40;4.942857143;1.065714286;730;350;*;136000~196999;0
14165;*;*;33~40;4.68879668;0.946058091;699;241;*;136000~196999;0
14166;*;*;25~32;4.623067776;0.983353151;3868;841;0.0000~3.5347;136000~196999;0
14167;*;*;33~40;5.260416667;1.016369048;1568;672;*;136000~196999;0
14168;*;*;33~40;5.284629981;1.09487666;1275;527;*;136000~196999;0
14169;*;*;33~40;5.571942446;1.035971223;636;278;*;136000~196999;0
14170;*;*;41~48;5.270949721;1.002793296;795;358;*;136000~196999;0
14171;*;*;33~40;4.721442886;0.953907816;1231;499;*;136000~196999;0
14172;*;*;17~24;3.338114754;1.202868852;1012;488;0.0000~3.5347;136000~196999;0
14173;*;*;33~40;5.18974359;1.115384615;1030;390;*;136000~196999;0
14174;*;*;33~40;4.235690236;1.028619529;1317;594;0.0000~3.5347;75000~135999;0
14175;*;*;33~40;5.597911227;1.01305483;1003;383;*;136000~196999;0
14176;*;*;17~24;6.346570397;1.032490975;987;277;3.5348~7.0695;136000~196999;0
14177;*;*;25~32;4.895074946;1.002141328;1741;467;0.0000~3.5347;75000~135999;0
14178;*;*;33~40;5.44;1.055555556;1268;450;0.0000~3.5347;75000~135999;0
14179;*;*;33~48;5.917525773;1.063573883;1884;582;3.5348~7.0695;14000~135999;0
14180;*;*;25~32;5.348697395;1.03006012;1626;499;0.0000~3.5347;75000~135999;0
14181;*;*;33~40;5.033994334;1.045325779;1158;353;0.0000~3.5347;75000~135999;0
14182;*;*;25~32;4.848101266;1.077757685;1947;553;0.0000~3.5347;75000~135999;0
14183;*;*;33~40;4.44911147;1.053311793;2263;619;0.0000~3.5347;75000~135999;0
14184;*;*;33~40;5.29390681;0.946236559;852;279;0.0000~3.5347;75000~135999;0
14185;*;*;33~40;5.802666667;1.114666667;1301;375;0.0000~3.5347;75000~135999;0
14186;*;*;33~40;5.364795918;0.994897959;1279;392;0.0000~3.5347;75000~135999;0
14187;*;*;17~24;4.791773779;0.997429306;1498;389;3.5348~7.0695;14000~135999;0
14188;*;*;9~16;4.663424125;1.017509728;1566;514;3.5348~7.0695;136000~196999;0
14189;*;*;25~32;4.230326296;1.147792706;1656;521;0.0000~3.5347;75000~135999;0
14190;*;*;25~32;5.955523673;1.180774749;2822;697;0.0000~3.5347;75000~135999;0
14191;*;*;9~16;5.941935484;0.980645161;1914;465;3.5348~7.0695;136000~196999;0
14192;*;*;17~24;5.577608142;1.03307888;1766;393;3.5348~7.0695;14000~135999;0
14193;*;*;9~16;5.250332889;0.981358189;3280;751;3.5348~7.0695;136000~196999;0
14194;*;*;25~32;5.488033299;1.031217482;3727;961;3.5348~7.0695;14000~135999;0
14195;*;*;25~32;5.560810811;1.027027027;2266;592;0.0000~3.5347;75000~135999;0
14196;*;*;33~40;5.017656501;1.006420546;2300;623;0.0000~3.5347;75000~135999;0
14197;*;*;33~40;5.426573427;1.034965035;1684;429;0.0000~3.5347;75000~135999;0
14198;*;*;17~24;5.321944809;0.978975033;2870;761;3.5348~7.0695;14000~135999;0
14199;*;*;17~24;5.670781893;1.061728395;1849;486;3.5348~7.0695;14000~135999;0
14200;*;*;17~24;6.107806691;1.05204461;1134;269;3.5348~7.0695;14000~135999;0
14201;*;*;25~32;5.050713154;0.938193344;2082;631;3.5348~7.0695;14000~135999;0
14202;*;*;25~32;6.012953368;1.031088083;1434;386;0.0000~3.5347;75000~135999;0
14203;*;*;1~8;5.396103896;1.025974026;740;154;3.5348~7.0695;136000~196999;0
14204;*;*;9~16;5.735849057;1.01509434;1250;265;3.5348~7.0695;136000~196999;0
14205;*;*;9~16;4.548387097;0.961290323;718;155;3.5348~7.0695;136000~196999;0
14206;*;*;9~16;4.736363636;1.009090909;491;110;3.5348~7.0695;136000~196999;0
14207;*;*;17~24;4.143884892;1.028776978;2010;556;0.0000~3.5347;75000~135999;0
14208;*;*;25~32;5.158501441;1.025936599;1286;347;3.5348~7.0695;14000~135999;0
14209;*;*;1~8;5.496458087;1.005312869;7302;1694;3.5348~7.0695;136000~196999;0
14210;*;*;17~24;5.503731343;0.996268657;1149;268;3.5348~7.0695;136000~196999;0
14211;*;*;33~40;5.089347079;1.089347079;1080;291;0.0000~3.5347;75000~135999;0
14212;*;*;33~40;5.240384615;1.093406593;2945;728;0.0000~3.5347;75000~135999;0
14213;*;*;17~24;4.881773399;1.034482759;695;203;3.5348~7.0695;136000~196999;0
14214;*;*;41~48;5.205078125;1.005859375;1664;512;0.0000~3.5347;75000~135999;0
14215;*;*;25~32;5.543835616;1.032876712;2353;730;3.5348~7.0695;14000~135999;0
14216;*;*;33~48;6.540229885;1.111111111;1761;522;3.5348~7.0695;14000~135999;0
14217;*;*;25~32;5.316981132;0.987421384;2842;795;3.5348~7.0695;136000~196999;0
14218;*;*;17~24;5.030821918;0.941780822;1010;292;3.5348~7.0695;136000~196999;0
14219;*;*;9~16;6.414201183;1.014792899;1589;338;3.5348~7.0695;136000~196999;0
14220;*;*;33~40;7.150313152;1.066805846;1528;479;*;197000~257999;0
14221;*;*;17~24;5.648471616;1.072052402;1617;458;0.0000~3.5347;75000~135999;0
14222;*;*;17~24;5.493464052;1.029411765;1471;612;3.5348~7.0695;258000~318999;0
14223;*;*;9~16;6.720316623;1.079155673;2118;758;3.5348~7.0695;258000~501999;0
14224;*;*;9~16;5.678062678;0.961538462;2065;702;3.5348~7.0695;258000~501999;0
14225;*;*;1~16;3.204933586;1.05313093;1319;527;0.0000~3.5347;136000~196999;0
14226;*;*;1~16;7.370967742;1.447580645;955;248;0.0000~3.5347;136000~196999;0
14227;*;*;9~16;4.935185185;0.983796296;1345;432;3.5348~7.0695;14000~135999;0
14228;*;*;9~16;5.076923077;1.038461538;943;260;3.5348~7.0695;136000~196999;0
14229;*;*;9~16;4.719346049;0.930517711;2139;734;3.5348~7.0695;136000~196999;0
14230;*;*;1~16;4.126811594;1.038647343;2521;828;0.0000~3.5347;136000~196999;0
14231;*;*;9~16;5.552158273;1.095323741;1530;556;3.5348~7.0695;14000~135999;0
14232;*;*;9~16;4.857512953;0.924870466;1014;386;3.5348~7.0695;14000~135999;0
14233;*;*;1~8;5.229213483;1.101123596;1304;445;0.0000~3.5347;14000~135999;0
14234;*;*;1~8;6.360294118;1.054621849;3031;952;3.5348~7.0695;14000~135999;0
14235;*;*;1~8;5.972014925;0.992537313;2061;536;3.5348~7.0695;136000~196999;0
14236;*;*;9~16;5.395209581;0.976047904;698;167;3.5348~7.0695;136000~196999;0
14237;*;*;1~8;6.307692308;1.017948718;1784;390;3.5348~7.0695;136000~196999;0
14238;*;*;9~16;4.176980198;1.169554455;2357;808;0.0000~3.5347;75000~135999;0
14239;*;*;9~16;4.023148148;1.00462963;887;216;0.0000~3.5347;75000~135999;0
14240;*;*;17~24;4.167820069;1.006920415;1887;578;0.0000~3.5347;75000~135999;0
14241;*;*;17~24;4.012195122;1.048780488;1221;410;0.0000~3.5347;75000~135999;0
14242;*;*;17~24;5.078341014;0.944700461;852;217;0.0000~3.5347;75000~135999;0
14243;*;*;9~16;3.967700258;1.177002584;2812;774;0.0000~3.5347;75000~135999;0
14244;*;*;25~32;3.723529412;0.805882353;525;170;3.5348~7.0695;14000~135999;0
14245;*;*;41~48;4.314655172;1.051724138;1505;464;0.0000~3.5347;75000~135999;0
14246;*;*;9~16;4.339325843;1.060674157;1628;445;0.0000~3.5347;75000~135999;0
14247;*;*;25~32;4.718181818;1.039393939;1948;660;0.0000~3.5347;75000~135999;0
14248;*;*;1~16;4.098984772;0.982233503;1094;394;0.0000~3.5347;136000~196999;0
14249;*;*;33~40;5.260330579;1.016528926;770;242;0.0000~3.5347;75000~135999;0
14250;*;*;33~40;4.892857143;1.071428571;716;224;0.0000~3.5347;75000~135999;0
14251;*;*;25~32;5.278438031;1.008488964;1559;589;3.5348~7.0695;14000~135999;0
14252;*;*;25~32;4.44047619;1.037698413;2061;504;0.0000~3.5347;75000~135999;0
14253;*;*;25~32;5.313664596;1.107142857;2775;644;0.0000~3.5347;75000~135999;0
14254;*;*;25~32;3.9125;1.029166667;1003;240;0.0000~3.5347;75000~135999;0
14255;*;*;25~32;4.71835443;1.101265823;1183;316;0.0000~3.5347;75000~135999;0
14256;*;*;25~32;3.758695652;0.993478261;1673;460;0.0000~3.5347;75000~135999;0
14257;*;*;33~40;4.370689655;1125;1797;464;0.0000~3.5347;75000~135999;0
14258;*;*;33~40;4.332627119;1.063559322;1920;472;0.0000~3.5347;75000~135999;0
14259;*;*;33~40;4.626168224;1.140186916;1626;428;0.0000~3.5347;75000~135999;0
14260;*;*;9~16;3.455696203;1;827;237;0.0000~3.5347;75000~135999;0
14261;*;*;33~40;4.473451327;1.119469027;763;226;0.0000~3.5347;75000~135999;0
14262;*;*;25~32;3.501683502;0.97979798;1054;297;0.0000~3.5347;75000~135999;0
14263;*;*;33~40;4.201986755;1.125827815;1369;302;0.0000~3.5347;75000~135999;0
14264;*;*;33~40;4.75;1;1183;272;0.0000~3.5347;75000~135999;0
14265;*;*;33~40;4.002816901;1.033802817;1418;355;0.0000~3.5347;75000~135999;0
14266;*;*;33~40;3.78807947;0.976821192;1271;302;0.0000~3.5347;75000~135999;0
14267;*;*;33~40;3.998330551;1.046744574;2489;599;0.0000~3.5347;75000~135999;0
14268;*;*;33~40;2.438271605;0.981481481;620;162;0.0000~3.5347;75000~135999;0
14269;*;*;41~48;3.076923077;1.184615385;180;65;0.0000~3.5347;75000~135999;0
14270;*;*;33~40;4.083018868;1.109433962;1146;265;0.0000~3.5347;75000~135999;0
14271;*;*;33~40;3.541125541;0.939393939;953;231;0.0000~3.5347;14000~74999;0
14272;*;*;33~40;4.149390244;1.06097561;1398;328;0.0000~3.5347;75000~135999;0
14273;*;*;33~40;4.320588235;1.176470588;1271;340;0.0000~3.5347;75000~135999;0
14274;*;*;41~48;3.402597403;0.995670996;917;231;0.0000~3.5347;75000~135999;0
14275;*;*;41~48;4.689922481;1.131782946;945;258;0.0000~3.5347;75000~135999;0
14276;*;*;33~40;4.047619048;1.098039216;1286;357;0.0000~3.5347;75000~135999;0
14277;*;*;33~40;3.572727273;1.042424242;1372;330;0.0000~3.5347;14000~74999;0
14278;*;*;33~40;3.912772586;1.031152648;1315;321;0.0000~3.5347;75000~135999;0
14279;*;*;33~40;4.843902439;1.2;760;205;0.0000~3.5347;75000~135999;0
14280;*;*;41~48;3.729641694;1.022801303;1114;307;0.0000~3.5347;75000~135999;0
14281;*;*;41~48;4.674931129;1.137741047;1396;363;0.0000~3.5347;75000~135999;0
14282;*;*;25~32;3.667779633;1.040066778;1784;599;0.0000~3.5347;75000~135999;0
14283;*;*;17~24;3.725663717;0.89380531;396;113;0.0000~3.5347;75000~135999;0
14284;*;*;1~16;3.730474732;1.102603369;1780;653;0.0000~3.5347;136000~196999;0
14285;*;*;17~24;3725;1.208333333;1048;360;0.0000~3.5347;75000~135999;0
14286;*;*;33~40;4.960130187;1.0455655;3093;1229;*;136000~196999;0
14287;*;*;49~56;6.480337079;1.191011236;887;356;*;136000~196999;0
14288;*;*;49~56;5.170351105;0.933680104;1750;769;*;136000~196999;0
14289;*;*;41~48;4.738700565;1.084745763;1457;708;*;136000~196999;0
14290;*;*;49~56;5.339534884;0.995348837;481;215;*;197000~257999;0
14291;*;*;49~56;4.983240223;1.037243948;1181;537;*;197000~257999;0
14292;*;*;49~56;4.742236025;1.049689441;728;322;*;197000~257999;0
14293;*;*;41~48;4.407166124;1.086319218;1531;614;*;136000~196999;0
14294;*;*;41~48;4.778761062;1.115044248;1221;452;*;136000~196999;0
14295;*;*;49~56;4.952380952;0.974603175;757;315;*;197000~257999;0
14296;*;*;49~56;4.638349515;1.007281553;777;412;*;197000~257999;0
14297;*;*;41~48;3.828009828;1.125307125;1227;407;*;136000~196999;0
14298;*;*;17~24;3.141809291;1.034229829;1208;409;0.0000~3.5347;75000~135999;0
14299;*;*;33~40;3.985882353;1.070588235;1467;425;*;136000~196999;0
14300;*;*;25~32;3.456730769;1.206730769;894;208;0.0000~3.5347;75000~135999;0
14301;*;*;41~48;3.845878136;1.23297491;660;279;*;136000~196999;0
14302;*;*;41~48;3.362831858;0.914454277;840;339;*;136000~196999;0
14303;*;*;33~40;3.255784062;1.107969152;2011;778;*;136000~196999;0
14304;*;*;49~56;3.816199377;1.034267913;955;321;*;14000~135999;0
14305;*;*;49~56;3.296296296;1.057239057;975;297;*;14000~135999;0
14306;*;*;49~56;2.836879433;1.109929078;1337;282;*;14000~135999;0
14307;*;*;49~56;4.62962963;4.027777778;480;108;*;14000~135999;0
14308;*;*;33~40;3.777089783;1.00619195;1472;323;0.0000~3.5347;75000~135999;0
14309;*;*;33~40;3.743902439;1.097560976;691;164;0.0000~3.5347;75000~135999;0
14310;*;*;41~48;4.644230769;1.225961538;857;208;0.0000~3.5347;14000~74999;0
14311;*;*;33~40;3.438413361;0.997912317;2176;479;0.0000~3.5347;75000~135999;0
14312;*;*;25~32;3.878787879;1.06969697;1335;330;0.0000~3.5347;75000~135999;0
14313;*;*;33~40;3.258928571;875;463;112;0.0000~3.5347;75000~135999;0
14314;*;*;41~48;3.829931973;0.982993197;1132;294;0.0000~3.5347;75000~135999;0
14315;*;*;33~40;3.882911392;1.044303797;1199;316;0.0000~3.5347;75000~135999;0
14316;*;*;33~40;4.553956835;1.064748201;557;139;0.0000~3.5347;75000~135999;0
14317;*;*;41~48;3.863636364;1.363636364;545;132;0.0000~3.5347;75000~135999;0
14318;*;*;41~48;3.103773585;1.028301887;869;212;0.0000~3.5347;75000~135999;0
14319;*;*;41~48;3.172413793;0.925287356;593;174;0.0000~3.5347;75000~135999;0
14320;*;*;49~56;3.958333333;1.433333333;483;120;*;136000~196999;0
14321;*;*;49~56;2.337209302;1.063953488;557;172;*;14000~135999;0
14322;*;*;49~56;2.759036145;0.891566265;1283;166;*;14000~135999;0
14323;*;*;49~56;2.333333333;0.88172043;531;93;*;136000~196999;0
14324;*;*;49~56;2.340136054;1.204081633;460;147;*;136000~196999;0
14325;*;*;49~56;2.015345269;1.184143223;805;391;*;136000~196999;0
14326;*;*;49~56;2.253333333;1.202666667;1230;375;*;14000~135999;0
14327;*;*;1~32;3.295663601;1.086727989;2066;761;0.0000~3.5347;258000~501999;0
14328;*;*;1~8;3.889235569;1.081123245;951;641;3.5348~7.0695;197000~257999;0
14329;*;*;33~40;2.752212389;1.601769912;206;113;*;136000~196999;0
14330;*;*;25~32;4.128440367;1.211009174;317;109;3.5348~7.0695;136000~196999;0
14331;*;*;49~56;2.647294589;0.871743487;781;499;*;197000~257999;0
14332;*;*;17~24;1.968051118;1.059105431;1184;626;0.0000~3.5347;136000~196999;0
14333;*;*;49~56;2.839160839;1.097902098;821;429;*;197000~257999;0
14334;*;*;25~32;2.760532151;1.044345898;653;451;0.0000~3.5347;197000~257999;0
14335;*;*;49~56;2.853146853;1;313;143;*;14000~135999;0
14336;*;*;41~48;2.733624454;1.11790393;572;229;*;258000~318999;0
14337;*;*;49~56;3.149812734;1.155430712;873;534;*;14000~135999;0
14338;*;*;49~56;3.778904665;1.133874239;906;493;*;136000~196999;0
14339;*;*;49~56;3.538116592;1.091928251;879;446;*;197000~257999;0
14340;*;*;49~56;4.426829268;1.207317073;601;410;*;380000~440999;0
14341;*;*;41~48;3.791556728;1.071240106;692;379;*;380000~501999;0
14342;*;*;33~40;4.907096774;1.04;1567;775;*;319000~379999;0
14343;*;*;33~40;4.582048957;1.05893019;2366;1103;*;258000~318999;0
14344;*;*;49~56;2.5;0.818181818;65;22;*;14000~135999;0
14345;*;*;33~40;3.724358974;1.006410256;298;156;*;197000~257999;0
14346;*;*;33~40;4.144981413;1.17472119;583;269;*;258000~318999;0
14347;*;*;17~24;4.774590164;1.102459016;459;244;0.0000~3.5347;136000~196999;0
14348;*;*;49~56;5;1;13;5;*;136000~196999;0
14349;*;*;1~32;2.553571429;1.044642857;914;672;0.0000~3.5347;258000~501999;0
14350;*;*;41~48;5.5;1.06;1980;550;0.0000~3.5347;75000~135999;0
14351;*;*;1~32;4.062745098;1.047058824;1118;510;0.0000~3.5347;258000~501999;0
14352;*;*;17~24;4.47826087;1.127002288;2147;874;0.0000~3.5347;197000~257999;0
14353;*;*;25~32;3.782608696;1.005434783;384;184;0.0000~3.5347;75000~135999;0
14354;*;*;17~24;4.052013423;1.095637584;1275;596;0.0000~3.5347;75000~135999;0
14355;*;*;25~32;5.609090909;1.018181818;251;110;3.5348~7.0695;136000~196999;0
14356;*;*;1~16;3.895022624;1.126696833;1960;1105;0.0000~3.5347;136000~196999;0
14357;*;*;49~56;6.450777202;0.901554404;468;193;*;319000~379999;0
14358;*;*;49~56;6.752631579;0.910526316;436;190;*;319000~379999;0
14359;*;*;49~56;6.028708134;0.966507177;555;209;*;319000~379999;0
14360;*;*;41~48;5.564755839;1.1507431;1074;471;*;258000~318999;0
14361;*;*;33~40;5.597947761;1.036380597;2654;1072;*;258000~318999;0
14362;*;*;33~40;5.440329218;1.053497942;1640;729;*;258000~318999;0
14363;*;*;33~40;4.567398119;1.070532915;1562;638;*;197000~257999;0
14364;*;*;41~48;4.5625;1.02734375;509;256;*;258000~318999;0
14365;*;*;41~48;4.533333333;0.995238095;392;210;*;197000~257999;0
14366;*;*;41~48;6.470046083;1.055299539;513;217;*;258000~318999;0
14367;*;*;41~48;5.711340206;0.966494845;918;388;*;258000~318999;0
14368;*;*;33~40;6.438746439;1.008547009;809;351;*;380000~440999;0
14369;*;*;33~40;7.743396226;1.083018868;699;265;*;441000~501999;0
14370;*;*;33~40;5.066308244;1.041218638;972;558;*;441000~501999;0
14371;*;*;25~32;6.859967051;1.154859967;1277;607;3.5348~7.0695;380000~501999;0
14372;*;*;33~40;7.150462963;0.997685185;1175;432;*;441000~501999;0
14373;*;*;33~40;6.550600343;1.018867925;1361;583;*;380000~440999;0
14374;*;*;33~40;6.501766784;1.028268551;633;283;*;380000~440999;0
14375;*;*;33~40;6.281622912;1.07398568;2038;419;*;319000~379999;0
14376;*;*;33~40;7.016736402;0.953974895;629;239;*;441000~501999;0
14377;*;*;33~40;6.521994135;0.970674487;821;341;*;380000~440999;0
14378;*;*;41~48;6.120253165;1.028481013;783;316;*;319000~379999;0
14379;*;*;33~40;4.235772358;1.130081301;1785;984;*;197000~257999;0
14380;*;*;33~40;4.096997691;1.103926097;1648;866;*;258000~318999;0
14381;*;*;33~40;4.367541766;1.026252983;755;419;*;258000~318999;0
14382;*;*;33~40;4.244660194;1.066019417;953;515;*;197000~257999;0
14383;*;*;41~48;5.657718121;0.956375839;712;298;*;258000~318999;0
14384;*;*;41~48;5.295373665;0.921708185;667;281;*;319000~379999;0
14385;*;*;33~40;6.205882353;0.941176471;635;272;*;319000~379999;0
14386;*;*;1~16;4.281690141;1.021126761;892;426;0.0000~3.5347;136000~196999;0
14387;*;*;17~24;3.727272727;1.105454545;1131;550;0.0000~3.5347;136000~196999;0
14388;*;*;9~16;5.485074627;1.037313433;299;134;3.5348~7.0695;136000~196999;0
14389;*;*;9~16;5.072727273;1.049350649;798;385;3.5348~7.0695;136000~196999;0
14390;*;*;33~40;4.780621572;0.959780622;1312;547;*;197000~257999;0
14391;*;*;41~48;5.221884498;0.890577508;757;329;*;258000~318999;0
14392;*;*;33~40;4.289393939;1.013636364;1279;660;*;197000~257999;0
14393;*;*;33~40;4.461538462;1.141826923;822;416;*;197000~257999;0
14394;*;*;41~48;4.067484663;1.051124744;1015;489;*;197000~257999;0
14395;*;*;33~40;3.887147335;0.971786834;577;319;*;197000~257999;0
14396;*;*;25~32;3.797860963;1.109090909;1731;935;0.0000~3.5347;197000~257999;0
14397;*;*;33~40;3.928716904;1.071283096;974;491;*;197000~257999;0
14398;*;*;33~40;3.492063492;1.082892416;1057;567;*;197000~257999;0
14399;*;*;33~40;3.153846154;1;645;377;*;197000~257999;0
14400;*;*;33~40;3.226973684;1.029605263;508;304;*;258000~318999;0
14401;*;*;33~40;4.144067797;1.248587571;651;354;*;319000~379999;0
14402;*;*;41~48;4.419512195;1.170731707;458;205;*;319000~379999;0
14403;*;*;33~40;4.894230769;1.368589744;710;312;*;258000~318999;0
14404;*;*;1~32;3.8515625;1.260416667;658;384;0.0000~3.5347;258000~501999;0
14405;*;*;33~40;5068;1.36;442;250;*;441000~501999;0
14406;*;*;1~32;4.167010309;1.080412371;973;485;0.0000~3.5347;258000~501999;0
14407;*;*;33~40;3.996794872;1.105769231;1126;624;*;380000~440999;0
14408;*;*;33~40;5.383371824;1.138568129;836;433;*;441000~501999;0
14409;*;*;17~24;4.708624709;1.086247086;1010;429;0.0000~3.5347;136000~196999;0
14410;*;*;17~24;4.144694534;1.069131833;989;622;3.5348~7.0695;197000~257999;0
14411;*;*;25~32;3.975688817;1.050243112;1082;617;3.5348~7.0695;258000~318999;0
14412;*;*;33~40;4.580555556;0.986111111;746;360;*;319000~379999;0
14413;*;*;41~48;5.171428571;1.026190476;892;420;*;319000~379999;0
14414;*;*;17~24;5.039473684;1.166666667;403;228;3.5348~7.0695;197000~257999;0
14415;*;*;1~32;4.826996198;1.171102662;964;526;0.0000~3.5347;258000~501999;0
14416;*;*;17~24;3.783464567;1.094488189;525;254;0.0000~3.5347;197000~257999;0
14417;*;*;25~32;6.671875;2.159375;566;320;0.0000~3.5347;197000~257999;0
14418;*;*;17~24;6.151943463;2.127208481;508;283;0.0000~3.5347;136000~196999;0
14419;*;*;17~24;3.43231441;1.231441048;525;229;0.0000~3.5347;136000~196999;0
14420;*;*;17~24;3.881873727;1.069246436;1029;491;0.0000~3.5347;136000~196999;0
14421;*;*;17~24;4.001342282;1.171812081;1751;745;0.0000~3.5347;136000~196999;0
14422;*;*;25~32;3.848664688;1.053412463;776;337;0.0000~3.5347;197000~257999;0
14423;*;*;25~32;5.647940075;0.985018727;996;267;3.5348~7.0695;258000~318999;0
14424;*;*;17~24;4.615176152;0.907859079;902;369;3.5348~7.0695;319000~379999;0
14425;*;*;33~40;4.104868914;0.973782772;490;267;*;258000~318999;0
14426;*;*;1~32;3.731934732;1.090909091;731;429;0.0000~3.5347;258000~501999;0
14427;*;*;25~32;3.571923744;1.093587522;1007;577;0.0000~3.5347;197000~257999;0
14428;*;*;25~32;3.642737896;1.051752922;1069;599;0.0000~3.5347;197000~257999;0
14429;*;*;1~32;2.845637584;1.006711409;455;298;0.0000~3.5347;258000~501999;0
14430;*;*;25~32;4.304232804;0.992063492;735;378;3.5348~7.0695;258000~318999;0
14431;*;*;17~24;5.655384615;1.661538462;615;325;3.5348~7.0695;136000~196999;0
14432;*;*;17~24;4.514869888;1.076208178;1011;538;0.0000~3.5347;197000~257999;0
14433;*;*;25~32;3.781671159;1.045822102;724;371;0.0000~3.5347;197000~257999;0
14434;*;*;25~32;3.979976443;1.081272085;1849;849;0.0000~3.5347;197000~257999;0
14435;*;*;25~32;4.302005013;1.093984962;1492;798;0.0000~3.5347;197000~257999;0
14436;*;*;25~32;3.339563863;1.031152648;692;321;0.0000~3.5347;136000~196999;0
14437;*;*;17~24;3.801724138;1.139655172;874;580;3.5348~7.0695;14000~135999;0
14438;*;*;17~24;3.703777336;0.988071571;868;503;0.0000~3.5347;197000~257999;0
14439;*;*;1~32;4.386727689;1.057208238;828;437;0.0000~3.5347;258000~501999;0
14440;*;*;25~32;4.004744958;1.046263345;1513;843;0.0000~3.5347;197000~257999;0
14441;*;*;1~32;4.515037594;1.035714286;1020;532;0.0000~3.5347;258000~501999;0
14442;*;*;33~40;4.598790323;1.02016129;1005;496;*;258000~318999;0
14443;*;*;1~32;3.913461538;1.056089744;1134;624;0.0000~3.5347;258000~501999;0
14444;*;*;25~32;3.747292419;1.057761733;1060;554;0.0000~3.5347;197000~257999;0
14445;*;*;1~32;4.048780488;1.054878049;577;328;0.0000~3.5347;258000~501999;0
14446;*;*;33~40;4.091139241;1.065822785;650;395;*;319000~379999;0
14447;*;*;33~40;7.307392996;1.19844358;598;257;*;441000~501999;0
14448;*;*;25~32;4.203488372;1.119186047;650;344;3.5348~7.0695;380000~501999;0
14449;*;*;33~40;5.275747508;0.96013289;683;301;*;319000~379999;0
14450;*;*;33~40;6.173469388;0.99744898;917;392;*;380000~440999;0
14451;*;*;33~40;5.610942249;1.063829787;765;329;*;258000~318999;0
14452;*;*;33~40;4.02676399;1.094890511;870;411;*;319000~379999;0
14453;*;*;41~48;4.522292994;1.076433121;640;314;*;319000~379999;0
14454;*;*;33~40;4.589242054;1.041564792;805;409;*;380000~440999;0
14455;*;*;33~40;3.864297254;1.054927302;933;619;*;441000~501999;0
14456;*;*;33~40;5.530373832;1.121495327;891;428;*;441000~501999;0
14457;*;*;33~40;5.497164461;1.124763705;1068;529;*;441000~501999;0
14458;*;*;41~48;5.64;976;1175;500;*;380000~501999;0
14459;*;*;41~48;8.363363363;1.168168168;833;333;*;380000~501999;0
14460;*;*;33~40;5.184729064;1.093596059;780;406;*;441000~501999;0
14461;*;*;17~24;4.112227806;1.105527638;1015;597;3.5348~7.0695;380000~501999;0
14462;*;*;25~32;5.123134328;1.623134328;608;268;3.5348~7.0695;380000~501999;0
14463;*;*;1~32;4.22826087;1.257246377;770;552;0.0000~3.5347;258000~501999;0
14464;*;*;17~24;6.786307054;1.053941909;1496;482;3.5348~7.0695;380000~501999;0
14465;*;*;17~24;7.817073171;1.046341463;1083;410;7.0696~10.6043;*;0
14466;*;*;17~24;7.364179104;0.991044776;731;335;7.0696~10.6043;*;0
14467;*;*;1~32;9.020512821;1.097435897;659;195;10.6044~16.0000;*;0
14468;*;*;25~32;7.904761905;1.08008658;978;462;7.0696~10.6043;*;0
14469;*;*;1~32;8.609958506;1.087136929;704;241;10.6044~16.0000;*;0
14470;*;*;25~32;6.566666667;1095;1180;600;3.5348~7.0695;380000~501999;0
14471;*;*;17~24;3.817558299;1.004801097;6303;1458;0.0000~3.5347;197000~257999;0
14472;*;*;25~32;6.359073359;1.007722008;694;259;3.5348~7.0695;258000~318999;0
14473;*;*;17~24;7.352459016;0.948087432;1154;366;7.0696~10.6043;*;0
14474;*;*;25~32;7.367595819;1.047038328;1634;574;3.5348~7.0695;258000~318999;0
14475;*;*;17~24;7.308943089;1.004065041;1573;492;3.5348~7.0695;319000~379999;0
14476;*;*;25~32;6.230414747;0.930875576;654;217;3.5348~7.0695;258000~318999;0
14477;*;*;9~16;5.686403509;1.14254386;901;456;3.5348~7.0695;258000~501999;0
14478;*;*;25~32;6.005970149;0.940298507;872;335;3.5348~7.0695;258000~318999;0
14479;*;*;17~24;8.448369565;1.361413043;949;368;7.0696~10.6043;*;0
14480;*;*;17~24;7.248275862;1.051034483;1773;725;7.0696~10.6043;*;0
14481;*;*;17~24;7.607187113;1.02354399;2036;807;7.0696~10.6043;*;0
14482;*;*;1~32;8.893048128;1.064171123;578;187;10.6044~16.0000;*;0
14483;*;*;33~40;7.825970549;1.050870147;1817;747;*;441000~501999;0
14484;*;*;33~40;8.02259887;1.09039548;469;177;*;441000~501999;0
14485;*;*;25~32;6.578212291;1.06424581;823;358;3.5348~7.0695;380000~501999;0
14486;*;*;1~32;8.267326733;1.084158416;606;202;10.6044~16.0000;*;0
14487;*;*;25~32;5.833667335;1.068136273;1137;499;3.5348~7.0695;380000~501999;0
14488;*;*;25~32;7.760736196;1.438650307;594;326;7.0696~10.6043;*;0
14489;*;*;41~48;6.905882353;1.290196078;480;255;*;380000~501999;0
14490;*;*;17~24;8.470108696;1.29076087;904;368;3.5348~7.0695;380000~501999;0
14491;*;*;17~24;7.906818182;1.018181818;1252;440;7.0696~10.6043;*;0
14492;*;*;17~24;5.876388889;1.011111111;2030;720;3.5348~7.0695;258000~318999;0
14493;*;*;17~24;6.330494037;0.95911414;1788;587;3.5348~7.0695;258000~318999;0
14494;*;*;17~24;6.025817556;1.08605852;1297;581;3.5348~7.0695;258000~318999;0
14495;*;*;25~32;4.140540541;0.989189189;980;555;0.0000~3.5347;197000~257999;0
14496;*;*;9~16;6.534988713;1.124153499;1164;443;3.5348~7.0695;258000~501999;0
14497;*;*;1~16;3.855218855;1.114478114;1034;594;0.0000~3.5347;197000~257999;0
14498;*;*;9~16;5.045180723;1.06626506;604;332;3.5348~7.0695;136000~196999;0
14499;*;*;9~16;4.050675676;1.016891892;510;296;3.5348~7.0695;136000~196999;0
14500;*;*;9~16;6.039007092;1.134751773;587;282;3.5348~7.0695;197000~257999;0
14501;*;*;9~16;2.708803612;1.056433409;648;443;0.0000~3.5347;75000~135999;0
14502;*;*;9~16;4.925867508;1.167192429;1223;634;3.5348~7.0695;136000~196999;0
14503;*;*;1~16;5.405405405;1.092664093;1267;518;0.0000~3.5347;136000~196999;0
14504;*;*;1~16;4.434343434;1.018939394;1835;792;0.0000~3.5347;136000~196999;0
14505;*;*;1~8;3.900622605;1.097940613;7604;4176;3.5348~7.0695;258000~501999;0
14506;*;*;1~8;3.824618736;1.098039216;1599;918;3.5348~7.0695;136000~196999;0
14507;*;*;1~16;4.012886598;0.996134021;1592;776;0.0000~3.5347;136000~196999;0
14508;*;*;1~8;4.622317597;1.174892704;1923;932;3.5348~7.0695;258000~501999;0
14509;*;*;9~16;5.308550186;1.126394052;528;269;3.5348~7.0695;197000~257999;0
14510;*;*;9~16;6.720833333;1.2625;702;240;3.5348~7.0695;136000~196999;1
14511;*;*;9~16;5.097165992;0.963562753;889;247;3.5348~7.0695;136000~196999;1
14512;*;*;1~8;5.469594595;0.918918919;1063;296;3.5348~7.0695;197000~257999;1
14513;*;*;9~16;5.4;0.990804598;1598;435;3.5348~7.0695;136000~196999;1
14514;*;*;9~16;4.643646409;1.052486188;1050;362;3.5348~7.0695;136000~196999;1
14515;*;*;1~8;4.694033935;1.068418172;5006;1827;3.5348~7.0695;136000~196999;1
14516;*;*;1~8;3.709150327;1.046840959;1742;918;0.0000~3.5347;14000~135999;1
14517;*;*;9~16;5;0.917241379;747;290;3.5348~7.0695;136000~196999;1
14518;*;*;9~16;5.607638889;1.005208333;1825;576;3.5348~7.0695;136000~196999;1
14519;*;*;9~16;4.648972603;0.994863014;1619;584;3.5348~7.0695;136000~196999;1
14520;*;*;9~16;4.275177305;1.007092199;2165;705;3.5348~7.0695;136000~196999;1
14521;*;*;9~16;4.682678311;0.633187773;2054;687;3.5348~7.0695;136000~196999;1
14522;*;*;9~16;4.420634921;1.022222222;1798;630;3.5348~7.0695;136000~196999;1
14523;*;*;9~16;3.877088305;1.118138425;1929;838;0.0000~3.5347;75000~135999;1
14524;*;*;9~16;4.937677054;1.028328612;854;353;3.5348~7.0695;136000~196999;1
14525;*;*;9~16;5.529262087;1.015267176;1460;393;3.5348~7.0695;136000~196999;1
14526;*;*;17~24;4.936666667;1.05;1002;300;3.5348~7.0695;136000~196999;1
14527;*;*;1~8;3.353846154;1.071794872;766;390;0.0000~3.5347;14000~135999;1
14528;*;*;1~8;4.169836957;1.019021739;1541;736;3.5348~7.0695;14000~135999;1
14529;*;*;9~16;5.467116358;1.003372681;1936;593;3.5348~7.0695;136000~196999;1
14530;*;*;9~16;6.053639847;0.923371648;917;261;3.5348~7.0695;136000~196999;1
14531;*;*;9~16;6.548117155;1.075313808;893;239;3.5348~7.0695;136000~196999;1
14532;*;*;9~16;5.888213852;1.002430134;2797;823;3.5348~7.0695;136000~196999;1
14533;*;*;9~16;6.572072072;1;1697;444;3.5348~7.0695;136000~196999;1
14534;*;*;9~16;4.98974359;1.187179487;1205;390;3.5348~7.0695;136000~196999;1
14535;*;*;9~16;3.962365591;0.978494624;1009;372;3.5348~7.0695;136000~196999;1
14536;*;*;9~16;5.71563981;0.992890995;1612;422;3.5348~7.0695;136000~196999;1
14537;*;*;1~8;5.970711297;1.016736402;927;239;3.5348~7.0695;197000~257999;1
14538;*;*;9~16;6.306264501;1.016241299;1515;431;3.5348~7.0695;136000~196999;1
14539;*;*;9~16;4.692771084;0.945783133;949;332;3.5348~7.0695;136000~196999;1
14540;*;*;9~16;4.774818402;0.973365617;1377;413;3.5348~7.0695;136000~196999;1
14541;*;*;9~16;5.813267813;0.963144963;1482;407;3.5348~7.0695;136000~196999;1
14542;*;*;9~16;6.384946237;1.105376344;1594;465;3.5348~7.0695;136000~196999;1
14543;*;*;1~8;6.281354515;1.093645485;7560;2392;3.5348~7.0695;197000~257999;1
14544;*;*;17~24;6.666201117;1.037709497;1970;716;3.5348~7.0695;380000~501999;0
14545;*;*;9~16;6.598726115;0.949044586;395;157;3.5348~7.0695;258000~501999;0
14546;*;*;9~16;8.593607306;1.063926941;704;219;3.5348~7.0695;258000~501999;0
14547;*;*;9~16;6.28968254;1.067460317;1829;756;3.5348~7.0695;258000~501999;0
14548;*;*;9~16;6.094594595;1.14527027;673;296;3.5348~7.0695;258000~501999;0
14549;*;*;17~24;6.547325103;1.102880658;547;243;3.5348~7.0695;319000~379999;0
14550;*;*;9~16;5.60880829;1.132124352;792;386;3.5348~7.0695;258000~501999;0
14551;*;*;1~8;7.179810726;0.981072555;1158;317;3.5348~7.0695;258000~501999;1
14552;*;*;9~16;7.217391304;0.971014493;1700;483;3.5348~7.0695;197000~257999;1
14553;*;*;1~8;7.784104875;1.101188038;8980;2441;3.5348~7.0695;258000~501999;1
14554;*;*;9~16;7.61715749;1.023047375;2936;781;3.5348~7.0695;197000~257999;1
14555;*;*;9~16;7.844290657;1.010380623;1180;289;3.5348~7.0695;197000~257999;1
14556;*;*;1~16;6.534079349;1.060020346;2607;983;7.0696~10.6043;*;0
14557;*;*;1~16;7;1.106382979;2330;893;7.0696~10.6043;*;0
14558;*;*;1~8;6.11437247;1.070512821;7301;2964;3.5348~7.0695;258000~501999;0
14559;*;*;33~40;5.141856392;1.045534151;1512;571;*;136000~196999;0
14560;*;*;25~32;5.436813187;0.998626374;1924;728;3.5348~7.0695;136000~196999;0
14561;*;*;17~24;5.482926829;0.912195122;553;205;3.5348~7.0695;197000~257999;0
14562;*;*;25~32;5.199186992;1.040650407;1164;492;0.0000~3.5347;197000~257999;0
14563;*;*;33~40;5.558823529;0.992647059;423;136;*;136000~196999;0
14564;*;*;33~40;5.872154116;0.952714536;1583;571;*;136000~196999;0
14565;*;*;25~32;5.22622108;1.01285347;989;389;0.0000~3.5347;136000~196999;0
14566;*;*;33~40;6.441791045;1.092537313;1046;335;*;136000~196999;0
14567;*;*;33~40;4.818584071;1.061946903;623;226;*;136000~196999;0
14568;*;*;33~40;4.510703364;1.003058104;806;327;*;136000~196999;0
14569;*;*;25~32;6.317738791;1.038986355;1334;513;3.5348~7.0695;197000~257999;0
14570;*;*;33~40;4.42074364;0.980430528;1340;511;*;136000~196999;0
14571;*;*;33~40;5.64852071;1.033136095;1954;845;*;136000~196999;0
14572;*;*;25~32;5.652777778;1.063888889;866;360;3.5348~7.0695;197000~257999;0
14573;*;*;25~32;6.90052356;1.130890052;495;191;3.5348~7.0695;258000~318999;0
14574;*;*;17~24;5.134615385;1.092032967;1476;728;3.5348~7.0695;258000~318999;0
14575;*;*;1~32;3.596059113;0.965517241;335;203;0.0000~3.5347;258000~501999;0
14576;*;*;33~40;4.399361022;1.118210863;792;313;*;136000~196999;0
14577;*;*;33~40;5.135021097;0.928270042;643;237;*;136000~196999;0
14578;*;*;33~40;5.320537428;1.030710173;1392;521;*;136000~196999;0
14579;*;*;33~40;6.395348837;1.009966777;1619;602;*;197000~257999;0
14580;*;*;33~40;6.208092486;1.040462428;442;173;*;197000~257999;0
14581;*;*;33~40;6.154061625;0.988795518;945;357;*;136000~196999;0
14582;*;*;25~32;5.581056466;1.047358834;1476;549;3.5348~7.0695;136000~196999;0
14583;*;*;25~32;4.851694915;1.108050847;1272;472;3.5348~7.0695;136000~196999;0
14584;*;*;25~32;5.022304833;0.881040892;823;269;3.5348~7.0695;136000~196999;0
14585;*;*;25~32;5.781902552;0.94199536;1250;431;3.5348~7.0695;197000~257999;0
14586;*;*;33~40;5.546568627;1.046568627;1001;408;*;136000~196999;0
14587;*;*;17~24;4.349173554;1.084710744;1218;484;0.0000~3.5347;136000~196999;0
14588;*;*;25~32;4.878464819;0.955223881;1240;469;3.5348~7.0695;136000~196999;0
14589;*;*;25~32;6.062030075;1.043233083;1601;532;3.5348~7.0695;136000~196999;0
14590;*;*;17~24;6.681132075;1;1591;530;3.5348~7.0695;197000~257999;0
14591;*;*;17~24;4.088161209;1.050377834;911;397;0.0000~3.5347;197000~257999;0
14592;*;*;17~24;4.972270364;1.032928943;1471;577;0.0000~3.5347;197000~257999;0
14593;*;*;25~32;6.289544236;1.069705094;1105;373;3.5348~7.0695;136000~196999;0
14594;*;*;25~32;5.062857143;1.008571429;1090;350;3.5348~7.0695;136000~196999;0
14595;*;*;25~32;5.997382199;0.971204188;1098;382;3.5348~7.0695;136000~196999;0
14596;*;*;25~32;6464;1.034666667;974;375;3.5348~7.0695;136000~196999;0
14597;*;*;25~32;6304;1016;346;125;3.5348~7.0695;136000~196999;0
14598;*;*;17~24;4.521537442;1;3784;1509;0.0000~3.5347;136000~196999;0
14599;*;*;17~24;4.887850467;1.174454829;715;321;0.0000~3.5347;136000~196999;0
14600;*;*;1~16;4.14559387;1.053639847;2046;1044;0.0000~3.5347;136000~196999;0
14601;*;*;33~40;6.701657459;1.104972376;532;181;*;136000~196999;0
14602;*;*;33~40;5275;0.9875;211;80;*;136000~196999;0
14603;*;*;17~24;3.758735441;1.054908486;1213;601;0.0000~3.5347;136000~196999;0
14604;*;*;33~40;6.002638522;0.98944591;1021;379;*;136000~196999;0
14605;*;*;33~40;6.278688525;1.036885246;1355;488;*;136000~196999;0
14606;*;*;25~32;4.617521368;0.987179487;896;468;0.0000~3.5347;136000~196999;0
14607;*;*;25~32;5.628205128;0.96474359;722;312;3.5348~7.0695;136000~196999;0
14608;*;*;25~32;6.899598394;1.078313253;1503;498;3.5348~7.0695;197000~257999;0
14609;*;*;33~40;6.228843862;0.992848629;2221;839;*;197000~257999;0
14610;*;*;9~16;6.274220033;1.036124795;1605;609;3.5348~7.0695;197000~257999;0
14611;*;*;25~32;6.249363868;0.992366412;1022;393;3.5348~7.0695;197000~257999;0
14612;*;*;25~32;4.888157895;1.037593985;2961;1064;0.0000~3.5347;136000~196999;0
14613;*;*;41~48;3.442922374;0.9847793;3009;657;0.0000~3.5347;75000~135999;0
14614;*;*;41~48;4.452631579;1.042105263;946;285;0.0000~3.5347;75000~135999;0
14615;*;*;25~32;3.94084507;0.926760563;1308;355;0.0000~3.5347;136000~196999;0
14616;*;*;17~24;5.274253731;1.03358209;1822;536;0.0000~3.5347;136000~196999;0
14617;*;*;25~32;4.018672199;1.114107884;1211;482;0.0000~3.5347;75000~135999;0
14618;*;*;17~24;4.907786885;0.975409836;2284;488;3.5348~7.0695;136000~196999;0
14619;*;*;17~24;4.939058172;1.059556787;1697;722;3.5348~7.0695;136000~196999;0
14620;*;*;25~32;4.053864169;0.967213115;1569;427;0.0000~3.5347;136000~196999;0
14621;*;*;17~24;4.07309322;1.113347458;3102;944;0.0000~3.5347;136000~196999;0
14622;*;*;33~40;4.883495146;0.947572816;1594;515;*;136000~196999;0
14623;*;*;41~48;4.088888889;1.12962963;892;270;*;136000~196999;0
14624;*;*;33~40;4.978647687;0.975088968;695;281;*;136000~196999;0
14625;*;*;1~8;4.725490196;1.072303922;1547;816;3.5348~7.0695;136000~196999;0
14626;*;*;9~16;3.367375887;1.106382979;913;705;0.0000~3.5347;75000~135999;0
14627;*;*;1~8;4.577447336;1.235439901;1297;807;3.5348~7.0695;136000~196999;0
14628;*;*;17~24;3.13215859;1.118942731;327;227;0.0000~3.5347;14000~74999;0
14629;*;*;17~24;4.214501511;1.025176234;3122;993;0.0000~3.5347;197000~257999;0
14630;*;*;17~24;5.424107143;1.004464286;592;224;0.0000~3.5347;197000~257999;0
14631;*;*;25~32;6.568421053;1.071052632;1062;380;3.5348~7.0695;258000~318999;0
14632;*;*;33~40;5.683840749;1.067915691;2089;854;*;197000~257999;0
14633;*;*;9~16;5.428198433;1.028720627;746;383;3.5348~7.0695;258000~501999;0
14634;*;*;33~40;5.808126411;0.984198646;1084;443;*;258000~318999;0
14635;*;*;33~40;5.729508197;0.909836066;532;244;*;258000~318999;0
14636;*;*;1~16;3.790935673;1.160818713;1235;684;0.0000~3.5347;136000~196999;0
14637;*;*;33~40;4.771971496;1.267220903;1620;842;*;136000~196999;0
14638;*;*;33~40;5.446043165;0.928057554;665;278;*;197000~257999;0
14639;*;*;33~40;4.780748663;1.010695187;777;374;*;197000~257999;0
14640;*;*;25~32;6.422932331;1.001879699;1245;532;3.5348~7.0695;258000~318999;0
14641;*;*;25~32;4.930894309;1.768292683;654;246;3.5348~7.0695;197000~257999;0
14642;*;*;33~40;3.40990991;0.954954955;409;222;*;136000~196999;0
14643;*;*;33~40;6.378881988;1.031055901;1659;644;*;197000~257999;0
14644;*;*;33~40;5.366935484;1.004032258;1132;496;*;197000~257999;0
14645;*;*;25~32;4.181126332;0.97412481;3185;657;3.5348~7.0695;197000~257999;0
14646;*;*;9~16;4.877794337;0.998509687;1305;671;3.5348~7.0695;136000~196999;0
14647;*;*;9~16;4.766917293;1.142857143;248;133;3.5348~7.0695;136000~196999;0
14648;*;*;1~16;4.26102503;1.182359952;1645;839;0.0000~3.5347;136000~196999;0
14649;*;*;25~32;3.9;1125;77;40;0.0000~3.5347;136000~196999;0
14650;*;*;25~32;4.225108225;1.019480519;936;462;0.0000~3.5347;136000~196999;0
14651;*;*;33~40;5.776595745;1.127659574;900;282;*;136000~196999;0
14652;*;*;41~48;5.455598456;1.007722008;1070;259;*;136000~196999;0
14653;*;*;41~48;5.199570815;1.006437768;1813;466;*;136000~196999;0
14654;*;*;33~40;6.194895592;1.009280742;1256;431;*;136000~196999;0
14655;*;*;33~40;6.210784314;1.039215686;710;204;*;136000~196999;0
14656;*;*;33~40;6.470162749;1.05244123;1568;553;*;136000~196999;0
14657;*;*;25~32;5.552816901;0.936619718;611;284;3.5348~7.0695;197000~257999;0
14658;*;*;25~32;6.227848101;1.018987342;422;158;3.5348~7.0695;136000~196999;0
14659;*;*;17~24;4.031775701;1.035514019;1349;535;0.0000~3.5347;136000~196999;0
14660;*;*;33~40;5.945578231;1;800;294;*;136000~196999;0
14661;*;*;9~16;4.695906433;1.096491228;784;342;3.5348~7.0695;14000~135999;0
14662;*;*;33~40;6.137078652;1.024719101;1263;445;*;136000~196999;0
14663;*;*;25~32;5.48467433;1.022988506;1392;522;3.5348~7.0695;136000~196999;0
14664;*;*;25~32;4.815909091;1.009090909;1202;440;0.0000~3.5347;136000~196999;0
14665;*;*;25~32;5.005797101;0.991304348;879;345;3.5348~7.0695;136000~196999;0
14666;*;*;33~40;6.082857143;1.091428571;1044;350;*;136000~196999;0
14667;*;*;33~40;5.673151751;1.019455253;723;257;*;136000~196999;0
14668;*;*;33~40;5.341176471;0.952941176;698;255;*;136000~196999;0
14669;*;*;1~8;3.534942821;1.038119441;1309;787;3.5348~7.0695;14000~135999;0
14670;*;*;9~16;3.613356766;1.108963093;847;569;0.0000~3.5347;75000~135999;0
14671;*;*;1~8;5.865384615;1.139423077;2710;1040;3.5348~7.0695;258000~501999;0
14672;*;*;1~16;6.151468315;1.054095827;3174;647;0.0000~3.5347;136000~196999;0
14673;*;*;17~24;5.691082803;1.050955414;1341;314;0.0000~3.5347;75000~135999;0
14674;*;*;9~16;7.053497942;1.010288066;2303;486;0.0000~3.5347;14000~74999;0
14675;*;*;17~24;6.537815126;0.98487395;2791;595;0.0000~3.5347;14000~74999;0
14676;*;*;9~16;4.06097561;0.926829268;247;164;0.0000~3.5347;75000~135999;0
14677;*;*;9~16;7.245283019;0.988993711;2020;636;3.5348~7.0695;197000~257999;1
14678;*;*;9~16;4.908564815;1.032407407;1771;864;3.5348~7.0695;136000~196999;0
14679;*;*;9~16;6.55625;0.9625;467;160;3.5348~7.0695;197000~257999;1
14680;*;*;9~16;6.028612303;1.064377682;1820;699;3.5348~7.0695;136000~196999;1
14681;*;*;9~16;6.11225997;0.9394387;2001;677;3.5348~7.0695;258000~501999;1
14682;*;*;1~16;7.837719298;1.035087719;770;228;7.0696~10.6043;*;1
14683;*;*;9~16;6.344362745;1.049019608;2190;816;3.5348~7.0695;258000~501999;1
14684;*;*;1~8;7.383081897;1.267241379;4446;1856;3.5348~7.0695;258000~501999;1
14685;*;*;1~8;6.46627566;1.020527859;777;341;3.5348~7.0695;136000~196999;1
14686;*;*;1~16;8.830039526;1.011857708;894;253;7.0696~10.6043;*;1
14687;*;*;1~16;8.095533499;1.024813896;3146;806;7.0696~10.6043;*;1
14688;*;*;25~32;5.329136691;0.992805755;1162;556;3.5348~7.0695;136000~196999;0
14689;*;*;17~24;4.401209677;1.076612903;999;496;0.0000~3.5347;136000~196999;0
14690;*;*;33~40;6.008333333;1.019444444;915;360;*;136000~196999;0
14691;*;*;25~32;6.373493976;1.076305221;635;249;0.0000~3.5347;136000~196999;0
14692;*;*;9~16;3.570041609;1.069348128;1129;721;0.0000~3.5347;75000~135999;0
14693;*;*;9~16;3.647657841;1.054989817;1006;491;0.0000~3.5347;75000~135999;0
14694;*;*;9~16;3.41160221;1.14640884;1170;724;3.5348~7.0695;14000~135999;0
14695;*;*;9~16;4.212523719;0.971537002;930;527;3.5348~7.0695;14000~135999;0
14696;*;*;33~40;5.880769231;1.023076923;683;260;*;136000~196999;0
14697;*;*;33~40;5.644314869;1.005830904;861;343;*;136000~196999;0
14698;*;*;25~32;5.230569948;1.080310881;872;386;0.0000~3.5347;136000~196999;0
14699;*;*;25~32;4.34605598;1;816;393;0.0000~3.5347;136000~196999;0
14700;*;*;25~32;6.296296296;0.975308642;1017;405;3.5348~7.0695;136000~196999;1
14701;*;*;33~40;5.761363636;0.991477273;820;352;*;136000~196999;1
14702;*;*;33~40;5.951827243;1.066445183;1711;602;*;136000~196999;0
14703;*;*;17~24;6.564476886;0.99756691;1094;411;3.5348~7.0695;136000~196999;1
14704;*;*;9~16;5.420054201;1.089430894;778;369;3.5348~7.0695;197000~257999;1
14705;*;*;17~24;7.122965642;0.994575045;1694;553;3.5348~7.0695;197000~257999;1
14706;*;*;17~24;6.262458472;0.970099668;771;301;3.5348~7.0695;197000~257999;1
14707;*;*;17~24;5.034129693;1.051194539;549;293;3.5348~7.0695;136000~196999;1
14708;*;*;17~24;7.066037736;1.06918239;973;318;3.5348~7.0695;197000~257999;1
14709;*;*;25~32;8.055016181;1.01618123;911;309;7.0696~10.6043;*;0
14710;*;*;25~32;5.940988836;0.993620415;1516;627;3.5348~7.0695;258000~318999;0
14711;*;*;17~24;6.589164786;1.119638826;984;443;3.5348~7.0695;197000~257999;0
14712;*;*;17~24;7.158045977;1.005747126;863;348;3.5348~7.0695;258000~318999;1
14713;*;*;25~32;7.154285714;0.985714286;1067;350;3.5348~7.0695;197000~257999;1
14714;*;*;9~16;4.46;1.08;574;350;0.0000~3.5347;75000~135999;1
14715;*;*;25~32;7.529644269;0.988142292;865;253;3.5348~7.0695;197000~257999;1
14716;*;*;17~24;8.57253886;1.038860104;1116;386;7.0696~10.6043;*;1
14717;*;*;17~24;7.96214511;1.047318612;771;317;7.0696~10.6043;*;1
14718;*;*;17~24;8.286652079;1.076586433;1246;457;7.0696~10.6043;*;1
14719;*;*;25~32;5.546875;0.973214286;942;448;3.5348~7.0695;197000~257999;0
14720;*;*;25~32;6.334224599;0.989304813;927;374;3.5348~7.0695;136000~196999;1
14721;*;*;25~32;7.172862454;0.953531599;1469;538;3.5348~7.0695;197000~257999;1
14722;*;*;17~24;5.499288762;1.102418208;1554;703;3.5348~7.0695;197000~257999;1
14723;*;*;1~16;4.210280374;1.028037383;630;428;0.0000~3.5347;136000~196999;1
14724;*;*;17~24;4.846511628;0.976744186;650;215;0.0000~3.5347;75000~135999;1
14725;*;*;17~24;3.614849188;1.11136891;803;431;0.0000~3.5347;136000~196999;1
14726;*;*;17~24;5.442655936;1.096579477;1198;497;3.5348~7.0695;136000~196999;1
14727;*;*;33~40;6.046686747;0.998493976;1864;664;*;136000~196999;1
14728;*;*;25~32;4.987854251;0.983805668;665;247;3.5348~7.0695;136000~196999;1
14729;*;*;25~32;5.982222222;0.988888889;1129;450;3.5348~7.0695;136000~196999;1
14730;*;*;25~32;7.186900958;1.030351438;1866;626;3.5348~7.0695;136000~196999;1
14731;*;*;25~32;6.09375;0.990625;950;320;3.5348~7.0695;136000~196999;1
14732;*;*;25~32;6.550819672;0.986885246;874;305;3.5348~7.0695;136000~196999;1
14733;*;*;17~24;7005;1.03;1620;600;3.5348~7.0695;136000~196999;1
14734;*;*;9~16;5.423931624;1.023931624;1451;585;3.5348~7.0695;136000~196999;1
14735;*;*;9~16;6.303571429;1.032142857;743;280;3.5348~7.0695;197000~257999;1
14736;*;*;9~16;6.889952153;0.971291866;1381;418;3.5348~7.0695;197000~257999;1
14737;*;*;9~16;5.771754636;1.042796006;1684;701;3.5348~7.0695;197000~257999;1
14738;*;*;25~32;5.627565982;1.011730205;1326;341;3.5348~7.0695;14000~135999;0
14739;*;*;9~16;5.157894737;1.019736842;2814;760;3.5348~7.0695;136000~196999;0
14740;*;*;17~24;5.663072776;1.075471698;1551;371;3.5348~7.0695;136000~196999;0
14741;*;*;17~24;4.916967509;1.023465704;2213;554;3.5348~7.0695;136000~196999;0
14742;*;*;9~16;4.91416309;1.012875536;1761;699;0.0000~3.5347;75000~135999;0
14743;*;*;1~16;4.277860327;1.008915305;2098;673;0.0000~3.5347;136000~196999;0
14744;*;*;1~16;4.258389262;0.946308725;1609;298;0.0000~3.5347;136000~196999;0
14745;*;*;9~16;5.872817955;1.012468828;1883;401;3.5348~7.0695;136000~196999;0
14746;*;*;17~24;5.747875354;1.011331445;1497;353;3.5348~7.0695;14000~135999;0
14747;*;*;17~24;5.641176471;0.997058824;1392;340;3.5348~7.0695;14000~135999;0
14748;*;*;25~32;5.921409214;1.002710027;1558;369;3.5348~7.0695;14000~135999;0
14749;*;*;17~24;5.760080645;1.040322581;2412;496;3.5348~7.0695;14000~135999;0
14750;*;*;25~32;4.240802676;0.943143813;991;299;0.0000~3.5347;75000~135999;0
14751;*;*;17~24;6.169863014;1.035616438;1776;365;3.5348~7.0695;136000~196999;0
14752;*;*;1~16;5.079365079;1.015873016;2450;567;0.0000~3.5347;136000~196999;0
14753;*;*;17~24;3.481375358;0.916905444;1195;349;0.0000~3.5347;75000~135999;0
14754;*;*;17~24;4.417040359;1.044843049;811;223;0.0000~3.5347;75000~135999;0
14755;*;*;17~24;4.822299652;1.083623693;1429;287;0.0000~3.5347;75000~135999;0
14756;*;*;17~24;4.589090909;1.069090909;5176;275;0.0000~3.5347;136000~196999;0
14757;*;*;9~16;3.404320988;1;2511;648;0.0000~3.5347;75000~135999;0
14758;*;*;17~24;4.145038168;1.074427481;2049;524;0.0000~3.5347;136000~196999;0
14759;*;*;17~24;4.146449704;1.01035503;2768;676;0.0000~3.5347;136000~196999;0
14760;*;*;1~8;3.164912281;1.081871345;3148;855;0.0000~3.5347;14000~135999;0
14761;*;*;1~8;3.774004684;1.100702576;3284;854;0.0000~3.5347;14000~135999;0
14762;*;*;1~8;3.326241135;1.053191489;1187;282;0.0000~3.5347;14000~135999;0
14763;*;*;17~24;3.83360522;1.088091354;1621;613;0.0000~3.5347;75000~135999;0
14764;*;*;17~24;4.305699482;0.976683938;1318;386;0.0000~3.5347;75000~135999;0
14765;*;*;17~24;3.860377358;1.054716981;1585;530;0.0000~3.5347;75000~135999;0
14766;*;*;33~48;4.9125;0.95;330;80;3.5348~7.0695;14000~135999;0
14767;*;*;25~32;5.150485437;0.980582524;759;206;3.5348~7.0695;136000~196999;0
14768;*;*;25~32;6.298387097;0.997311828;1221;372;3.5348~7.0695;136000~196999;0
14769;*;*;9~16;5.597916667;1.04375;1502;480;3.5348~7.0695;136000~196999;0
14770;*;*;17~24;4.814634146;1.030894309;1911;615;0.0000~3.5347;75000~135999;0
14771;*;*;17~24;4.432595573;1.094567404;1943;497;0.0000~3.5347;75000~135999;0
14772;*;*;9~16;4.20661157;0.983471074;1224;363;0.0000~3.5347;75000~135999;0
14773;*;*;1~16;4.342857143;1.06547619;3293;840;0.0000~3.5347;136000~196999;0
14774;*;*;1~16;4.2284041;0.969253294;2441;683;0.0000~3.5347;136000~196999;0
14775;*;*;9~16;5.394833948;1.011070111;1002;271;3.5348~7.0695;136000~196999;0
14776;*;*;17~24;4.728888889;1.06;1420;450;0.0000~3.5347;75000~135999;0
14777;*;*;25~32;6.180769231;1.076923077;899;260;3.5348~7.0695;14000~135999;0
14778;*;*;9~16;4.706422018;1.040366972;1785;545;0.0000~3.5347;75000~135999;0
14779;*;*;9~16;4.325549451;1.038461538;4451;1456;0.0000~3.5347;75000~135999;0
14780;*;*;17~24;5.556574924;0.987767584;1371;327;3.5348~7.0695;136000~196999;0
14781;*;*;9~16;6.28;1.051428571;1645;350;3.5348~7.0695;136000~196999;0
14782;*;*;17~24;5.103448276;0.954022989;357;87;3.5348~7.0695;136000~196999;0
14783;*;*;1~8;5.023255814;0.906976744;626;172;3.5348~7.0695;136000~196999;0
14784;*;*;1~8;5.550552251;1.033984707;4797;1177;3.5348~7.0695;136000~196999;0
14785;*;*;33~40;4.521444695;1.051918736;1226;443;*;136000~196999;0
14786;*;*;17~24;5.832214765;0.989932886;983;298;3.5348~7.0695;136000~196999;0
14787;*;*;25~32;4.359375;1.067708333;1427;576;0.0000~3.5347;136000~196999;0
14788;*;*;25~32;4.389671362;1.025821596;1142;426;0.0000~3.5347;136000~196999;0
14789;*;*;25~32;4.07183908;1.07183908;814;348;0.0000~3.5347;136000~196999;0
14790;*;*;17~24;4.507142857;1.217857143;1819;560;0.0000~3.5347;197000~257999;0
14791;*;*;25~32;5.433139535;1.183139535;1074;344;0.0000~3.5347;75000~135999;0
14792;*;*;25~32;4.84519573;1.042704626;1702;562;0.0000~3.5347;136000~196999;0
14793;*;*;33~40;5.06993007;0.895104895;930;286;0.0000~3.5347;75000~135999;0
14794;*;*;25~32;4.146341463;0.942073171;869;328;0.0000~3.5347;75000~135999;0
14795;*;*;17~24;4.064606742;0.962078652;2109;712;0.0000~3.5347;75000~135999;0
14796;*;*;25~32;4.533795494;1.024263432;1889;577;0.0000~3.5347;75000~135999;0
14797;*;*;9~16;4.239731769;1.088851635;3662;1193;0.0000~3.5347;75000~135999;0
14798;*;*;17~24;4.04;1068;1529;500;0.0000~3.5347;136000~196999;0
14799;*;*;9~16;3.744827586;1.013793103;870;290;0.0000~3.5347;75000~135999;0
14800;*;*;17~24;4.107583774;1.02292769;1538;567;0.0000~3.5347;136000~196999;0
14801;*;*;25~32;4.131656805;1.044378698;1825;676;0.0000~3.5347;136000~196999;0
14802;*;*;33~40;5.078534031;1.044502618;1076;382;*;136000~196999;0
14803;*;*;1~16;9.287153652;1.457178841;1900;794;7.0696~10.6043;*;0
14804;*;*;25~32;6468;1116;2745;250;3.5348~7.0695;14000~135999;0
14805;*;*;1~16;11.29310345;2.727969349;873;522;7.0696~10.6043;*;0
14806;*;*;1~32;5.325259516;1.190311419;556;289;0.0000~3.5347;258000~501999;0
14807;*;*;49~56;6.123333333;1.043333333;668;300;*;441000~501999;0
14808;*;*;33~40;4.617210682;1.06231454;1304;674;*;319000~379999;0
14809;*;*;41~48;5.604373757;1.021868787;1258;503;*;380000~501999;0
14810;*;*;33~40;7.075949367;1.047468354;767;316;*;441000~501999;0
14811;*;*;41~48;6.155902004;1.093541203;978;449;*;380000~501999;0
14812;*;*;17~24;4.693467337;1.343383585;1159;597;3.5348~7.0695;319000~379999;0
14813;*;*;41~48;5.637010676;1.06405694;1341;562;*;380000~501999;0
14814;*;*;33~40;4.902761104;1.076830732;1804;833;*;380000~440999;0
14815;*;*;41~48;5.429447853;1.051124744;1102;489;*;319000~379999;0
14816;*;*;41~48;6.017793594;1.017793594;761;281;*;380000~501999;0
14817;*;*;33~40;7.038554217;1.055421687;1042;415;*;441000~501999;0
14818;*;*;33~40;1.130434783;0.608695652;58;23;0.0000~3.5347;75000~135999;0
14819;*;*;41~48;3.678571429;1.042857143;445;140;0.0000~3.5347;75000~135999;0
14820;*;*;41~48;3.94893617;1.004255319;790;235;0.0000~3.5347;75000~135999;0
14821;*;*;49~56;3.578947368;1.298245614;248;57;*;14000~135999;0
14822;*;*;49~56;5.333333333;1.333333333;8;3;*;14000~135999;0
14823;*;*;49~56;3.943661972;1;217;71;*;14000~135999;0
14824;*;*;49~56;2.777777778;0.555555556;14;9;*;14000~135999;0
14825;*;*;33~40;3.781045752;1.08496732;983;306;0.0000~3.5347;75000~135999;0
14826;*;*;33~40;4.576923077;1.131868132;570;182;0.0000~3.5347;75000~135999;0
14827;*;*;33~40;3.733333333;1;1086;330;0.0000~3.5347;75000~135999;0
14828;*;*;25~32;3.182142857;1;1785;560;0.0000~3.5347;75000~135999;0
14829;*;*;25~32;3.427640156;0.994784876;2721;767;0.0000~3.5347;75000~135999;0
14830;*;*;17~24;3.421052632;1.0951417;1669;494;0.0000~3.5347;75000~135999;0
14831;*;*;25~32;4.4;1.079338843;1997;605;0.0000~3.5347;75000~135999;0
14832;*;*;25~32;3.812267658;1.020446097;1581;538;0.0000~3.5347;75000~135999;0
14833;*;*;9~16;2.738693467;0.926298157;1347;597;0.0000~3.5347;75000~135999;0
14834;*;*;17~24;4.216666667;1.120833333;837;240;0.0000~3.5347;75000~135999;0
14835;*;*;25~32;3.713523132;1.06316726;3675;1124;0.0000~3.5347;75000~135999;0
14836;*;*;41~48;3.614003591;1.019748654;1920;557;0.0000~3.5347;75000~135999;0
14837;*;*;41~48;3.636792453;1.056603774;637;212;0.0000~3.5347;75000~135999;0
14838;*;*;49~56;4.253012048;1.054216867;1200;332;*;14000~135999;0
14839;*;*;41~48;3.728571429;0.978571429;1003;280;0.0000~3.5347;75000~135999;0
14840;*;*;41~48;4.447368421;1.086466165;900;266;0.0000~3.5347;75000~135999;0
14841;*;*;25~32;4.507886435;0.924290221;1091;317;0.0000~3.5347;75000~135999;0
14842;*;*;25~32;5.199186992;0.989837398;1938;492;0.0000~3.5347;75000~135999;0
14843;*;*;33~48;5.861940299;1.059701493;1001;268;3.5348~7.0695;14000~135999;0
14844;*;*;33~40;5.501872659;1;1031;267;0.0000~3.5347;75000~135999;0
14845;*;*;25~32;4.525252525;1.133838384;1650;396;0.0000~3.5347;75000~135999;0
14846;*;*;25~32;5.247349823;0.971731449;820;283;3.5348~7.0695;136000~196999;0
14847;*;*;25~32;5.406690141;1.082746479;2156;568;0.0000~3.5347;75000~135999;0
14848;*;*;17~24;3.310564663;0.981785064;3127;1098;0.0000~3.5347;75000~135999;0
14849;*;*;17~24;3.643971631;1.045390071;2341;705;0.0000~3.5347;75000~135999;0
14850;*;*;25~32;4.370839937;0.987321712;2179;631;0.0000~3.5347;75000~135999;0
14851;*;*;25~32;3.973579921;1.009247028;2088;757;0.0000~3.5347;75000~135999;0
14852;*;*;41~48;5.242236025;0.913043478;423;161;*;136000~196999;0
14853;*;*;41~48;4.272340426;1.004255319;839;235;0.0000~3.5347;75000~135999;0
14854;*;*;33~40;5.245901639;1.18852459;1723;610;0.0000~3.5347;75000~135999;0
14855;*;*;1~16;4.917857143;1.060714286;2272;840;0.0000~3.5347;197000~257999;0
14856;*;*;25~32;5.439618644;1.085805085;2152;944;3.5348~7.0695;136000~196999;0
14857;*;*;41~48;3.988095238;0.912698413;548;252;*;136000~196999;0
14858;*;*;17~24;3.793948127;1.025936599;1487;694;0.0000~3.5347;136000~196999;0
14859;*;*;33~40;3.935622318;1.098712446;494;233;*;136000~196999;0
14860;*;*;1~16;3.205825243;1.034951456;947;515;0.0000~3.5347;136000~196999;0
14861;*;*;17~24;4.326347305;0.967065868;573;334;0.0000~3.5347;136000~196999;0
14862;*;*;25~32;3.903225806;1.095661846;2359;899;0.0000~3.5347;136000~196999;0
14863;*;*;25~32;4.174545455;1.096363636;1277;550;0.0000~3.5347;75000~135999;0
14864;*;*;33~40;3.809090909;0.974545455;1240;550;*;136000~196999;0
14865;*;*;25~32;3.96375;1.0775;2126;800;0.0000~3.5347;136000~196999;0
14866;*;*;25~32;3.422993492;0.997830803;1236;461;0.0000~3.5347;75000~135999;0
14867;*;*;17~24;3.376689189;1.099662162;1302;592;0.0000~3.5347;14000~74999;0
14868;*;*;17~24;3.283524904;1.010217114;1205;783;0.0000~3.5347;75000~135999;0
14869;*;*;25~32;3.914209115;1.032171582;1935;746;0.0000~3.5347;14000~74999;0
14870;*;*;17~24;3.901204819;1.077108434;1025;415;0.0000~3.5347;14000~74999;0
14871;*;*;25~32;3.829875519;1.056016598;1078;482;0.0000~3.5347;75000~135999;0
14872;*;*;33~40;5.396491228;1.045614035;867;285;0.0000~3.5347;75000~135999;0
14873;*;*;33~40;4.518779343;1.004694836;1344;426;0.0000~3.5347;75000~135999;0
14874;*;*;33~40;4.13648294;0.955380577;1153;381;0.0000~3.5347;75000~135999;0
14875;*;*;33~40;3.834217507;1.051724138;1607;754;*;136000~196999;0
14876;*;*;17~24;3.880773362;1.045112782;2002;931;0.0000~3.5347;136000~196999;0
14877;*;*;33~40;3.780487805;0.981707317;420;164;*;136000~196999;0
14878;*;*;33~40;5.037288136;0.911864407;745;295;*;136000~196999;0
14879;*;*;33~40;6.450980392;1.06162465;1026;357;*;136000~196999;0
14880;*;*;25~32;3.930232558;1.058823529;1593;731;0.0000~3.5347;75000~135999;0
14881;*;*;33~40;5525;975;612;240;*;136000~196999;0
14882;*;*;33~40;5.695652174;0.905797101;408;138;*;136000~196999;0
14883;*;*;33~40;5.630363036;1.062706271;796;303;*;136000~196999;0
14884;*;*;33~40;5.661097852;1.059665871;1056;419;*;136000~196999;0
14885;*;*;25~32;5.110204082;1.140816327;1827;490;0.0000~3.5347;136000~196999;0
14886;*;*;25~32;4.792626728;0.983870968;1266;434;0.0000~3.5347;136000~196999;0
14887;*;*;25~32;4.727969349;0.969348659;1353;522;0.0000~3.5347;136000~196999;0
14888;*;*;33~40;5.45276873;1.006514658;818;307;*;136000~196999;0
14889;*;*;17~24;3.696485623;0.987220447;640;313;0.0000~3.5347;75000~135999;0
14890;*;*;17~24;4.642004773;1.026252983;1335;419;3.5348~7.0695;14000~135999;0
14891;*;*;1~16;3.930355791;1.045420136;3261;1321;0.0000~3.5347;136000~196999;0
14892;*;*;25~32;4.837606838;1.121794872;1485;468;0.0000~3.5347;136000~196999;0
14893;*;*;17~24;4.640148011;1.085106383;2750;1081;0.0000~3.5347;136000~196999;0
14894;*;*;33~40;4.417773238;1.036772217;2609;979;0.0000~3.5347;75000~135999;0
14895;*;*;17~24;4.193979933;1.112876254;3222;1196;0.0000~3.5347;75000~135999;0
14896;*;*;17~24;4.730909091;1.001818182;1042;550;0.0000~3.5347;14000~74999;0
14897;*;*;17~24;3.645491803;0.954918033;1327;488;0.0000~3.5347;75000~135999;0
14898;*;*;25~32;3;1.083333333;220;48;0.0000~3.5347;75000~135999;0
14899;*;*;17~24;3.993697479;1.029411765;1334;476;0.0000~3.5347;75000~135999;0
14900;*;*;9~16;4.31202046;1.058823529;1000;391;0.0000~3.5347;75000~135999;0
14901;*;*;17~24;3.503608661;1.08500401;3123;1247;0.0000~3.5347;136000~196999;0
14902;*;*;17~24;3.899521531;0.866028708;1267;418;0.0000~3.5347;75000~135999;0
14903;*;*;9~16;4.0175;1.0875;983;400;0.0000~3.5347;75000~135999;0
14904;*;*;25~32;4.594017094;1.017094017;434;234;0.0000~3.5347;75000~135999;0
14905;*;*;17~24;4.422764228;1.089430894;1095;246;0.0000~3.5347;75000~135999;0
14906;*;*;33~40;4.076576577;0.923423423;989;222;0.0000~3.5347;75000~135999;0
14907;*;*;25~32;5.825622776;1.021352313;2334;843;3.5348~7.0695;136000~196999;0
14908;*;*;33~40;5.767988253;1.007342144;2315;681;*;136000~196999;0
14909;*;*;25~32;6.10455312;1.023608769;2000;593;3.5348~7.0695;136000~196999;0
14910;*;*;25~32;5.640559441;1;2585;715;0.0000~3.5347;136000~196999;0
14911;*;*;17~24;5.265270506;1.051483421;3795;1146;0.0000~3.5347;75000~135999;0
14912;*;*;25~32;4.993610224;0.913738019;1145;313;3.5348~7.0695;136000~196999;0
14913;*;*;17~24;5.630769231;1.021678322;5094;1430;3.5348~7.0695;136000~196999;0
14914;*;*;17~24;5.443807339;0.970183486;3002;872;3.5348~7.0695;136000~196999;0
14915;*;*;9~16;5.413872832;1.073988439;3073;865;0.0000~3.5347;75000~135999;0
14916;*;*;25~32;6.191044776;1.062686567;1228;335;3.5348~7.0695;136000~196999;0
14917;*;*;25~32;5.757575758;0.949494949;1089;297;3.5348~7.0695;136000~196999;0
14918;*;*;17~24;6.781659389;0.943231441;778;229;3.5348~7.0695;136000~196999;0
14919;*;*;17~24;6.763157895;0.973684211;523;152;3.5348~7.0695;136000~196999;0
14920;*;*;25~32;6.209302326;1.041860465;742;215;3.5348~7.0695;136000~196999;0
14921;*;*;17~24;6.076677316;1.07028754;1102;313;0.0000~3.5347;75000~135999;0
14922;*;*;1~8;5.810319767;1.059593023;4771;1376;3.5348~7.0695;136000~196999;0
14923;*;*;25~32;6.608823529;0.980882353;1883;680;3.5348~7.0695;136000~196999;0
14924;*;*;25~32;5.8457223;1.040673212;2096;713;3.5348~7.0695;136000~196999;0
14925;*;*;17~24;6.141361257;0.994764398;1217;382;3.5348~7.0695;136000~196999;0
14926;*;*;17~24;6.881305638;1.03264095;1125;337;3.5348~7.0695;258000~318999;0
14927;*;*;9~16;7.386138614;1.01320132;1002;303;3.5348~7.0695;258000~501999;0
14928;*;*;17~24;8.269230769;1.010989011;635;182;3.5348~7.0695;197000~257999;0
14929;*;*;9~16;7.592705167;1.039513678;4495;1316;3.5348~7.0695;258000~501999;0
14930;*;*;17~24;7.138888889;4.027777778;376;108;3.5348~7.0695;258000~318999;0
14931;*;*;1~8;6.131196422;1.055907566;7985;2683;3.5348~7.0695;197000~257999;0
14932;*;*;9~16;6.907496013;1.114832536;2046;627;3.5348~7.0695;136000~196999;0
14933;*;*;1~8;8.315391879;1.322946176;3159;1059;3.5348~7.0695;197000~257999;0
14934;*;*;1~16;7.662068966;0.979310345;472;145;7.0696~10.6043;*;0
14935;*;*;9~16;6.400826446;1.012396694;1391;484;3.5348~7.0695;136000~196999;0
14936;*;*;1~8;6.450746269;0.971144279;3269;1005;3.5348~7.0695;197000~257999;0
14937;*;*;1~8;4.531128405;1.054474708;1213;514;3.5348~7.0695;197000~257999;0
14938;*;*;1~8;6.19047619;0.976190476;157;42;3.5348~7.0695;258000~501999;0
14939;*;*;9~16;6.324242424;0.948484848;1165;330;3.5348~7.0695;197000~257999;0
14940;*;*;9~16;6.025862069;1.025862069;1466;464;3.5348~7.0695;197000~257999;0
14941;*;*;25~32;6.924623116;1.060301508;1166;398;3.5348~7.0695;136000~196999;0
14942;*;*;17~24;6.380658436;1.125514403;1410;486;0.0000~3.5347;136000~196999;1
14943;*;*;17~24;5.147519582;1.100522193;1995;766;0.0000~3.5347;136000~196999;1
14944;*;*;17~24;5.781065089;0.869822485;454;169;3.5348~7.0695;136000~196999;1
14945;*;*;9~16;5.814878893;0.929065744;1754;578;3.5348~7.0695;136000~196999;1
14946;*;*;9~16;6.566302652;1.060842434;1914;641;3.5348~7.0695;136000~196999;1
14947;*;*;9~16;6.657342657;1;530;143;3.5348~7.0695;136000~196999;1
14948;*;*;1~8;5.858695652;0.858695652;571;184;3.5348~7.0695;197000~257999;1
14949;*;*;9~16;5.816326531;1.054945055;3597;1274;3.5348~7.0695;136000~196999;1
14950;*;*;1~8;4.742160279;1.006968641;1429;574;3.5348~7.0695;136000~196999;1
14951;*;*;17~24;4.379310345;0.967332123;1129;551;0.0000~3.5347;136000~196999;1
14952;*;*;17~24;5.860215054;0.974910394;960;279;3.5348~7.0695;136000~196999;1
14953;*;*;25~32;8.227424749;1.046822742;838;299;3.5348~7.0695;258000~318999;1
14954;*;*;25~32;6.566666667;1.050793651;1905;630;3.5348~7.0695;197000~257999;1
14955;*;*;25~32;5.96440678;0.988135593;1720;590;3.5348~7.0695;136000~196999;1
14956;*;*;17~24;4.377521614;1.063400576;802;347;0.0000~3.5347;136000~196999;1
14957;*;*;33~40;5.986354776;0.908382066;1348;513;*;197000~257999;1
14958;*;*;9~16;7.521031208;1.162822252;2074;737;3.5348~7.0695;258000~501999;1
14959;*;*;1~8;6.17617866;1.025227461;6945;2418;3.5348~7.0695;197000~257999;1
14960;*;*;9~16;6.115131579;1.009868421;947;304;3.5348~7.0695;136000~196999;1
14961;*;*;1~8;6.855371901;0.979338843;862;242;3.5348~7.0695;197000~257999;1
14962;*;*;1~8;5.703994761;1.05697446;4372;1527;3.5348~7.0695;197000~257999;1
14963;*;*;25~32;6.607973422;0.930232558;805;301;3.5348~7.0695;136000~196999;1
14964;*;*;17~24;6.507640068;1.010186757;1645;589;3.5348~7.0695;258000~318999;1
14965;*;*;17~24;5.549833887;1.014950166;1952;602;3.5348~7.0695;197000~257999;1
14966;*;*;17~24;4.621568627;1.174509804;1423;510;0.0000~3.5347;75000~135999;1
14967;*;*;25~32;4.897097625;0.894459103;1103;379;3.5348~7.0695;136000~196999;1
14968;*;*;25~32;5.877729258;1.027656477;2065;687;3.5348~7.0695;136000~196999;1
14969;*;*;33~40;5.896358543;0.952380952;973;357;*;136000~196999;1
14970;*;*;25~32;5.129985229;0.64254062;2098;677;0.0000~3.5347;75000~135999;1
14971;*;*;17~24;4.775047259;1.001890359;1556;529;0.0000~3.5347;75000~135999;0
14972;*;*;17~24;5.349248453;1.01061008;3424;1131;3.5348~7.0695;14000~135999;1
14973;*;*;1~16;4.362285714;1.077714286;2352;875;0.0000~3.5347;136000~196999;0
14974;*;*;9~16;4.145092461;1.044096728;2104;703;0.0000~3.5347;75000~135999;0
14975;*;*;9~16;5.980392157;1.016339869;2629;612;3.5348~7.0695;136000~196999;0
14976;*;*;17~24;6.202672606;1.042316258;1456;449;3.5348~7.0695;14000~135999;0
14977;*;*;17~24;5.438799076;1.025404157;1277;433;0.0000~3.5347;75000~135999;1
14978;*;*;17~24;5.211965812;0.994871795;2355;585;3.5348~7.0695;14000~135999;0
14979;*;*;17~24;5.439903846;1.060096154;1395;416;3.5348~7.0695;14000~135999;0
14980;*;*;17~24;5.248502994;1.035928144;1977;668;0.0000~3.5347;75000~135999;0
14981;*;*;9~16;6.297709924;0.992366412;334;131;3.5348~7.0695;136000~196999;1
14982;*;*;9~16;6.235915493;1.059859155;1046;284;3.5348~7.0695;136000~196999;1
14983;*;*;9~16;6.186046512;1.004651163;719;215;3.5348~7.0695;136000~196999;1
14984;*;*;9~16;6.390804598;0.942528736;441;174;3.5348~7.0695;136000~196999;1
14985;*;*;25~32;5.728882834;1.051771117;2012;734;0.0000~3.5347;136000~196999;0
14986;*;*;33~40;5.1525;1.0875;1169;400;*;136000~196999;0
14987;*;*;25~32;5.223880597;0.994029851;997;335;0.0000~3.5347;136000~196999;0
14988;*;*;33~40;6.081481481;1.111111111;404;135;0.0000~3.5347;75000~135999;0
14989;*;*;17~24;6.365973072;1.05875153;3280;817;3.5348~7.0695;136000~196999;0
14990;*;*;33~48;5.68627451;1.033613445;1142;357;3.5348~7.0695;14000~135999;0
14991;*;*;33~48;5.127625202;0.978998384;1557;619;3.5348~7.0695;14000~135999;0
14992;*;*;33~48;4.712765957;0.936170213;505;188;3.5348~7.0695;14000~135999;0
14993;*;*;33~40;4.914798206;1.020179372;1515;446;0.0000~3.5347;75000~135999;0
14994;*;*;17~24;6.055309735;1.056415929;3020;904;3.5348~7.0695;136000~196999;0
14995;*;*;33~40;5.236180905;1.005025126;1097;398;0.0000~3.5347;75000~135999;0
14996;*;*;25~32;4.946043165;0.960431655;1032;278;3.5348~7.0695;14000~135999;0
14997;*;*;33~48;6.271794872;1.054700855;1694;585;3.5348~7.0695;14000~135999;0
14998;*;*;25~32;5.576182137;1.029772329;1763;571;3.5348~7.0695;14000~135999;0
14999;*;*;33~40;4.591687042;1.11002445;991;409;0.0000~3.5347;75000~135999;0
15000;*;*;33~40;4.819875776;0.956521739;2288;805;*;136000~196999;0
15001;*;*;9~16;3.755403868;1.09556314;2000;879;0.0000~3.5347;75000~135999;0
15002;*;*;1~8;3.796833773;1.035620053;1727;758;0.0000~3.5347;14000~135999;0
15003;*;*;33~40;5.859693878;1.066326531;1070;392;*;136000~196999;0
15004;*;*;25~32;4.713798978;1.042589438;1437;587;0.0000~3.5347;136000~196999;0
15005;*;*;41~48;5.113095238;1.023809524;826;336;0.0000~3.5347;75000~135999;0
15006;*;*;33~40;4.235849057;1.009433962;918;424;*;136000~196999;1
15007;*;*;1~16;3.693251534;1;543;326;0.0000~3.5347;136000~196999;1
15008;*;*;33~40;5.368085106;1.038297872;976;470;*;136000~196999;1
15009;*;*;33~40;5.928057554;0.965827338;1345;556;*;197000~257999;1
15010;*;*;17~24;5.136245111;1.078878748;3898;1534;0.0000~3.5347;136000~196999;0
15011;*;*;25~32;4.220792079;1.026732673;2199;1010;0.0000~3.5347;136000~196999;1
15012;*;*;41~48;5.0736;1064;1534;625;*;136000~196999;0
15013;*;*;33~40;5.601607348;1.040183697;2076;871;*;136000~196999;0
15014;*;*;33~40;5.281914894;0.987588652;1285;564;*;136000~196999;0
15015;*;*;1~16;4.414079823;1.042682927;3769;1804;0.0000~3.5347;136000~196999;1
15016;*;*;17~24;3.607035928;1.116766467;2572;1336;0.0000~3.5347;75000~135999;1
15017;*;*;33~40;6.166666667;0.927083333;529;192;*;136000~196999;1
15018;*;*;17~24;3.566037736;1.052700065;2957;1537;0.0000~3.5347;136000~196999;1
15019;*;*;33~40;4.841446453;0.984700974;1726;719;*;136000~196999;1
15020;*;*;25~32;6.11369509;0.989664083;1077;387;3.5348~7.0695;136000~196999;1
15021;*;*;17~24;4.499388005;1.039779682;3331;1634;0.0000~3.5347;136000~196999;1
15022;*;*;25~32;4.668393782;1.038860104;776;386;0.0000~3.5347;136000~196999;1
15023;*;*;17~24;4.715214564;1.071521456;1800;769;0.0000~3.5347;136000~196999;1
15024;*;*;33~40;5.758853288;1.02529511;1464;593;*;197000~257999;1
15025;*;*;17~24;4.401904762;1.020952381;1005;525;0.0000~3.5347;136000~196999;1
15026;*;*;33~40;5.076219512;1.102134146;1592;656;*;136000~196999;1
15027;*;*;41~48;4.062801932;0.927536232;496;207;*;136000~196999;1
15028;*;*;25~32;4.725907384;1.020025031;1886;799;0.0000~3.5347;136000~196999;1
15029;*;*;17~24;4.518134715;1.031088083;1532;579;0.0000~3.5347;197000~257999;1
15030;*;*;25~32;5.144288577;0.871743487;1198;499;0.0000~3.5347;136000~196999;1
15031;*;*;33~40;6.720364742;1.167173252;868;329;*;136000~196999;1
15032;*;*;33~40;6.095717884;0.989924433;1003;397;*;136000~196999;1
15033;*;*;25~32;5.41554559;1.050822123;1609;669;3.5348~7.0695;136000~196999;1
15034;*;*;25~32;7.233766234;1.058441558;385;154;3.5348~7.0695;197000~257999;1
15035;*;*;25~32;4.611898017;1.028328612;1595;706;0.0000~3.5347;136000~196999;1
15036;*;*;33~40;7.438709677;1.077419355;828;310;*;258000~318999;1
15037;*;*;25~32;7.995505618;1.004494382;1097;445;7.0696~10.6043;*;1
15038;*;*;25~32;7.441520468;1.090643275;956;342;3.5348~7.0695;197000~257999;1
15039;*;*;33~40;6.60625;0.990625;881;320;*;197000~257999;1
15040;*;*;33~40;5.695550351;1.037470726;1147;427;*;136000~196999;1
15041;*;*;25~32;4.839655172;1.086206897;1785;580;0.0000~3.5347;75000~135999;1
15042;*;*;25~32;6.418168709;1.018745494;3941;1387;3.5348~7.0695;197000~257999;1
15043;*;*;17~24;5.904225352;1.05915493;2101;710;3.5348~7.0695;136000~196999;1
15044;*;*;1~16;8.579281184;1.080338266;1580;473;7.0696~10.6043;*;1
15045;*;*;9~16;6.456876457;0.946386946;1269;429;3.5348~7.0695;258000~501999;1
15046;*;*;1~8;7.468879668;1.020746888;1421;482;3.5348~7.0695;258000~501999;1
15047;*;*;17~24;7.731376975;1.011286682;1489;443;3.5348~7.0695;258000~318999;1
15048;*;*;25~32;7.990338164;1.016908213;1201;414;3.5348~7.0695;258000~318999;1
15049;*;*;17~24;5.352941176;1.048559021;6990;2533;0.0000~3.5347;136000~196999;1
15050;*;*;17~24;5.84;1.062068966;2191;725;3.5348~7.0695;197000~257999;1
15051;*;*;33~40;5.782608696;1.110671937;1590;506;*;136000~196999;1
15052;*;*;17~24;6.024137931;1.003448276;848;290;3.5348~7.0695;136000~196999;1
15053;*;*;1~8;6.50625;1.03125;1513;480;3.5348~7.0695;136000~196999;1
15054;*;*;17~24;5.992405063;1.017721519;1021;395;3.5348~7.0695;197000~257999;1
15055;*;*;17~24;5.450268817;0.997311828;2123;744;3.5348~7.0695;136000~196999;1
15056;*;*;17~24;4.791181364;1.046589018;3108;1202;0.0000~3.5347;136000~196999;1
15057;*;*;25~32;6.654109589;0.982876712;1081;292;3.5348~7.0695;197000~257999;1
15058;*;*;17~24;8.452914798;1.100896861;1410;446;3.5348~7.0695;258000~318999;1
15059;*;*;17~24;3.734529995;1.082664147;4868;2117;0.0000~3.5347;75000~135999;1
15060;*;*;17~24;4.917888563;0.637829912;1948;682;0.0000~3.5347;136000~196999;1
15061;*;*;17~24;3.921170396;1.064716007;7178;2905;0.0000~3.5347;75000~135999;1
15062;*;*;9~16;3.831867058;1.069403715;2612;1023;0.0000~3.5347;75000~135999;1
15063;*;*;17~24;4.36574746;1.005805515;2341;689;0.0000~3.5347;75000~135999;1
15064;*;*;33~40;4.173745174;1.027027027;691;259;0.0000~3.5347;75000~135999;1
15065;*;*;17~24;3.877138414;1.077760498;1420;643;0.0000~3.5347;75000~135999;1
15066;*;*;17~24;4.083499006;1.0944334;2971;1006;0.0000~3.5347;75000~135999;1
15067;*;*;17~24;4.246553122;1.074614761;3308;1233;0.0000~3.5347;136000~196999;1
15068;*;*;33~40;4.514388489;0.856115108;671;278;*;136000~196999;1
15069;*;*;33~40;4.524390244;0.959349593;681;246;*;136000~196999;1
15070;*;*;25~32;4.155629139;1.119205298;782;302;0.0000~3.5347;75000~135999;1
15071;*;*;25~32;6.280936455;1.107023411;1611;598;3.5348~7.0695;136000~196999;1
15072;*;*;25~32;5.427893738;0.976280835;2672;1054;3.5348~7.0695;136000~196999;1
15073;*;*;33~40;6.507117438;0.957295374;1513;562;*;136000~196999;1
15074;*;*;33~40;5.746835443;1.028481013;768;316;*;136000~196999;1
15075;*;*;25~32;5.557065217;1.081521739;912;368;0.0000~3.5347;136000~196999;1
15076;*;*;25~32;6.010840108;1.027100271;1997;738;3.5348~7.0695;197000~257999;1
15077;*;*;17~24;7.307128581;1.01332445;4439;1501;3.5348~7.0695;197000~257999;1
15078;*;*;17~24;4.382352941;0.941176471;101;34;0.0000~3.5347;75000~135999;1
15079;*;*;17~24;3.799516908;1.137681159;844;414;0.0000~3.5347;75000~135999;1
15080;*;*;9~16;4.019447288;1.0419652;2204;977;0.0000~3.5347;75000~135999;1
15081;*;*;17~24;4.330964467;1.025380711;2766;985;0.0000~3.5347;75000~135999;1
15082;*;*;25~32;4.327169275;1.036984353;1964;703;0.0000~3.5347;136000~196999;1
15083;*;*;17~24;4.327341533;1.08987701;3045;1057;0.0000~3.5347;75000~135999;1
15084;*;*;25~32;4.610512129;1.082210243;1681;742;0.0000~3.5347;75000~135999;1
15085;*;*;33~40;6.258865248;1.007092199;772;282;*;136000~196999;1
15086;*;*;17~24;5.091603053;1.007633588;1510;524;0.0000~3.5347;136000~196999;1
15087;*;*;25~32;5.750696379;0.994428969;1820;718;3.5348~7.0695;136000~196999;1
15088;*;*;17~24;6.622324159;0.974006116;1952;654;3.5348~7.0695;197000~257999;1
15089;*;*;33~40;5.580882353;0.985294118;857;272;*;136000~196999;1
15090;*;*;17~24;3.893175074;1.169139466;836;337;0.0000~3.5347;75000~135999;1
15091;*;*;17~24;3.989316239;1.14957265;1219;468;0.0000~3.5347;75000~135999;1
15092;*;*;17~24;5.184322034;0.987288136;1573;472;0.0000~3.5347;75000~135999;1
15093;*;*;17~24;4.860805861;0.968864469;2852;1092;0.0000~3.5347;75000~135999;1
15094;*;*;9~16;4.385895404;1.136291601;3112;1262;0.0000~3.5347;75000~135999;1
15095;*;*;25~32;5.388185654;1.23628692;698;237;0.0000~3.5347;136000~196999;1
15096;*;*;1~16;3.817014446;1.024077047;1410;623;0.0000~3.5347;136000~196999;1
15097;*;*;33~40;5.908163265;0.969387755;826;294;*;136000~196999;1
15098;*;*;1~16;4.106035889;1.030995106;1686;613;0.0000~3.5347;136000~196999;1
15099;*;*;9~16;4.877094972;1.115456238;1513;537;0.0000~3.5347;75000~135999;1
15100;*;*;17~24;5.105882353;0.994957983;1904;595;3.5348~7.0695;136000~196999;1
15101;*;*;17~24;4.832365747;1.017416546;3183;1378;0.0000~3.5347;75000~135999;1
15102;*;*;17~24;5.186676995;1.027110767;3687;1291;0.0000~3.5347;136000~196999;1
15103;*;*;25~32;5.496835443;1.001054852;3025;948;3.5348~7.0695;14000~135999;1
15104;*;*;9~16;5.36036036;1.070570571;3321;666;3.5348~7.0695;14000~135999;1
15105;*;*;17~24;4.84918136;1.032745592;7302;3176;0.0000~3.5347;75000~135999;1
15106;*;*;17~24;5.161375661;1.044973545;901;378;0.0000~3.5347;136000~196999;1
15107;*;*;17~24;6.071104387;1.018154312;2263;661;3.5348~7.0695;136000~196999;1
15108;*;*;9~16;5.472144063;1.010692178;5247;1777;3.5348~7.0695;136000~196999;1
15109;*;*;9~16;6.091451292;0.986083499;1681;503;3.5348~7.0695;136000~196999;1
15110;*;*;17~24;6.518672199;1.02351314;2531;723;3.5348~7.0695;136000~196999;1
15111;*;*;9~16;5.860688551;1.024019215;4048;1249;3.5348~7.0695;136000~196999;1
15112;*;*;17~24;6.008498584;0.966005666;1236;353;3.5348~7.0695;136000~196999;1
15113;*;*;9~16;5.536585366;1.020803443;4383;1394;3.5348~7.0695;136000~196999;1
15114;*;*;17~24;6.003120125;1.029121165;6296;1923;3.5348~7.0695;136000~196999;1
15115;*;*;17~24;6.013921114;0.960556845;1401;431;3.5348~7.0695;136000~196999;1
15116;*;*;17~24;5.918495298;1;950;319;3.5348~7.0695;136000~196999;1
15117;*;*;1~16;5.365195028;1.07415345;6389;2333;0.0000~3.5347;136000~196999;1
15118;*;*;25~32;5.658008658;1.883116883;752;231;0.0000~3.5347;75000~135999;1
15119;*;*;9~16;3.887173397;1.062945368;1872;842;0.0000~3.5347;75000~135999;1
15120;*;*;1~16;4.548066298;1.093922652;2770;905;0.0000~3.5347;136000~196999;1
15121;*;*;25~32;5.671052632;1.01754386;599;228;3.5348~7.0695;136000~196999;1
15122;*;*;25~32;6.133587786;0.965648855;778;262;3.5348~7.0695;136000~196999;1
15123;*;*;33~40;5.595394737;1.042763158;872;304;*;136000~196999;1
15124;*;*;9~16;5.92038835;0.914563107;1527;515;3.5348~7.0695;136000~196999;1
15125;*;*;17~24;6.879003559;1.09252669;2630;843;3.5348~7.0695;258000~318999;1
15126;*;*;1~16;5.064777328;1.076923077;1211;494;0.0000~3.5347;197000~257999;1
15127;*;*;1~16;5.413043478;1.034161491;652;322;0.0000~3.5347;136000~196999;1
15128;*;*;9~16;5.291666667;1.036458333;1690;576;3.5348~7.0695;136000~196999;1
15129;*;*;1~16;4.873517787;1.104084321;2310;759;0.0000~3.5347;136000~196999;1
15130;*;*;9~16;5.982922201;1.191650854;1633;527;3.5348~7.0695;14000~135999;1
15131;*;*;9~16;4.434607646;1.042253521;1472;497;0.0000~3.5347;75000~135999;1
15132;*;*;17~24;5.968565815;1.039292731;1463;509;3.5348~7.0695;136000~196999;1
15133;*;*;17~24;4.439446367;0.961937716;684;289;0.0000~3.5347;136000~196999;1
15134;*;*;17~24;5.676537585;1.125284738;1278;439;0.0000~3.5347;136000~196999;1
15135;*;*;17~24;5.180451128;1.011278195;767;266;3.5348~7.0695;136000~196999;1
15136;*;*;9~16;5.722154223;1.020807834;2188;817;3.5348~7.0695;136000~196999;1
15137;*;*;9~16;6.035962877;0.504640371;2515;862;3.5348~7.0695;136000~196999;1
15138;*;*;9~16;5.987096774;1.006451613;1458;465;3.5348~7.0695;136000~196999;1
15139;*;*;17~24;5.956958393;1.008608321;2255;697;3.5348~7.0695;136000~196999;1
15140;*;*;9~16;6.202090592;1.033101045;1757;574;3.5348~7.0695;136000~196999;1
15141;*;*;17~24;5.065918654;1.033660589;1864;713;0.0000~3.5347;136000~196999;1
15142;*;*;17~24;5.601336303;0.986636971;1442;449;3.5348~7.0695;136000~196999;1
15143;*;*;17~24;5.452781371;1.047865459;2104;773;3.5348~7.0695;136000~196999;1
15144;*;*;9~16;5.111111111;1.095607235;1085;387;3.5348~7.0695;136000~196999;1
15145;*;*;9~16;6.106212425;0.991983968;1507;499;3.5348~7.0695;136000~196999;1
15146;*;*;17~24;6.830645161;1.024193548;1078;372;3.5348~7.0695;197000~257999;1
15147;*;*;17~24;5.995753715;0.936305732;1480;471;3.5348~7.0695;136000~196999;1
15148;*;*;17~24;6.162251656;1.109271523;1561;604;3.5348~7.0695;197000~257999;1
15149;*;*;17~24;5.942307692;1.061538462;1621;520;3.5348~7.0695;136000~196999;1
15150;*;*;17~24;6.161849711;1.265895954;536;173;0.0000~3.5347;75000~135999;1
15151;*;*;17~24;6.155709343;1.017301038;1439;578;3.5348~7.0695;197000~257999;1
15152;*;*;1~32;7.92147806;0.981524249;1468;433;10.6044~16.0000;*;1
15153;*;*;25~32;9.505154639;1.103092784;314;97;7.0696~10.6043;*;1
15154;*;*;1~16;7.972727273;1.02987013;2693;770;7.0696~10.6043;*;1
15155;*;*;1~8;7.465098039;1.112156863;4413;1275;3.5348~7.0695;258000~501999;1
15156;*;*;9~16;6.901554404;1.015544041;640;193;3.5348~7.0695;136000~196999;1
15157;*;*;9~16;5.882882883;0.882882883;713;222;3.5348~7.0695;136000~196999;1
15158;*;*;17~24;7.009193777;1.015558699;4763;1414;3.5348~7.0695;136000~196999;1
15159;*;*;17~24;5.739616613;1.055910543;1992;626;3.5348~7.0695;136000~196999;1
15160;*;*;9~16;5.500819672;1.029508197;3683;1220;3.5348~7.0695;136000~196999;1
15161;*;*;9~16;5.972685888;1.053110774;1935;659;3.5348~7.0695;197000~257999;1
15162;*;*;9~16;5.308527132;1.082170543;1940;645;3.5348~7.0695;136000~196999;1
15163;*;*;17~24;6.742962056;1.05997552;2748;817;3.5348~7.0695;136000~196999;1
15164;*;*;25~32;5.928571429;1.037267081;1043;322;3.5348~7.0695;136000~196999;1
15165;*;*;17~24;5.754475703;1.042199488;2456;782;3.5348~7.0695;136000~196999;1
15166;*;*;17~24;5.505434783;1.005434783;1297;552;3.5348~7.0695;136000~196999;1
15167;*;*;17~24;4.46567718;1.012059369;3013;1078;0.0000~3.5347;136000~196999;1
15168;*;*;17~24;4.234693878;0.969387755;279;196;0.0000~3.5347;75000~135999;1
15169;*;*;17~24;5.909706546;1.094808126;726;443;0.0000~3.5347;136000~196999;1
15170;*;*;25~32;5.905292479;1.061281337;588;359;0.0000~3.5347;136000~196999;1
15171;*;*;17~24;6.130620985;1.423982869;715;467;0.0000~3.5347;136000~196999;1
15172;*;*;17~24;6.444043321;0.920577617;667;277;3.5348~7.0695;258000~318999;1
15173;*;*;17~24;5.95;0.908823529;678;340;7.0696~10.6043;*;1
15174;*;*;9~16;6.658341658;1.22977023;2026;1001;3.5348~7.0695;258000~501999;1
15175;*;*;9~16;6.221590909;0.897727273;361;176;3.5348~7.0695;258000~501999;1
15176;*;*;9~16;5.669135802;1.111111111;818;405;3.5348~7.0695;136000~196999;1
15177;*;*;1~8;5.808184143;1.47826087;926;391;3.5348~7.0695;197000~257999;1
15178;*;*;1~16;5.407871199;1.114490161;1283;559;0.0000~3.5347;136000~196999;1
15179;*;*;17~24;6.493421053;0.934210526;463;152;3.5348~7.0695;197000~257999;1
15180;*;*;17~24;4.617241379;0.979310345;761;290;3.5348~7.0695;136000~196999;1
15181;*;*;17~24;7.035353535;1;1228;396;3.5348~7.0695;197000~257999;1
15182;*;*;9~16;7.060273973;0.950684932;1193;365;3.5348~7.0695;258000~501999;1
15183;*;*;1~16;8.861438679;1.34375;5613;1696;7.0696~10.6043;*;0
15184;*;*;17~24;3.824879227;1.039855072;2098;828;0.0000~3.5347;75000~135999;1
15185;*;*;1~8;7.508298755;1.597510373;1134;482;3.5348~7.0695;136000~196999;1
15186;*;*;1~8;6.574750831;1.073920266;2741;1204;3.5348~7.0695;258000~501999;1
15187;*;*;9~16;7.863247863;1.085470085;580;234;3.5348~7.0695;258000~501999;1
15188;*;*;9~16;5.227043391;1.060544904;1639;991;3.5348~7.0695;197000~257999;1
15189;*;*;9~16;4.142857143;0.952380952;32;21;3.5348~7.0695;136000~196999;1
15190;*;*;17~24;7.339832869;1.08356546;994;359;3.5348~7.0695;258000~318999;1
15191;*;*;17~24;7;0.923664122;388;131;3.5348~7.0695;258000~318999;1
15192;*;*;1~16;8.446691176;1.042279412;1643;544;7.0696~10.6043;*;1
15193;*;*;9~16;6.366071429;0.970982143;1083;448;3.5348~7.0695;258000~501999;1
15194;*;*;1~16;7.526785714;0.959821429;1536;448;7.0696~10.6043;*;1
15195;*;*;1~16;8.506024096;1.114457831;529;166;7.0696~10.6043;*;1
15196;*;*;9~16;6.961937716;1.093425606;802;289;3.5348~7.0695;197000~257999;1
15197;*;*;9~16;7.425925926;0.985185185;827;270;3.5348~7.0695;258000~501999;1
15198;*;*;9~16;6.835051546;0.996563574;814;291;3.5348~7.0695;197000~257999;1
15199;*;*;9~16;6.851258581;1.018306636;1047;437;3.5348~7.0695;136000~196999;1
15200;*;*;9~16;5.803977273;1.102272727;705;352;3.5348~7.0695;136000~196999;1
15201;*;*;1~16;7.634854772;0.975103734;855;241;7.0696~10.6043;*;1
15202;*;*;9~16;7.379464286;1.017857143;690;224;3.5348~7.0695;197000~257999;1
15203;*;*;1~8;6.208558371;1.034482759;6600;2407;3.5348~7.0695;258000~501999;1
15204;*;*;1~16;6.696969697;0.943722944;683;231;7.0696~10.6043;*;1
15205;*;*;1~8;6.971496437;1.160332542;1917;842;3.5348~7.0695;258000~501999;1
15206;*;*;9~16;5.784543326;0.976580796;904;427;3.5348~7.0695;197000~257999;1
15207;*;*;1~8;5.593189964;1.127240143;2211;1116;3.5348~7.0695;258000~501999;1
15208;*;*;1~8;5.390459364;1.098939929;3775;1698;3.5348~7.0695;197000~257999;1
15209;*;*;1~8;6.27383592;1.032150776;2565;902;3.5348~7.0695;197000~257999;1
15210;*;*;9~16;6.671779141;1.003067485;1037;326;3.5348~7.0695;197000~257999;1
15211;*;*;17~24;6.316306483;1.155206287;1618;509;3.5348~7.0695;197000~257999;1
15212;*;*;1~32;3.652597403;0.886363636;687;308;0.0000~3.5347;258000~501999;1
15213;*;*;9~16;5.95703125;1.091796875;1444;512;3.5348~7.0695;136000~196999;1
15214;*;*;9~16;6.379166667;1.008333333;850;240;3.5348~7.0695;258000~501999;1
15215;*;*;1~8;6.574215437;1.108142494;7417;2358;3.5348~7.0695;258000~501999;1
15216;*;*;9~16;5.994891443;1.052362708;2223;783;3.5348~7.0695;197000~257999;1
15217;*;*;1~8;6.199324324;0.905405405;1723;592;3.5348~7.0695;197000~257999;1
15218;*;*;9~16;7.13681592;1.007462687;1526;402;3.5348~7.0695;197000~257999;1
15219;*;*;1~8;6.020026702;1.049399199;4438;1498;3.5348~7.0695;258000~501999;1
15220;*;*;1~8;6.033160622;1.152331606;7644;2895;3.5348~7.0695;197000~257999;1
15221;*;*;17~24;5.713942308;1.054086538;2412;832;3.5348~7.0695;136000~196999;1
15222;*;*;1~8;7.037116345;1.033547466;4194;1401;3.5348~7.0695;258000~501999;0
15223;*;*;9~16;6.321266968;1.076923077;1387;442;3.5348~7.0695;197000~257999;0
15224;*;*;9~16;6.244623656;1.002688172;1057;372;3.5348~7.0695;197000~257999;0
15225;*;*;1~16;7.267759563;0.961748634;1226;366;7.0696~10.6043;*;0
15226;*;*;9~16;5.547619048;1.016483516;1559;546;3.5348~7.0695;136000~196999;0
15227;*;*;9~16;6.920427553;1.047505938;2588;842;3.5348~7.0695;258000~501999;0
15228;*;*;1~8;6.692852543;1.04121056;4496;1553;3.5348~7.0695;258000~501999;0
15229;*;*;9~16;7.888888889;1.107142857;770;252;3.5348~7.0695;258000~501999;0
15230;*;*;1~32;8.259803922;1.06127451;1020;408;10.6044~16.0000;*;0
15231;*;*;1~32;8.329411765;1.065882353;1364;425;10.6044~16.0000;*;0
15232;*;*;25~32;7.866995074;1.118226601;1032;406;7.0696~10.6043;*;0
15233;*;*;1~32;8.427659574;1.087234043;1541;470;10.6044~16.0000;*;0
15234;*;*;25~32;5.481953291;1.050955414;1088;471;3.5348~7.0695;380000~501999;0
15235;*;*;33~40;6.102836879;0.936170213;710;282;*;441000~501999;0
15236;*;*;33~40;6.092250923;1.007380074;650;271;*;441000~501999;0
15237;*;*;17~24;5.418972332;1.212450593;1947;1012;3.5348~7.0695;380000~501999;0
15238;*;*;25~32;8.119205298;1.357615894;380;151;3.5348~7.0695;380000~501999;0
15239;*;*;1~16;7.427480916;0.992366412;1454;524;7.0696~10.6043;*;0
15240;*;*;1~16;7.116147309;1.008498584;795;353;7.0696~10.6043;*;0
15241;*;*;1~32;8.520376176;1.021943574;1011;319;10.6044~16.0000;*;0
15242;*;*;1~16;7.769716088;1.181388013;1478;634;7.0696~10.6043;*;0
15243;*;*;9~16;6.082125604;1.106280193;931;414;3.5348~7.0695;258000~501999;0
15244;*;*;25~32;5.975609756;1.088691796;1059;451;3.5348~7.0695;380000~501999;0
15245;*;*;33~40;5.776190476;1.080952381;1085;420;*;380000~440999;0
15246;*;*;25~32;5.491582492;1.043771044;665;297;3.5348~7.0695;380000~501999;0
15247;*;*;1~16;4.26252505;1.026052104;1532;499;0.0000~3.5347;197000~257999;0
15248;*;*;17~24;6.167286245;1.074349442;1273;538;3.5348~7.0695;380000~501999;0
15249;*;*;9~16;4.372197309;1.09529148;1690;892;3.5348~7.0695;197000~257999;0
15250;*;*;17~24;8.084057971;1.87826087;849;345;3.5348~7.0695;197000~257999;0
15251;*;*;17~24;8.908653846;1.884615385;351;208;3.5348~7.0695;197000~257999;0
15252;*;*;25~32;5.373313343;1.067466267;1619;667;3.5348~7.0695;380000~501999;0
15253;*;*;17~24;4.75;1.015625;1251;576;3.5348~7.0695;319000~379999;0
15254;*;*;9~16;5.020175439;1.089473684;2450;1140;3.5348~7.0695;258000~501999;0
15255;*;*;17~24;6.332386364;0.982954545;1088;352;3.5348~7.0695;258000~318999;0
15256;*;*;9~16;6.863134658;0.993377483;1433;453;3.5348~7.0695;258000~501999;0
15257;*;*;1~16;5.660194175;1.072815534;1412;618;0.0000~3.5347;136000~196999;0
15258;*;*;1~8;7.314775161;1.055674518;1319;467;3.5348~7.0695;258000~501999;0
15259;*;*;25~32;5.745980707;1;1108;311;3.5348~7.0695;197000~257999;0
15260;*;*;1~16;5.384615385;1.064903846;1104;416;0.0000~3.5347;136000~196999;0
15261;*;*;9~16;6.762043796;1.108029197;1724;685;3.5348~7.0695;258000~501999;0
15262;*;*;17~24;5.662109375;0.974609375;1356;512;3.5348~7.0695;197000~257999;0
15263;*;*;17~24;6.23255814;0.988372093;928;344;3.5348~7.0695;258000~318999;0
15264;*;*;1~32;3.924657534;1.157534247;672;292;0.0000~3.5347;258000~501999;0
15265;*;*;1~16;5.021396396;1.045045045;2471;888;0.0000~3.5347;197000~257999;0
15266;*;*;25~32;4.551980198;0.97029703;1302;404;3.5348~7.0695;197000~257999;0
15267;*;*;25~32;5.288461538;1.067307692;1281;520;3.5348~7.0695;258000~318999;0
15268;*;*;1~32;4.38576779;1.202247191;603;267;0.0000~3.5347;258000~501999;0
15269;*;*;9~16;6.56019656;1.046683047;1034;407;3.5348~7.0695;258000~501999;0
15270;*;*;17~24;6.775210084;1.081932773;1463;476;3.5348~7.0695;319000~379999;0
15271;*;*;1~8;6.922535211;1.049295775;1335;426;3.5348~7.0695;258000~501999;0
15272;*;*;17~24;6.492307692;1.030769231;1008;325;3.5348~7.0695;319000~379999;0
15273;*;*;1~8;4.433581296;1.08607864;2585;941;3.5348~7.0695;197000~257999;0
15274;*;*;1~32;5.485119048;1.09077381;1612;672;0.0000~3.5347;258000~501999;0
15275;*;*;9~16;4.52238806;1.096336499;1371;737;0.0000~3.5347;75000~135999;0
15276;*;*;17~24;5.053846154;1.013461538;1389;520;3.5348~7.0695;319000~379999;0
15277;*;*;17~24;6.744416873;1.285359801;815;403;3.5348~7.0695;319000~379999;0
15278;*;*;1~32;4.357601713;1.143468951;948;467;0.0000~3.5347;258000~501999;0
15279;*;*;9~16;4.560869565;1.108695652;2165;690;3.5348~7.0695;258000~501999;0
15280;*;*;1~32;4.911764706;1.156108597;870;442;0.0000~3.5347;258000~501999;0
15281;*;*;25~32;4.387628866;1.072164948;1049;485;3.5348~7.0695;258000~318999;0
15282;*;*;33~40;4.595907928;1.171355499;775;391;*;319000~379999;0
15283;*;*;9~16;5.878902045;1.098493003;4773;1858;3.5348~7.0695;258000~501999;0
15284;*;*;25~32;6.104925054;0.980728051;1286;467;3.5348~7.0695;197000~257999;0
15285;*;*;25~32;6.530275229;1.012844037;1533;545;3.5348~7.0695;197000~257999;0
15286;*;*;9~16;6.42961165;1.073786408;5495;2060;3.5348~7.0695;258000~501999;0
15287;*;*;1~32;5.79175705;1.143167028;936;461;0.0000~3.5347;258000~501999;0
15288;*;*;1~32;5.681710214;1.059382423;747;421;0.0000~3.5347;258000~501999;0
15289;*;*;1~8;5.876190476;1;224;105;3.5348~7.0695;136000~196999;0
15290;*;*;1~8;5.144516129;1.098709677;2904;1550;3.5348~7.0695;136000~196999;0
15291;*;*;1~8;4.825174825;1.125874126;755;286;3.5348~7.0695;136000~196999;0
15292;*;*;1~8;6.364681296;1.063740857;2064;957;3.5348~7.0695;258000~501999;0
15293;*;*;9~16;6.626566416;1.05764411;1197;399;3.5348~7.0695;258000~501999;0
15294;*;*;1~16;3.838763576;1.120300752;2849;1197;0.0000~3.5347;136000~196999;0
15295;*;*;17~24;4.089430894;1.12601626;610;246;0.0000~3.5347;136000~196999;0
15296;*;*;17~24;4.06116643;1.012091038;4163;1406;0.0000~3.5347;136000~196999;0
15297;*;*;17~24;6.896373057;1.580310881;580;193;3.5348~7.0695;380000~501999;0
15298;*;*;9~16;3.750556793;1.146993318;902;449;3.5348~7.0695;197000~257999;0
15299;*;*;1~32;4.241996234;1.073446328;2111;1062;0.0000~3.5347;258000~501999;0
15300;*;*;25~32;5.245746692;1.08979206;2372;1058;0.0000~3.5347;136000~196999;0
15301;*;*;33~40;5.019480519;0.944805195;833;308;*;136000~196999;0
15302;*;*;33~40;5.108527132;1.093023256;812;387;*;197000~257999;0
15303;*;*;1~32;5.57493188;1.204359673;812;367;0.0000~3.5347;258000~501999;0
15304;*;*;1~32;4.901015228;1.291878173;855;394;0.0000~3.5347;258000~501999;0
15305;*;*;17~24;3.457455771;1.073294019;4729;1187;0.0000~3.5347;136000~196999;0
15306;*;*;33~40;5.022779043;1.031890661;1138;439;*;197000~257999;0
15307;*;*;17~24;3.409090909;1.335664336;650;286;0.0000~3.5347;136000~196999;0
15308;*;*;33~40;4.220588235;1.044117647;486;204;*;136000~196999;0
15309;*;*;33~40;3.741935484;1.064516129;538;248;*;197000~257999;0
15310;*;*;1~32;7.239942529;1.972701149;1298;696;0.0000~3.5347;258000~501999;0
15311;*;*;1~32;4.606703911;1.279329609;1703;895;0.0000~3.5347;258000~501999;0
15312;*;*;17~24;4.406103286;1.363849765;1288;426;0.0000~3.5347;75000~135999;0
15313;*;*;17~24;2.909090909;0.993730408;845;319;0.0000~3.5347;136000~196999;0
15314;*;*;17~24;2.991525424;0.949152542;359;118;0.0000~3.5347;136000~196999;0
15315;*;*;25~32;4.501577287;1.217665615;974;317;0.0000~3.5347;136000~196999;0
15316;*;*;17~24;3.98757764;1.15320911;1190;483;0.0000~3.5347;136000~196999;0
15317;*;*;17~24;4.055238095;1.07047619;1323;525;0.0000~3.5347;136000~196999;0
15318;*;*;25~32;5.034979424;0.991769547;1405;486;0.0000~3.5347;136000~196999;0
15319;*;*;17~24;5.300643087;1.170418006;1793;622;0.0000~3.5347;136000~196999;0
15320;*;*;17~24;5.322147651;0.879194631;912;298;3.5348~7.0695;136000~196999;0
15321;*;*;17~24;5.440633245;0.992084433;1302;379;3.5348~7.0695;136000~196999;0
15322;*;*;25~32;5.392241379;0.948275862;700;232;3.5348~7.0695;136000~196999;0
15323;*;*;1~16;5.305160142;1.220640569;3015;1124;0.0000~3.5347;197000~257999;0
15324;*;*;25~32;6.519630485;1.099307159;1189;433;3.5348~7.0695;197000~257999;0
15325;*;*;17~24;6.845559846;1.067567568;1533;518;3.5348~7.0695;197000~257999;0
15326;*;*;1~16;4.613065327;1.061557789;1827;796;0.0000~3.5347;136000~196999;0
15327;*;*;17~24;6.395348837;0.939177102;1654;559;3.5348~7.0695;258000~318999;0
15328;*;*;1~16;5.378892734;1.096885813;1823;578;0.0000~3.5347;136000~196999;1
15329;*;*;9~16;4.490074442;0.981389578;1759;806;0.0000~3.5347;75000~135999;1
15330;*;*;17~24;4.53427065;1.061511424;982;569;0.0000~3.5347;136000~196999;0
15331;*;*;1~8;5.962264151;1.086792453;792;265;3.5348~7.0695;136000~196999;1
15332;*;*;9~16;4.851926978;1.053752535;1810;986;0.0000~3.5347;75000~135999;0
15333;*;*;17~24;5.13059034;1.076923077;855;559;0.0000~3.5347;75000~135999;0
15334;*;*;9~16;4.78280543;1.049773756;316;221;0.0000~3.5347;75000~135999;0
15335;*;*;17~24;4.326388889;1.041666667;424;288;0.0000~3.5347;75000~135999;0
15336;*;*;1~8;5.727411945;1.143950995;6666;2612;3.5348~7.0695;136000~196999;0
15337;*;*;9~16;6.086602732;1.090671316;8738;3441;3.5348~7.0695;197000~257999;0
15338;*;*;1~16;5.282555283;1.132678133;1428;407;0.0000~3.5347;136000~196999;0
15339;*;*;9~16;4.598997494;1.077694236;599;399;0.0000~3.5347;75000~135999;0
15340;*;*;17~24;5.365748709;1.061101549;4127;1162;0.0000~3.5347;136000~196999;0
15341;*;*;17~24;5.79736211;1.023980815;2983;834;3.5348~7.0695;136000~196999;0
15342;*;*;33~48;4.770562771;1.043290043;1435;462;3.5348~7.0695;14000~135999;0
15343;*;*;1~8;6.631768953;1.036101083;934;277;3.5348~7.0695;136000~196999;0
15344;*;*;17~24;6.026369168;1.229208925;2051;493;0.0000~3.5347;75000~135999;0
15345;*;*;25~32;4.391812865;1.073099415;1514;342;0.0000~3.5347;75000~135999;0
15346;*;*;25~32;4.297385621;1.016339869;1425;306;0.0000~3.5347;75000~135999;0
15347;*;*;9~16;6.522340426;1.106382979;4049;940;3.5348~7.0695;136000~196999;1
15348;*;*;9~16;7.039215686;0.983193277;1151;357;3.5348~7.0695;258000~501999;1
15349;*;*;9~16;6.178284182;1.069705094;2582;746;3.5348~7.0695;136000~196999;1
15350;*;*;17~24;6.356060606;1.041666667;1227;264;3.5348~7.0695;14000~135999;1
15351;*;*;17~24;6.112860892;1.099737533;1456;381;3.5348~7.0695;14000~135999;1
15352;*;*;9~16;5.069868996;1.112081514;2140;687;0.0000~3.5347;75000~135999;1
15353;*;*;9~16;4.56231454;0.934718101;1843;674;0.0000~3.5347;75000~135999;1
15354;*;*;1~8;6.278894472;1.055276382;1314;398;3.5348~7.0695;136000~196999;1
15355;*;*;1~8;5.766690091;1.070274069;4399;1423;3.5348~7.0695;136000~196999;1
15356;*;*;1~16;5.140302613;1.041265475;2212;727;0.0000~3.5347;136000~196999;0
15357;*;*;1~16;5.041450777;1.022452504;1130;579;0.0000~3.5347;136000~196999;0
15358;*;*;9~16;4.909793814;1.072164948;1258;388;0.0000~3.5347;75000~135999;0
15359;*;*;1~16;5.22183908;1.012643678;2298;870;0.0000~3.5347;136000~196999;0
15360;*;*;9~16;5.27049696;1.010484378;35682;4769;0.0000~3.5347;75000~135999;1
15361;*;*;17~24;6.649651972;1.025522042;1354;431;3.5348~7.0695;197000~257999;1
15362;*;*;9~16;7.002212389;1.066371681;1351;452;3.5348~7.0695;258000~501999;1
15363;*;*;9~16;7.421319797;1.098984772;1193;394;3.5348~7.0695;258000~501999;1
15364;*;*;9~16;6.535802469;1.008641975;2312;810;3.5348~7.0695;258000~501999;1
15365;*;*;9~16;7.195652174;1.060869565;1104;460;3.5348~7.0695;258000~501999;1
15366;*;*;1~16;5.874113475;1.203900709;1022;564;0.0000~3.5347;136000~196999;1
15367;*;*;9~16;6.233333333;1.158823529;2778;1020;3.5348~7.0695;258000~501999;1
15368;*;*;9~16;6.860714286;1.114285714;862;280;3.5348~7.0695;258000~501999;1
15369;*;*;1~16;5.147016012;1.113537118;2007;687;0.0000~3.5347;136000~196999;1
15370;*;*;9~16;6.377358491;1.091981132;1322;424;3.5348~7.0695;197000~257999;1
15371;*;*;17~24;5.121165644;1.079754601;1727;652;0.0000~3.5347;136000~196999;1
15372;*;*;9~16;5.410852713;1.01744186;1696;516;3.5348~7.0695;136000~196999;1
15373;*;*;17~24;4.149100257;1.107969152;1031;389;0.0000~3.5347;75000~135999;1
15374;*;*;17~24;5.49694501;1.105906314;1425;491;0.0000~3.5347;136000~196999;1
15375;*;*;1~16;4.433133733;1.093812375;1440;501;0.0000~3.5347;136000~196999;1
15376;*;*;1~16;3.43444227;1.037181996;1687;511;0.0000~3.5347;136000~196999;1
15377;*;*;9~16;6.016688062;1.017971759;2436;779;3.5348~7.0695;136000~196999;1
15378;*;*;9~16;6.191111111;1.066666667;1250;450;3.5348~7.0695;197000~257999;1
15379;*;*;1~16;4.071038251;1.049180328;2833;915;0.0000~3.5347;197000~257999;1
15380;*;*;9~16;6.256578947;1.111842105;848;304;3.5348~7.0695;258000~501999;1
15381;*;*;9~16;5.851351351;1.069498069;1301;518;3.5348~7.0695;258000~501999;1
15382;*;*;17~24;5.664705882;1.150980392;1931;510;3.5348~7.0695;197000~257999;1
15383;*;*;9~16;6.656790123;1.013580247;2350;810;3.5348~7.0695;258000~501999;1
15384;*;*;17~24;5.767213115;1.078688525;2091;610;0.0000~3.5347;136000~196999;1
15385;*;*;9~16;5.409259259;1.183333333;1838;540;0.0000~3.5347;75000~135999;1
15386;*;*;9~16;5.637305699;1.082901554;601;193;3.5348~7.0695;197000~257999;1
15387;*;*;17~24;6.40569395;1.110320285;891;281;3.5348~7.0695;258000~318999;1
15388;*;*;9~16;5.756957328;1.055658627;1704;539;3.5348~7.0695;258000~501999;1
15389;*;*;9~16;5.574861368;1.11090573;1727;541;3.5348~7.0695;197000~257999;1
15390;*;*;17~24;9.380090498;1.416289593;573;221;7.0696~10.6043;*;1
15391;*;*;9~16;6.241269841;1.06031746;3129;945;3.5348~7.0695;197000~257999;1
15392;*;*;17~24;5.900990099;1.067326733;1531;505;0.0000~3.5347;197000~257999;1
15393;*;*;1~16;5.877667141;1.099573257;2012;703;0.0000~3.5347;197000~257999;1
15394;*;*;1~32;8136;1658;918;500;0.0000~3.5347;258000~501999;1
15395;*;*;9~16;6.719399538;1.061200924;2228;866;3.5348~7.0695;258000~501999;1
15396;*;*;9~16;6.517578125;1.115234375;1385;512;3.5348~7.0695;258000~501999;1
15397;*;*;9~16;6.232209738;0.543071161;2106;801;3.5348~7.0695;258000~501999;1
15398;*;*;9~16;6.844783715;1.167938931;1253;393;3.5348~7.0695;258000~501999;1
15399;*;*;9~16;7.239737274;1.032840722;1875;609;3.5348~7.0695;258000~501999;1
15400;*;*;17~24;6.155778894;1.125628141;1693;597;0.0000~3.5347;136000~196999;1
15401;*;*;1~16;3.810714286;1.148214286;1555;560;0.0000~3.5347;136000~196999;1
15402;*;*;1~16;4.440993789;1.065217391;704;322;0.0000~3.5347;136000~196999;1
15403;*;*;25~32;6.549342105;1.085526316;1014;304;3.5348~7.0695;197000~257999;1
15404;*;*;9~16;6.117263844;1.055374593;1767;614;3.5348~7.0695;136000~196999;1
15405;*;*;17~24;5.506410256;0.987179487;1194;312;0.0000~3.5347;136000~196999;1
15406;*;*;1~16;5.006908463;1.134715026;1946;579;0.0000~3.5347;136000~196999;1
15407;*;*;17~24;4.190305206;1.028725314;962;557;0.0000~3.5347;75000~135999;1
15408;*;*;1~16;5.302631579;1.199013158;1036;608;0.0000~3.5347;136000~196999;1
15409;*;*;17~24;5.621776504;0.957020057;1173;349;3.5348~7.0695;136000~196999;1
15410;*;*;1~16;4.735238095;1.192380952;1938;525;0.0000~3.5347;136000~196999;1
15411;*;*;33~40;4.283464567;0.850393701;348;127;*;136000~196999;1
15412;*;*;1~8;5.986394558;0.965014577;2997;1029;3.5348~7.0695;197000~257999;1
15413;*;*;1~8;5.956695157;1.120512821;9690;3510;3.5348~7.0695;197000~257999;1
15414;*;*;1~8;7.024615385;1.036923077;999;325;3.5348~7.0695;136000~196999;1
15415;*;*;9~16;4.536741214;0.993610224;470;313;0.0000~3.5347;75000~135999;1
15416;*;*;9~16;5.333333333;1.020715631;1065;531;0.0000~3.5347;75000~135999;1
15417;*;*;1~8;5.695652174;0.984189723;3161;1012;3.5348~7.0695;136000~196999;1
15418;*;*;25~32;6.072507553;1.048338369;1160;331;3.5348~7.0695;136000~196999;1
15419;*;*;17~24;4.981609195;1.018390805;1654;435;0.0000~3.5347;75000~135999;1
15420;*;*;25~32;4.463700234;0.955503513;1325;427;0.0000~3.5347;136000~196999;1
15421;*;*;9~16;5.164912281;0.915789474;1012;285;3.5348~7.0695;136000~196999;0
15422;*;*;17~24;5.309405941;0.938118812;1360;404;3.5348~7.0695;136000~196999;1
15423;*;*;9~16;5.028616852;1.152623211;1675;629;0.0000~3.5347;75000~135999;1
15424;*;*;33~40;5.578313253;0.969879518;978;332;*;136000~196999;1
15425;*;*;1~16;4.655502392;1.38277512;663;209;0.0000~3.5347;136000~196999;0
15426;*;*;1~16;4.65;1.101724138;1633;580;0.0000~3.5347;136000~196999;0
15427;*;*;9~16;4.291390728;1.077262693;1992;453;0.0000~3.5347;75000~135999;1
15428;*;*;17~24;4.197309417;1.096412556;1859;446;0.0000~3.5347;75000~135999;1
15429;*;*;17~24;4.77002584;1.082687339;1581;387;0.0000~3.5347;75000~135999;1
15430;*;*;25~32;4.225388601;1.075129534;1045;386;0.0000~3.5347;136000~196999;1
15431;*;*;25~32;4.634877384;1.100817439;989;367;0.0000~3.5347;136000~196999;1
15432;*;*;17~24;3.961409396;1.036912752;1472;596;0.0000~3.5347;75000~135999;1
15433;*;*;9~16;4.352441614;1.004246285;1302;471;0.0000~3.5347;75000~135999;1
15434;*;*;9~16;4.105802048;0.996587031;1035;293;0.0000~3.5347;75000~135999;1
15435;*;*;17~24;5.076115486;1.01312336;861;381;3.5348~7.0695;197000~257999;1
15436;*;*;17~24;5.986394558;1.126530612;1901;735;3.5348~7.0695;197000~257999;1
15437;*;*;25~32;5.945205479;0.948630137;801;292;3.5348~7.0695;197000~257999;1
15438;*;*;25~32;4.865800866;1.038961039;1770;693;0.0000~3.5347;136000~196999;1
15439;*;*;17~24;6.415730337;1.011235955;999;356;3.5348~7.0695;197000~257999;1
15440;*;*;17~24;7.160944206;1.111587983;1288;466;3.5348~7.0695;197000~257999;1
15441;*;*;1~16;4.95709571;1.082508251;1948;606;0.0000~3.5347;197000~257999;1
15442;*;*;1~16;5.376395534;1.232854864;1481;627;0.0000~3.5347;197000~257999;0
15443;*;*;1~16;4.297247706;1.091743119;1518;545;0.0000~3.5347;197000~257999;0
15444;*;*;1~8;5.036398467;0.975095785;1044;522;3.5348~7.0695;136000~196999;0
15445;*;*;17~24;6.777777778;1.096774194;830;279;3.5348~7.0695;197000~257999;1
15446;*;*;17~24;4.457386364;0.997159091;1035;352;0.0000~3.5347;136000~196999;1
15447;*;*;17~24;6.052132701;1.059241706;1147;422;3.5348~7.0695;136000~196999;1
15448;*;*;17~24;6.023465704;1.019855596;1646;554;3.5348~7.0695;197000~257999;1
15449;*;*;1~8;5.397260274;1.05;3760;1460;3.5348~7.0695;136000~196999;0
15450;*;*;17~24;7.572438163;1.056537102;828;283;3.5348~7.0695;197000~257999;0
15451;*;*;1~8;8.329787234;1.106382979;809;282;3.5348~7.0695;258000~501999;0
15452;*;*;1~8;7.298377029;1.116104869;2282;801;3.5348~7.0695;197000~257999;0
15453;*;*;17~24;6.06405694;0.93594306;781;281;3.5348~7.0695;197000~257999;0
15454;*;*;9~16;5.242718447;1.098474341;1632;721;0.0000~3.5347;75000~135999;0
15455;*;*;17~24;4.886904762;1.047619048;436;168;0.0000~3.5347;136000~196999;0
15456;*;*;1~16;5.579925651;1.098513011;842;538;0.0000~3.5347;136000~196999;0
15457;*;*;9~16;5.365079365;0.936507937;384;126;3.5348~7.0695;136000~196999;0
15458;*;*;9~16;6.085790885;1.063002681;2235;746;3.5348~7.0695;197000~257999;0
15459;*;*;1~8;6.042193027;1.044719555;10877;3958;3.5348~7.0695;197000~257999;0
15460;*;*;9~16;5.714285714;0.993303571;952;448;3.5348~7.0695;14000~135999;0
15461;*;*;1~8;5.979665072;1.120813397;3925;1672;3.5348~7.0695;197000~257999;1
15462;*;*;1~8;4.618012422;1.124223602;810;322;3.5348~7.0695;14000~135999;1
15463;*;*;1~8;5.268041237;1.073883162;1164;582;3.5348~7.0695;197000~257999;0
15464;*;*;1~8;5.722772277;1.170792079;2091;808;3.5348~7.0695;197000~257999;0
15465;*;*;1~16;5.334581773;1.106117353;2328;801;0.0000~3.5347;136000~196999;1
15466;*;*;9~16;4.936464088;0.997237569;1446;362;3.5348~7.0695;136000~196999;1
15467;*;*;17~24;6.349072513;1.032040472;1722;593;3.5348~7.0695;197000~257999;1
15468;*;*;1~8;5.420091324;1.098934551;1921;657;3.5348~7.0695;197000~257999;1
15469;*;*;1~16;5.07253886;1.20552677;1246;579;0.0000~3.5347;136000~196999;1
15470;*;*;9~16;4.127406049;1.042163153;3094;1091;0.0000~3.5347;75000~135999;1
15471;*;*;1~16;5.347712418;1.129411765;1927;765;0.0000~3.5347;197000~257999;1
15472;*;*;17~24;5.024813896;1.027295285;1663;403;3.5348~7.0695;136000~196999;1
15473;*;*;1~8;6.490780142;1.202836879;2314;705;3.5348~7.0695;197000~257999;0
15474;*;*;1~16;5.082983193;1.00210084;1708;952;0.0000~3.5347;136000~196999;1
15475;*;*;9~16;4.618581907;0.899755501;754;409;0.0000~3.5347;75000~135999;0
15476;*;*;25~32;4.350364964;0.839416058;426;137;0.0000~3.5347;197000~257999;1
15477;*;*;1~16;5.887673956;1.198807157;3943;1006;0.0000~3.5347;136000~196999;1
15478;*;*;1~8;5.248618785;1.062983425;2726;905;3.5348~7.0695;136000~196999;1
15479;*;*;9~16;7.757009346;2.03271028;733;214;3.5348~7.0695;197000~257999;1
15480;*;*;1~16;5.746153846;0.976923077;997;390;0.0000~3.5347;136000~196999;1
15481;*;*;17~24;5.984375;0.947916667;702;192;3.5348~7.0695;136000~196999;1
15482;*;*;9~16;6.342696629;1.112359551;758;178;3.5348~7.0695;136000~196999;1
15483;*;*;1~16;4.930875576;0.958525346;470;217;0.0000~3.5347;136000~196999;1
15484;*;*;1~16;5.892911011;1.012066365;1759;663;0.0000~3.5347;136000~196999;1
15485;*;*;9~16;5.953068592;1.003610108;993;277;3.5348~7.0695;136000~196999;1
15486;*;*;1~8;5.11328125;1.052734375;1320;512;3.5348~7.0695;136000~196999;1
15487;*;*;9~16;6.404494382;1.018726592;1025;267;3.5348~7.0695;136000~196999;1
15488;*;*;9~16;5.967171717;1.03030303;1211;396;3.5348~7.0695;136000~196999;1
15489;*;*;9~16;5.2147806;1.053117783;1147;433;3.5348~7.0695;136000~196999;1
15490;*;*;9~16;5.016483516;1.267857143;1677;728;0.0000~3.5347;75000~135999;1
15491;*;*;1~8;3.939873418;1.065189873;5410;1580;0.0000~3.5347;14000~135999;1
15492;*;*;17~24;5.537906137;1.075812274;912;554;3.5348~7.0695;136000~196999;0
15493;*;*;17~24;6.477037037;1.09037037;1473;675;3.5348~7.0695;197000~257999;0
15494;*;*;1~8;5.812834225;1.228163993;926;561;3.5348~7.0695;258000~501999;0
15495;*;*;9~16;6.286231884;1.088768116;1197;552;3.5348~7.0695;258000~501999;0
15496;*;*;1~8;6.46409675;1.0861678;3335;1323;3.5348~7.0695;197000~257999;0
15497;*;*;9~16;6.26032316;0.978456014;1410;557;3.5348~7.0695;197000~257999;0
15498;*;*;1~16;7.508064516;1.173387097;685;248;7.0696~10.6043;*;0
15499;*;*;9~16;5.986970684;1.172638436;1176;614;3.5348~7.0695;136000~196999;0
15500;*;*;17~24;14.18934911;2.408284024;349;169;3.5348~7.0695;380000~501999;0
15501;*;*;9~16;6.185737977;1.262023217;1335;603;3.5348~7.0695;197000~257999;0
15502;*;*;1~8;6.927083333;1.11328125;2015;768;3.5348~7.0695;258000~501999;0
15503;*;*;1~16;8.393103448;1.068965517;1311;435;7.0696~10.6043;*;0
15504;*;*;9~16;7.108481262;0.998027613;3097;1014;3.5348~7.0695;258000~501999;0
15505;*;*;9~16;7.094972067;1.136871508;1958;716;3.5348~7.0695;258000~501999;0
15506;*;*;9~16;4548;1.1536;3773;1250;0.0000~3.5347;75000~135999;1
15507;*;*;9~16;6.263598326;1.046025105;827;239;3.5348~7.0695;136000~196999;1
15508;*;*;9~16;4.863945578;0.993197279;921;294;3.5348~7.0695;136000~196999;1
15509;*;*;9~16;6.240196078;1.051470588;1683;408;3.5348~7.0695;136000~196999;1
15510;*;*;17~24;6.595818815;1.034843206;936;287;3.5348~7.0695;136000~196999;1
15511;*;*;17~24;5.986111111;1.052777778;1158;360;3.5348~7.0695;136000~196999;1
15512;*;*;9~16;7.351981352;1.137529138;1656;429;3.5348~7.0695;197000~257999;1
15513;*;*;17~24;6.495180723;1.06746988;2732;830;3.5348~7.0695;197000~257999;1
15514;*;*;1~8;5.752631579;1.025263158;2844;950;3.5348~7.0695;136000~196999;1
15515;*;*;9~16;5.759345794;0.962616822;1226;428;3.5348~7.0695;136000~196999;1
15516;*;*;9~16;6.490276356;1.054247697;2697;977;3.5348~7.0695;197000~257999;1
15517;*;*;1~16;5.952286282;1.03777336;1231;503;0.0000~3.5347;136000~196999;1
15518;*;*;17~24;5.226640159;0.982107356;1444;503;3.5348~7.0695;136000~196999;1
15519;*;*;1~16;4.711904762;1.029761905;1981;840;0.0000~3.5347;136000~196999;1
15520;*;*;17~24;4.624830393;1.107191316;4526;1474;0.0000~3.5347;75000~135999;1
15521;*;*;33~40;3.153409091;0.9375;612;176;*;136000~196999;1
15522;*;*;25~32;5.326359833;0.940027894;2447;717;3.5348~7.0695;136000~196999;1
15523;*;*;17~24;4.214363439;1.107181719;5370;1838;0.0000~3.5347;75000~135999;1
15524;*;*;1~16;4.95302976;1.035496594;6583;2789;0.0000~3.5347;136000~196999;1
15525;*;*;1~16;4.331113225;1.1094196;2737;1051;0.0000~3.5347;136000~196999;1
15526;*;*;1~16;4.46704139;1.080224834;4854;1957;0.0000~3.5347;136000~196999;1
15527;*;*;17~24;3.734450816;1.159241288;7014;2267;0.0000~3.5347;75000~135999;1
15528;*;*;41~48;2.229166667;0.916666667;107;48;*;136000~196999;1
15529;*;*;9~16;6.466409266;1.086486486;2916;1295;3.5348~7.0695;136000~196999;1
15530;*;*;1~16;5.437177281;1.179001721;1398;581;0.0000~3.5347;136000~196999;1
15531;*;*;1~8;6.148796499;1.015317287;1564;457;3.5348~7.0695;136000~196999;1
15532;*;*;9~16;5.717525773;1.004123711;2300;970;3.5348~7.0695;197000~257999;1
15533;*;*;1~16;4.399752475;1.062706271;4917;2424;0.0000~3.5347;136000~196999;1
15534;*;*;1~16;5.512027491;1.092783505;1395;582;0.0000~3.5347;136000~196999;1
15535;*;*;1~8;6.637053088;1.118093174;2662;923;3.5348~7.0695;258000~501999;1
15536;*;*;17~24;4.526466381;0.932761087;1123;699;0.0000~3.5347;75000~135999;1
15537;*;*;41~48;4;1;59;13;*;197000~257999;1
15538;*;*;1~32;4.781094527;1.701492537;315;201;0.0000~3.5347;258000~501999;1
15539;*;*;17~24;4.081916538;0.969088099;1167;647;0.0000~3.5347;75000~135999;1
15540;*;*;9~16;6.184840426;1.065824468;4074;1504;3.5348~7.0695;197000~257999;1
15541;*;*;41~48;5.830508475;1.327683616;363;177;*;136000~196999;1
15542;*;*;1~16;6.580821918;0.920547945;1080;365;7.0696~10.6043;*;1
15543;*;*;1~16;8.105882353;1.008823529;1045;340;7.0696~10.6043;*;1
15544;*;*;1~8;6.031547321;1.082623936;5640;1997;3.5348~7.0695;258000~501999;1
15545;*;*;17~24;6.967213115;1.026639344;1383;488;3.5348~7.0695;197000~257999;1
15546;*;*;17~24;5.763527054;1.080160321;1387;499;3.5348~7.0695;136000~196999;1
15547;*;*;17~24;5.762917933;0.948328267;1988;658;3.5348~7.0695;136000~196999;1
15548;*;*;9~16;3.478527607;1.128834356;620;163;0.0000~3.5347;75000~135999;1
15549;*;*;25~32;4.096676737;0.978851964;1301;331;0.0000~3.5347;75000~135999;1
15550;*;*;25~32;3.719360568;1.039076377;1556;563;0.0000~3.5347;75000~135999;1
15551;*;*;25~32;5.98951049;1.122377622;891;286;0.0000~3.5347;136000~196999;1
15552;*;*;33~40;4.628820961;1.170305677;823;229;*;136000~196999;1
15553;*;*;25~32;4.81264637;1.107728337;1326;427;0.0000~3.5347;136000~196999;1
15554;*;*;25~32;3.956803456;0.958963283;1669;463;0.0000~3.5347;75000~135999;1
15555;*;*;33~40;3.585106383;1.106382979;565;188;0.0000~3.5347;75000~135999;1
15556;*;*;17~24;5.086666667;1.03;2818;900;0.0000~3.5347;136000~196999;1
15557;*;*;25~32;5.36659436;1.082429501;1224;461;0.0000~3.5347;136000~196999;1
15558;*;*;9~16;4.63705104;1.132325142;1251;529;0.0000~3.5347;75000~135999;1
15559;*;*;17~24;4.885864794;1.086040386;3004;1139;0.0000~3.5347;136000~196999;1
15560;*;*;9~16;5.934179223;1.011895321;3516;1261;3.5348~7.0695;258000~501999;1
15561;*;*;9~16;6.26118068;1.059928444;3555;1118;3.5348~7.0695;136000~196999;1
15562;*;*;9~16;6.575989783;1.086845466;2177;783;3.5348~7.0695;258000~501999;1
15563;*;*;17~24;6.463414634;1.008130081;1118;369;3.5348~7.0695;136000~196999;1
15564;*;*;17~24;6.488921713;0.948301329;2095;677;3.5348~7.0695;197000~257999;1
15565;*;*;17~24;6.70441989;1.077348066;1099;362;3.5348~7.0695;136000~196999;1
15566;*;*;9~16;8.332326284;1.126888218;2119;662;3.5348~7.0695;258000~501999;1
15567;*;*;25~32;7.498806683;1.064439141;1286;419;3.5348~7.0695;197000~257999;1
15568;*;*;9~16;8.263250883;1.026501767;1902;566;3.5348~7.0695;258000~501999;1
15569;*;*;9~16;6.523364486;1.018691589;1628;535;3.5348~7.0695;197000~257999;1
15570;*;*;9~16;6.230088496;1.10840708;1448;452;3.5348~7.0695;197000~257999;1
15571;*;*;17~24;6.343465046;1.072948328;992;329;3.5348~7.0695;197000~257999;1
15572;*;*;9~16;5.989130435;1.12826087;1474;460;3.5348~7.0695;197000~257999;1
15573;*;*;9~16;5.039426523;0.931899642;737;279;3.5348~7.0695;197000~257999;1
15574;*;*;1~8;7.35415439;1.146729523;5102;1697;3.5348~7.0695;197000~257999;1
15575;*;*;1~8;7.117942284;1.072772898;2592;797;3.5348~7.0695;197000~257999;1
15576;*;*;1~16;4.804926764;1.053928096;4197;1502;0.0000~3.5347;136000~196999;1
15577;*;*;9~16;6.056710775;1.02268431;1818;529;3.5348~7.0695;136000~196999;1
15578;*;*;1~16;5.549222798;1.094991364;1975;579;0.0000~3.5347;136000~196999;1
15579;*;*;17~24;5.666666667;1.058270677;5030;1596;3.5348~7.0695;136000~196999;1
15580;*;*;17~24;5.811594203;0.985507246;251;69;3.5348~7.0695;136000~196999;1
15581;*;*;9~16;6.196969697;1.02020202;645;198;3.5348~7.0695;197000~257999;1
15582;*;*;17~24;6.225854383;1.40564636;1802;673;0.0000~3.5347;136000~196999;2
15583;*;*;25~32;5.617283951;1.154320988;1001;324;0.0000~3.5347;136000~196999;2
15584;*;*;17~24;6.709302326;1.414728682;612;258;0.0000~3.5347;136000~196999;2
15585;*;*;33~40;7.873015873;1.777777778;334;126;0.0000~3.5347;75000~135999;2
15586;*;*;9~16;9.497607656;1.727272727;536;209;3.5348~7.0695;136000~196999;2
15587;*;*;9~16;9.375464684;2;616;269;3.5348~7.0695;197000~257999;2
15588;*;*;17~24;7.329787234;1.446808511;532;188;0.0000~3.5347;197000~257999;2
15589;*;*;9~16;8.11627907;1.720930233;120;43;3.5348~7.0695;136000~196999;1
15590;*;*;17~24;6.789634146;1.298780488;1754;656;3.5348~7.0695;136000~196999;2
15591;*;*;17~24;9.308474576;1.742372881;731;295;0.0000~3.5347;136000~196999;2
15592;*;*;17~24;9.681081081;1.983783784;327;185;0.0000~3.5347;75000~135999;2
15593;*;*;17~24;5.076086957;1.543478261;452;184;0.0000~3.5347;75000~135999;2
15594;*;*;17~24;5.536231884;1.855072464;194;69;0.0000~3.5347;14000~74999;2
15595;*;*;9~16;8.578947368;2.021052632;1289;570;0.0000~3.5347;75000~135999;2
15596;*;*;17~24;5.689415042;1.22005571;2133;718;0.0000~3.5347;75000~135999;2
15597;*;*;17~24;5.19379845;1.246124031;1644;516;0.0000~3.5347;75000~135999;2
15598;*;*;9~16;7.070844687;1.651226158;1046;367;0.0000~3.5347;75000~135999;2
15599;*;*;25~32;6.330708661;1.61023622;567;254;0.0000~3.5347;14000~74999;2
15600;*;*;17~24;6.323797139;1.098829649;2266;769;3.5348~7.0695;197000~257999;1
15601;*;*;9~16;5.937586685;1.090152566;1891;721;3.5348~7.0695;197000~257999;1
15602;*;*;1~16;5.306089744;1125;1627;624;0.0000~3.5347;136000~196999;1
15603;*;*;1~16;4.808344198;1.065189048;1969;767;0.0000~3.5347;197000~257999;1
15604;*;*;17~24;7.557562077;1.085778781;1222;443;3.5348~7.0695;258000~318999;1
15605;*;*;9~16;7.095238095;1.034798535;1672;546;3.5348~7.0695;258000~501999;1
15606;*;*;17~24;5.523489933;1.136912752;2032;745;3.5348~7.0695;136000~196999;1
15607;*;*;9~16;5.546052632;2.861842105;918;152;3.5348~7.0695;197000~257999;1
15608;*;*;9~16;6.644012945;1.038834951;993;309;3.5348~7.0695;197000~257999;1
15609;*;*;1~8;8.052173913;1.085217391;2048;575;3.5348~7.0695;258000~501999;1
15610;*;*;9~16;6.497017893;0.976143141;1431;503;3.5348~7.0695;258000~501999;1
15611;*;*;9~16;7.325966851;1.085635359;1355;362;3.5348~7.0695;258000~501999;1
15612;*;*;9~16;5.9375;1.091569767;2129;688;3.5348~7.0695;197000~257999;1
15613;*;*;17~24;5.401221996;1.059063136;1421;491;0.0000~3.5347;197000~257999;1
15614;*;*;25~32;2.671201814;1.235827664;592;441;3.5348~7.0695;380000~501999;0
15615;*;*;1~32;3.323064113;1.091590341;2305;1201;0.0000~3.5347;258000~501999;0
15616;*;*;49~56;5256;1268;473;250;*;441000~501999;0
15617;*;*;49~56;5.592156863;1.139215686;838;510;*;441000~501999;0
15618;*;*;49~56;3.972111554;1.079681275;1848;1255;*;441000~501999;0
15619;*;*;49~56;3.502808989;1.026685393;958;712;*;441000~501999;0
15620;*;*;49~56;4.490909091;1.03030303;277;165;*;441000~501999;0
15621;*;*;49~56;4.2137031;1.096247961;1335;613;*;441000~501999;0
15622;*;*;49~56;4.683363148;1.093023256;1328;559;*;319000~379999;0
15623;*;*;49~56;4.623413258;1.093088858;1279;709;*;441000~501999;0
15624;*;*;49~56;3.287449393;1.020242915;629;247;*;441000~501999;0
15625;*;*;49~56;4.736964079;1.09617613;1906;863;*;380000~440999;0
15626;*;*;49~56;4.735294118;1.136029412;437;272;*;441000~501999;0
15627;*;*;49~56;4.151785714;1.283482143;679;448;*;441000~501999;0
15628;*;*;49~56;4.163021869;1.129224652;920;503;*;380000~440999;0
15629;*;*;1~16;4.038922156;1.04491018;536;334;7.0696~10.6043;*;0
15630;*;*;49~56;3.689759036;1.115963855;1415;664;*;319000~379999;0
15631;*;*;49~56;3.200779727;1.111111111;1432;513;*;258000~318999;0
15632;*;*;49~56;3485;0.9875;1700;400;*;136000~196999;0
15633;*;*;49~56;4.364556962;1.053164557;1016;395;*;380000~440999;0
15634;*;*;49~56;2.628169014;1.053521127;2957;710;*;197000~257999;0
15635;*;*;1~32;2.662280702;1.078947368;1648;684;0.0000~3.5347;258000~501999;0
15636;*;*;49~56;5.199718706;1.17721519;1446;711;*;441000~501999;0
15637;*;*;49~56;3.945429741;1.024556617;1785;733;*;319000~379999;0
15638;*;*;49~56;3.724637681;1.046583851;2062;966;*;380000~440999;0
15639;*;*;49~56;4.296466974;1.052227343;1156;651;*;441000~501999;0
15640;*;*;49~56;3.912998976;1.064483112;1830;977;*;441000~501999;0
15641;*;*;49~56;3.211798839;1.078336557;1576;1034;*;441000~501999;0
15642;*;*;49~56;4.161592506;1.138173302;932;427;*;380000~440999;0
15643;*;*;49~56;3.608235294;1.023529412;2122;850;*;258000~318999;0
15644;*;*;49~56;3.477867203;1.027162978;2286;994;*;197000~257999;0
15645;*;*;49~56;3.219138756;1.052631579;2112;1045;*;380000~440999;0
15646;*;*;49~56;3.104332449;1.089301503;2452;1131;*;258000~318999;0
15647;*;*;49~56;3.504819277;1.025301205;1711;830;*;441000~501999;0
15648;*;*;49~56;4.541953232;1.195323246;1178;727;*;441000~501999;0
15649;*;*;49~56;5.013921114;1.262180974;904;431;*;319000~379999;0
15650;*;*;49~56;3.224193548;1.035483871;1846;620;*;197000~257999;0
15651;*;*;49~56;2.673635308;1.089430894;1515;861;*;14000~135999;0
15652;*;*;49~56;2.237474262;1.05353466;3260;1457;*;441000~501999;0
15653;*;*;25~32;3.901625321;1.260906758;1525;1169;3.5348~7.0695;380000~501999;0
15654;*;*;49~56;1.902086677;1.059390048;1007;623;*;441000~501999;0
15655;*;*;49~56;2.16918429;1.114803625;1688;662;*;197000~257999;0
15656;*;*;49~56;3.447946514;1.228271251;1504;1047;*;441000~501999;0
15657;*;*;49~56;2.839075035;1.18404908;3436;2119;*;258000~318999;0
15658;*;*;49~56;2.659863946;1.206025267;1761;1029;*;197000~257999;0
15659;*;*;49~56;2.2785658;1.082348306;4518;2538;*;197000~257999;0
15660;*;*;1~32;1.824719101;1.139325843;628;445;0.0000~3.5347;258000~501999;0
15661;*;*;1~32;2.29787234;1.175531915;1211;752;0.0000~3.5347;258000~501999;0
15662;*;*;33~40;4.517241379;1.154482759;1137;725;*;441000~501999;0
15663;*;*;49~56;3.977154725;0.451713396;1310;963;*;441000~501999;0
15664;*;*;49~56;5.404388715;1.29153605;540;319;*;441000~501999;0
15665;*;*;49~56;5.399749373;1.180451128;1297;798;*;441000~501999;0
15666;*;*;49~56;7.472826087;1.75;287;184;*;441000~501999;0
15667;*;*;49~56;8.564179104;1.773134328;500;335;*;441000~501999;0
15668;*;*;49~56;5.253225806;1.185483871;1045;620;*;441000~501999;0
15669;*;*;49~56;3.526785714;1.049107143;714;448;*;441000~501999;0
15670;*;*;49~56;3.914396887;1.13229572;445;257;*;441000~501999;0
15671;*;*;49~56;4.785714286;1.092705167;1145;658;*;441000~501999;0
15672;*;*;49~56;7.709756098;1.151219512;842;410;*;441000~501999;0
15673;*;*;49~56;4.965337955;1.027729636;1029;577;*;441000~501999;0
15674;*;*;49~56;3.454741379;1.049568966;727;464;*;441000~501999;0
15675;*;*;49~56;3.935483871;1.052109181;1259;806;*;441000~501999;0
15676;*;*;49~56;3.64921466;1.064136126;1302;764;*;380000~440999;0
15677;*;*;49~56;3.84338896;1.053915276;1240;779;*;441000~501999;0
15678;*;*;49~56;2.953662182;1.085201794;1045;669;*;441000~501999;0
15679;*;*;49~56;4.317596567;1.077253219;349;233;*;441000~501999;0
15680;*;*;49~56;4.791666667;1.118055556;553;288;*;441000~501999;0
15681;*;*;49~56;3.878832117;1.127007299;1014;685;*;441000~501999;0
15682;*;*;49~56;4.884057971;1.036231884;925;552;*;441000~501999;0
15683;*;*;49~56;4.151565074;1.069192751;959;607;*;441000~501999;0
15684;*;*;49~56;4.898601399;1.087412587;954;572;*;441000~501999;0
15685;*;*;49~56;3.983398438;1.0859375;1466;1024;*;441000~501999;0
15686;*;*;41~48;3.636803874;1.083131558;1980;1239;*;380000~501999;0
15687;*;*;49~56;4.1842723;1.046948357;1377;852;*;441000~501999;0
15688;*;*;49~56;4.287822878;1.041820418;1248;813;*;441000~501999;0
15689;*;*;49~56;4.502183406;1.139737991;2065;1374;*;441000~501999;0
15690;*;*;49~56;5.348648649;0.97027027;648;370;*;441000~501999;0
15691;*;*;49~56;8.503184713;0.961783439;402;157;*;441000~501999;0
15692;*;*;49~56;6.25382263;1.079510703;722;327;*;441000~501999;0
15693;*;*;49~56;7.994475138;1.027624309;483;181;*;441000~501999;0
15694;*;*;49~56;7.546391753;0.962199313;668;291;*;441000~501999;0
15695;*;*;49~56;5.725746269;1.080223881;1107;536;*;441000~501999;0
15696;*;*;49~56;4.041958042;1.123543124;731;429;*;380000~440999;0
15697;*;*;49~56;7.004807692;1.033653846;495;208;*;441000~501999;0
15698;*;*;49~56;8.172727273;0.872727273;304;110;*;441000~501999;0
15699;*;*;49~56;6.051724138;1.07183908;743;348;*;441000~501999;0
15700;*;*;49~56;3.73100616;1.098562628;800;487;*;441000~501999;0
15701;*;*;49~56;4.572864322;1.055276382;1525;796;*;441000~501999;0
15702;*;*;49~56;4.737171464;1.01126408;1371;799;*;441000~501999;0
15703;*;*;49~56;3.970687711;1.057497182;1319;887;*;441000~501999;0
15704;*;*;49~56;3.878313253;1.16746988;1152;830;*;441000~501999;0
15705;*;*;49~56;3.123134328;1.11318408;1202;804;*;14000~135999;0
15706;*;*;1~8;2.35915493;1.059859155;655;284;0.0000~3.5347;14000~135999;0
15707;*;*;49~56;3.321965898;1.098294885;1475;997;*;441000~501999;0
15708;*;*;49~56;3.927178153;1.094928479;1294;769;*;441000~501999;0
15709;*;*;25~32;4.319261214;1.039577836;649;379;3.5348~7.0695;380000~501999;0
15710;*;*;49~56;4.394919169;1.064665127;831;433;*;441000~501999;0
15711;*;*;49~56;4.3126294;1.016563147;1224;483;*;441000~501999;0
15712;*;*;49~56;4.848314607;1.078651685;614;356;*;441000~501999;0
15713;*;*;49~56;4.703315881;1.146596859;1243;573;*;319000~379999;0
15714;*;*;41~48;3.963924964;1.008658009;1320;693;*;319000~379999;0
15715;*;*;41~48;4.434878587;1.024282561;761;453;*;380000~501999;0
15716;*;*;49~56;5.752532562;1.03617945;1515;691;*;441000~501999;0
15717;*;*;1~32;2.569487983;1.045977011;1362;957;0.0000~3.5347;258000~501999;0
15718;*;*;1~16;3.016476553;1.068441065;1245;789;0.0000~3.5347;197000~257999;0
15719;*;*;33~40;4.202846975;1.103202847;901;281;*;197000~257999;0
15720;*;*;49~56;4.574829932;0.989795918;560;294;*;441000~501999;0
15721;*;*;49~56;4.647058824;1.048442907;1392;578;*;319000~379999;0
15722;*;*;41~48;4.485333333;1.010666667;837;375;*;380000~501999;0
15723;*;*;33~40;4.158249158;1.057239057;481;297;*;441000~501999;0
15724;*;*;49~56;5.342465753;1.203957382;1703;657;*;258000~318999;0
15725;*;*;41~48;4.739263804;1.024539877;561;326;*;380000~501999;0
15726;*;*;41~48;3.694656489;1.010178117;897;393;*;319000~379999;0
15727;*;*;41~48;4.941463415;0.946341463;464;205;*;380000~501999;0
15728;*;*;49~56;4.863636364;1.04784689;2198;418;*;380000~440999;0
15729;*;*;1~16;4.03196347;1.077625571;601;219;0.0000~3.5347;136000~196999;0
15730;*;*;49~56;4.113553114;1.075091575;1277;546;*;319000~379999;0
15731;*;*;49~56;3.77125;1.06375;1588;800;*;441000~501999;0
15732;*;*;49~56;4.206738132;1.127105666;1309;653;*;319000~379999;0
15733;*;*;49~56;3.936619718;0.982394366;514;284;*;319000~379999;0
15734;*;*;1~32;3.598944591;1.018469657;707;379;0.0000~3.5347;258000~501999;0
15735;*;*;1~32;3.832264957;1.104700855;1821;936;0.0000~3.5347;258000~501999;0
15736;*;*;1~8;3.319559229;1.289256198;577;363;3.5348~7.0695;258000~501999;0
15737;*;*;17~24;2.765306122;1.119047619;2079;1470;0.0000~3.5347;136000~196999;0
15738;*;*;17~24;3.2734375;0.8828125;1093;384;0.0000~3.5347;14000~74999;0
15739;*;*;17~24;3.054871221;1.016797312;1670;893;0.0000~3.5347;75000~135999;0
15740;*;*;17~24;3.482051282;1.18974359;1371;585;0.0000~3.5347;75000~135999;0
15741;*;*;49~56;2.900293255;1.246334311;634;341;*;258000~318999;0
15742;*;*;49~56;2.75;1.028508772;895;456;*;136000~196999;0
15743;*;*;25~32;3.45646438;0.960422164;1009;379;0.0000~3.5347;136000~196999;0
15744;*;*;49~56;3.388888889;1.090277778;1284;576;*;258000~318999;0
15745;*;*;49~56;4.330097087;1.153182309;2070;927;*;441000~501999;0
15746;*;*;49~56;4.05344296;1.101747174;1913;973;*;380000~440999;0
15747;*;*;49~56;4.306213018;1.113905325;1696;676;*;441000~501999;0
15748;*;*;49~56;4.307324841;1.030254777;1355;628;*;319000~379999;0
15749;*;*;49~56;4.613412229;1.08086785;1090;507;*;319000~379999;0
15750;*;*;49~56;4.801204819;1.06626506;1526;664;*;441000~501999;0
15751;*;*;49~56;3.940503432;1.064073227;885;437;*;441000~501999;0
15752;*;*;49~56;4.472329472;1.038610039;1518;777;*;441000~501999;0
15753;*;*;49~56;4.86440678;1.078389831;1039;472;*;441000~501999;0
15754;*;*;49~56;3.745299145;1.071794872;1100;585;*;441000~501999;0
15755;*;*;49~56;4.783001808;1.132007233;1275;553;*;441000~501999;0
15756;*;*;49~56;4.527318933;1.057179161;1712;787;*;319000~379999;0
15757;*;*;49~56;5.534591195;1.150943396;742;318;*;380000~440999;0
15758;*;*;49~56;3.996007984;1.037924152;939;501;*;441000~501999;0
15759;*;*;49~56;4.277142857;1.051428571;1428;700;*;380000~440999;0
15760;*;*;49~56;3.008310249;0.966759003;589;361;*;197000~257999;0
15761;*;*;49~56;3.737864078;1.102912621;867;515;*;441000~501999;0
15762;*;*;49~56;3.687058824;1.134117647;654;425;*;319000~379999;0
15763;*;*;49~56;4.211055276;1.221105528;1428;597;*;380000~440999;0
15764;*;*;49~56;4.087986464;1.049069374;1188;591;*;319000~379999;0
15765;*;*;49~56;3.95329087;1.002123142;872;471;*;197000~257999;0
15766;*;*;49~56;4.175688509;1.05982906;1939;1053;*;319000~379999;0
15767;*;*;49~56;4.372964169;1.024429967;1170;614;*;380000~440999;0
15768;*;*;49~56;4.786792453;1.054716981;849;530;*;441000~501999;0
15769;*;*;49~56;4.685618729;1.060200669;2023;1196;*;380000~440999;0
15770;*;*;33~40;5.062068966;1.03908046;833;435;*;441000~501999;0
15771;*;*;49~56;5.210016155;1.077544426;1494;619;*;441000~501999;0
15772;*;*;49~56;4.908963585;1.043417367;1374;714;*;441000~501999;0
15773;*;*;49~56;4.879844961;0.98255814;979;516;*;441000~501999;0
15774;*;*;49~56;4.625396825;0.926984127;621;315;*;441000~501999;0
15775;*;*;49~56;4.843505477;1.067292645;1269;639;*;441000~501999;0
15776;*;*;49~56;4.942283563;1.069008783;1737;797;*;441000~501999;0
15777;*;*;49~56;2.608930988;1.131258457;2124;739;*;14000~135999;0
15778;*;*;49~56;2.498371336;1.24267101;1520;614;*;319000~379999;0
15779;*;*;49~56;8.75862069;2.482758621;153;29;*;319000~379999;0
15780;*;*;49~56;6.563636364;1.381818182;168;55;*;258000~318999;0
15781;*;*;49~56;3.746183206;1.078244275;1628;524;*;136000~196999;0
15782;*;*;1~32;3.352380952;1.257142857;313;105;0.0000~3.5347;258000~501999;0
15783;*;*;49~56;3.824324324;1.243243243;582;222;*;197000~257999;0
15784;*;*;49~56;2.654450262;1.104712042;1055;382;*;14000~135999;0
15785;*;*;1~8;3.769314472;1.282916213;1441;919;3.5348~7.0695;258000~501999;0
15786;*;*;1~8;3.584183673;1.31377551;725;392;3.5348~7.0695;136000~196999;0
15787;*;*;49~56;3.481481481;0.888888889;113;27;*;319000~379999;0
15788;*;*;25~32;5.62993763;1.086278586;4531;962;0.0000~3.5347;197000~257999;0
15789;*;*;49~56;3.135135135;1.364864865;286;148;*;14000~135999;0
15790;*;*;49~56;2.117647059;0.926470588;1061;68;*;197000~257999;0
15791;*;*;49~56;2.976470588;1.266666667;421;255;*;136000~196999;0
15792;*;*;49~56;2.697247706;1.130733945;1136;436;*;258000~318999;0
15793;*;*;33~40;2.317773788;1.055655296;1846;557;*;197000~257999;0
15794;*;*;49~56;3.490415335;1.047923323;1266;626;*;319000~379999;0
15795;*;*;49~56;3.40257649;1.058776167;2619;1242;*;319000~379999;0
15796;*;*;49~56;3.663942799;1.052093973;2259;979;*;197000~257999;0
15797;*;*;49~56;3.702592087;1.062755798;1438;733;*;258000~318999;0
15798;*;*;49~56;4.808510638;1.072948328;868;329;*;197000~257999;0
15799;*;*;49~56;4.003558719;1.007117438;1051;562;*;319000~379999;0
15800;*;*;49~56;4.442942943;1.025525526;1145;666;*;319000~379999;0
15801;*;*;25~32;4.467954346;1.062335382;1935;1139;3.5348~7.0695;380000~501999;0
15802;*;*;25~32;3.732021196;1.045420136;2232;1321;3.5348~7.0695;258000~318999;0
15803;*;*;33~40;4.074742268;1.087628866;580;388;*;380000~440999;0
15804;*;*;49~56;4.759191176;1.045955882;945;544;*;319000~379999;0
15805;*;*;49~56;5.800904977;1.033936652;810;442;*;441000~501999;0
15806;*;*;49~56;4.576744186;1.097674419;784;430;*;319000~379999;0
15807;*;*;49~56;4.817351598;1.03652968;816;438;*;319000~379999;0
15808;*;*;49~56;5.248953975;1.037656904;855;478;*;380000~440999;0
15809;*;*;49~56;4.094462541;1.104234528;1575;921;*;380000~440999;0
15810;*;*;49~56;4.831896552;0.989224138;751;464;*;441000~501999;0
15811;*;*;49~56;4.898128898;1.041580042;909;481;*;441000~501999;0
15812;*;*;49~56;4.510948905;1.032846715;1531;822;*;380000~440999;0
15813;*;*;49~56;4.095724907;1.107806691;2280;1076;*;258000~318999;0
15814;*;*;49~56;3.858244937;1.045323047;2129;1037;*;380000~440999;0
15815;*;*;49~56;4.278688525;0.99795082;1082;488;*;441000~501999;0
15816;*;*;49~56;3.584337349;1.204819277;1270;332;*;197000~257999;0
15817;*;*;49~56;3.419463087;1.055369128;2007;596;*;258000~318999;0
15818;*;*;49~56;2.53220339;1.033898305;1630;590;*;258000~318999;0
15819;*;*;41~48;2.664188352;1.012391574;2075;807;*;197000~257999;0
15820;*;*;49~56;3.021172638;0.995114007;1715;614;*;197000~257999;0
15821;*;*;49~56;4.486988848;1.12267658;1008;269;*;258000~318999;0
15822;*;*;49~56;3.092664093;1.05019305;639;259;*;258000~318999;0
15823;*;*;49~56;3.665148064;1.161731207;1155;439;*;197000~257999;0
15824;*;*;49~56;4.24516129;1.129032258;935;465;*;258000~318999;0
15825;*;*;49~56;4.116959064;1.029239766;1227;513;*;380000~440999;0
15826;*;*;49~56;3.654520918;1.028340081;1460;741;*;380000~440999;0
15827;*;*;49~56;4.181818182;1.058823529;1162;374;*;258000~318999;0
15828;*;*;49~56;4.695652174;1.034782609;1181;575;*;380000~440999;0
15829;*;*;49~56;4.156118143;1.044303797;871;474;*;319000~379999;0
15830;*;*;49~56;5.176842105;1.067368421;1012;475;*;380000~440999;0
15831;*;*;49~56;5.743842365;1.068965517;861;406;*;380000~440999;0
15832;*;*;49~56;5.010964912;1.11622807;839;456;*;319000~379999;0
15833;*;*;49~56;5.269035533;1.077834179;1144;591;*;319000~379999;0
15834;*;*;49~56;5.065693431;1.03406326;801;411;*;319000~379999;0
15835;*;*;49~56;5.242774566;1.119460501;1043;519;*;380000~440999;0
15836;*;*;41~48;5.256055363;1.006920415;573;289;*;319000~379999;0
15837;*;*;49~56;4.653846154;0.98816568;725;338;*;380000~440999;0
15838;*;*;49~56;4.272486772;1.03968254;633;378;*;319000~379999;0
15839;*;*;49~56;5.125181951;1.116448326;1415;687;*;319000~379999;0
15840;*;*;49~56;5.025466893;1.057724958;1191;589;*;319000~379999;0
15841;*;*;49~56;4.614072495;1.136460554;1122;469;*;258000~318999;0
15842;*;*;49~56;4.567340067;1.050505051;1370;594;*;319000~379999;0
15843;*;*;49~56;4.532994924;1.083756345;856;394;*;319000~379999;0
15844;*;*;49~56;4.722457627;1.055084746;1079;472;*;319000~379999;0
15845;*;*;49~56;4.397959184;0.955102041;962;490;*;319000~379999;0
15846;*;*;33~40;5.094537815;1.026260504;1824;952;*;319000~379999;0
15847;*;*;17~24;4.624576271;1.056779661;2304;1180;3.5348~7.0695;380000~501999;0
15848;*;*;17~24;5.251252087;1.059265442;2818;1198;3.5348~7.0695;380000~501999;0
15849;*;*;49~56;5.263959391;0.92893401;909;394;*;258000~318999;0
15850;*;*;17~24;4.6;1.1;118;40;3.5348~7.0695;319000~379999;0
15851;*;*;49~56;5.42019544;1.063517915;1260;614;*;319000~379999;0
15852;*;*;49~56;5.30583501;1.084507042;1159;497;*;319000~379999;0
15853;*;*;49~56;5.029900332;1.043189369;724;301;*;258000~318999;0
15854;*;*;49~56;5.54368932;1.087378641;494;206;*;258000~318999;0
15855;*;*;49~56;4.853773585;0.966981132;461;212;*;258000~318999;0
15856;*;*;49~56;4.862745098;1.333333333;124;51;*;441000~501999;0
15857;*;*;49~56;4.216216216;1.148648649;410;148;*;197000~257999;0
15858;*;*;49~56;5.814814815;1.037037037;88;27;*;136000~196999;0
15859;*;*;49~56;4.716080402;1.072864322;712;398;*;258000~318999;0
15860;*;*;49~56;4.865546218;0.983193277;1047;476;*;319000~379999;0
15861;*;*;49~56;5.687919463;1.159395973;1645;596;*;197000~257999;0
15862;*;*;41~48;4.951554591;1.145336226;3269;1383;*;197000~257999;0
15863;*;*;49~56;5.101674641;1.090909091;1555;836;*;258000~318999;0
15864;*;*;49~56;5.436363636;1.130909091;506;275;*;319000~379999;0
15865;*;*;49~56;4.683794466;0.972332016;480;253;*;258000~318999;0
15866;*;*;49~56;6.046610169;1.190677966;620;236;*;258000~318999;0
15867;*;*;49~56;4.393678161;1.106321839;1347;348;*;197000~257999;0
15868;*;*;49~56;4.584329349;1.041168659;2987;753;*;258000~318999;0
15869;*;*;49~56;4.429184549;1.064377682;1726;466;*;197000~257999;0
15870;*;*;49~56;2.928571429;0.827380952;316;168;*;197000~257999;0
15871;*;*;49~56;4.68;1.08;308;75;*;319000~379999;0
15872;*;*;49~56;4.997983871;1.038306452;1816;496;*;258000~318999;0
15873;*;*;49~56;4.263502455;1.109656301;2071;611;*;258000~318999;0
15874;*;*;49~56;3.862745098;1.003267974;1029;306;*;197000~257999;0
15875;*;*;49~56;3.619863014;0.945205479;837;292;*;197000~257999;0
15876;*;*;49~56;4.558194774;0.959619952;1483;421;*;197000~257999;0
15877;*;*;49~56;5.099730458;1.118598383;1442;371;*;197000~257999;0
15878;*;*;49~56;4.700280112;1.081232493;1220;357;*;197000~257999;0
15879;*;*;49~56;4.218323587;1.18128655;2034;513;*;136000~196999;0
15880;*;*;49~56;4.466302368;1.134790528;1932;549;*;197000~257999;0
15881;*;*;1~16;4.203278689;1.095081967;1176;305;0.0000~3.5347;197000~257999;0
15882;*;*;41~48;6.097922849;1.255192878;2147;674;*;197000~257999;0
15883;*;*;41~48;5.071949948;1.013555787;3134;959;*;197000~257999;0
15884;*;*;41~48;4.468629962;0.911651729;2337;781;*;197000~257999;0
15885;*;*;41~48;5.471111111;1.131111111;1587;450;*;197000~257999;0
15886;*;*;17~24;4.840527578;1.18705036;2722;834;0.0000~3.5347;136000~196999;0
15887;*;*;1~16;4.303605313;1.052498419;4737;1581;0.0000~3.5347;197000~257999;0
15888;*;*;41~48;4.841059603;1.01986755;924;302;*;136000~196999;0
15889;*;*;17~24;6.315789474;1.421052632;55;19;0.0000~3.5347;136000~196999;0
15890;*;*;33~40;6.101123596;4.887640449;259;89;*;136000~196999;0
15891;*;*;33~40;5.237735849;1.041509434;871;265;*;136000~196999;0
15892;*;*;41~48;4.909385113;0.96763754;879;309;*;136000~196999;0
15893;*;*;49~56;6.590443686;1.122866894;1025;293;*;136000~196999;0
15894;*;*;49~56;5.169082126;1.082125604;567;207;*;136000~196999;0
15895;*;*;41~48;4.18258427;0.915730337;1115;356;*;197000~257999;0
15896;*;*;25~32;5.548275862;1.172413793;1064;290;0.0000~3.5347;197000~257999;0
15897;*;*;41~48;5.407476636;1.065420561;1923;535;*;136000~196999;0
15898;*;*;49~56;5.192307692;1.307692308;93;26;*;136000~196999;0
15899;*;*;49~56;5.057755776;1.02640264;1405;606;*;258000~318999;0
15900;*;*;33~40;4.95480226;1.079096045;928;354;*;258000~318999;0
15901;*;*;33~40;5.501960784;1.02745098;839;255;*;197000~257999;0
15902;*;*;49~56;5.302521008;1.174369748;1430;476;*;197000~257999;0
15903;*;*;49~56;4.657407407;1.066666667;1209;540;*;258000~318999;0
15904;*;*;41~48;5.842857143;1.228571429;148;70;*;319000~379999;0
15905;*;*;49~56;5.226415094;1.100628931;415;159;*;197000~257999;0
15906;*;*;49~56;5.159663866;0.949579832;1032;357;*;197000~257999;0
15907;*;*;49~56;4.506696429;0.933035714;999;448;*;258000~318999;0
15908;*;*;49~56;4.518867925;1.018867925;889;424;*;258000~318999;0
15909;*;*;49~56;4.997014925;1.032835821;734;335;*;258000~318999;0
15910;*;*;49~56;3.922839506;1.089506173;1076;324;*;258000~318999;0
15911;*;*;49~56;3.961538462;1.111721612;1447;546;*;258000~318999;0
15912;*;*;41~48;4.964179104;0.985074627;935;335;*;197000~257999;0
15913;*;*;41~48;5.485714286;1.263492063;1178;315;*;197000~257999;0
15914;*;*;49~56;5.157894737;1;1208;399;*;197000~257999;0
15915;*;*;49~56;5.105812221;1.146050671;2261;671;*;197000~257999;0
15916;*;*;49~56;4.510928962;0.959016393;973;366;*;197000~257999;0
15917;*;*;49~56;4.03875969;1.065891473;1438;516;*;258000~318999;0
15918;*;*;49~56;4.242424242;1.019283747;1136;363;*;197000~257999;0
15919;*;*;49~56;5.286415712;1.070376432;1765;611;*;258000~318999;0
15920;*;*;49~56;4.642228739;1.017595308;935;341;*;258000~318999;0
15921;*;*;49~56;4.361702128;0.978723404;1008;329;*;258000~318999;0
15922;*;*;49~56;5.058394161;1.00729927;729;274;*;258000~318999;0
15923;*;*;41~48;5.485106383;1.191489362;782;235;*;258000~318999;0
15924;*;*;49~56;4.836512262;0.945504087;1102;367;*;258000~318999;0
15925;*;*;49~56;5.326621924;1.100671141;1485;447;*;258000~318999;0
15926;*;*;49~56;5.064327485;1.198830409;587;171;*;258000~318999;0
15927;*;*;41~48;4.480295567;1.012315271;1534;406;*;197000~257999;0
15928;*;*;33~40;6.035483871;1.103225806;1055;310;*;258000~318999;0
15929;*;*;33~40;5.891447368;1.059210526;988;304;*;197000~257999;0
15930;*;*;49~56;4.681603774;0.945754717;1337;424;*;197000~257999;0
15931;*;*;41~48;5.136094675;1.130177515;1703;507;*;197000~257999;0
15932;*;*;49~56;5.0703125;1.0703125;1170;384;*;197000~257999;0
15933;*;*;41~48;3.903314917;1.121546961;1027;362;*;197000~257999;0
15934;*;*;49~56;5.424157303;1.005617978;1092;356;*;258000~318999;0
15935;*;*;41~48;5.794520548;1.035616438;1168;365;*;258000~318999;0
15936;*;*;41~48;4.466666667;0.933333333;998;330;*;197000~257999;0
15937;*;*;41~48;4.650793651;0.971428571;1119;315;*;197000~257999;0
15938;*;*;33~40;4.668269231;1.192307692;647;208;*;197000~257999;0
15939;*;*;33~40;5.052536232;1.027173913;1682;552;*;258000~318999;0
15940;*;*;33~40;5.131707317;1.058536585;1225;410;*;197000~257999;0
15941;*;*;25~32;5.593220339;1.071186441;904;295;3.5348~7.0695;197000~257999;0
15942;*;*;33~40;5.063339731;1.047984645;1789;521;*;197000~257999;0
15943;*;*;49~56;5.422718808;1.046554935;1989;537;*;197000~257999;0
15944;*;*;49~56;5.184568835;1.052950076;2363;661;*;197000~257999;0
15945;*;*;49~56;4.837719298;1.048245614;1583;456;*;197000~257999;0
15946;*;*;49~56;5.341959335;1.055452865;1769;541;*;197000~257999;0
15947;*;*;49~56;4.746458924;1.018413598;2101;706;*;197000~257999;0
15948;*;*;49~56;5.567233385;1.14064915;2270;647;*;197000~257999;0
15949;*;*;49~56;4.15;0.85;1463;360;*;197000~257999;0
15950;*;*;49~56;4.044155844;1.051948052;1173;385;*;258000~318999;0
15951;*;*;41~48;4.953703704;1.083333333;1773;540;*;258000~318999;0
15952;*;*;49~56;5.763333333;1.063333333;890;300;*;258000~318999;0
15953;*;*;49~56;4.85915493;0.957746479;847;284;*;258000~318999;0
15954;*;*;41~48;5.138554217;1.016064257;1562;498;*;258000~318999;0
15955;*;*;49~56;5.085889571;0.987730061;1086;326;*;258000~318999;0
15956;*;*;41~48;5.277591973;1.173913043;1159;299;*;197000~257999;0
15957;*;*;49~56;4.787878788;1.021212121;1425;330;*;197000~257999;0
15958;*;*;41~48;5.414893617;1.003546099;1102;282;*;197000~257999;0
15959;*;*;33~40;5.450757576;1.068181818;1633;528;*;258000~318999;0
15960;*;*;49~56;4.960526316;0.914473684;1138;304;*;258000~318999;0
15961;*;*;49~56;5;1.014184397;879;282;*;197000~257999;0
15962;*;*;49~56;5.362989324;1.003558719;929;281;*;197000~257999;0
15963;*;*;49~56;5.173664122;1.127862595;1848;524;*;197000~257999;0
15964;*;*;41~48;4.785992218;0.961089494;895;257;*;197000~257999;0
15965;*;*;25~32;5.042553191;0.938297872;1524;470;3.5348~7.0695;258000~318999;0
15966;*;*;33~40;5.218333333;1115;2204;600;*;197000~257999;0
15967;*;*;33~40;4.919191919;1.042929293;1434;396;*;197000~257999;0
15968;*;*;33~40;4.299086758;0.906392694;1411;438;*;197000~257999;0
15969;*;*;41~48;4.922580645;1.034408602;1697;465;*;197000~257999;0
15970;*;*;25~32;4.873663751;1.20505345;3900;1029;0.0000~3.5347;136000~196999;0
15971;*;*;33~40;4.787878788;1.009324009;1738;429;*;197000~257999;0
15972;*;*;49~56;4.143176734;0.959731544;1615;447;*;197000~257999;0
15973;*;*;41~48;4.658018868;1.037735849;1528;424;*;197000~257999;0
15974;*;*;41~48;4.612648221;0.988142292;953;253;*;197000~257999;0
15975;*;*;49~56;4.021638331;0.672333849;1330;647;*;258000~318999;0
15976;*;*;49~56;4.203007519;1.02443609;1186;532;*;380000~440999;0
15977;*;*;49~56;5.024793388;1.068870523;799;363;*;380000~440999;0
15978;*;*;49~56;4.781578947;1.181578947;948;380;*;380000~440999;0
15979;*;*;25~32;4.163120567;1.048069346;2659;1269;3.5348~7.0695;380000~501999;0
15980;*;*;25~32;6.380952381;0.982142857;363;168;3.5348~7.0695;319000~379999;0
15981;*;*;25~32;4.807017544;0.960526316;954;456;3.5348~7.0695;319000~379999;0
15982;*;*;49~56;4.050964187;1.078512397;1545;726;*;380000~440999;0
15983;*;*;49~56;3.758765778;1.037868163;1587;713;*;319000~379999;0
15984;*;*;49~56;4.385802469;1.033950617;1396;648;*;319000~379999;0
15985;*;*;49~56;4.949799197;0.981927711;1170;498;*;258000~318999;0
15986;*;*;41~48;4.419700214;1.03640257;1055;467;*;319000~379999;0
15987;*;*;33~40;4.113185531;1.098016336;1675;857;*;319000~379999;0
15988;*;*;49~56;5.292328042;1.07010582;1886;756;*;319000~379999;0
15989;*;*;33~40;5.177993528;1.114886731;1391;618;*;319000~379999;0
15990;*;*;41~48;5.671394799;1.007092199;911;423;*;319000~379999;0
15991;*;*;49~56;5.52173913;0.986270023;1095;437;*;319000~379999;0
15992;*;*;49~56;6.131696429;1.053571429;1281;448;*;319000~379999;0
15993;*;*;33~40;6.307865169;1.094382022;1152;445;*;380000~440999;0
15994;*;*;41~48;5.379912664;1.002183406;1179;458;*;319000~379999;0
15995;*;*;49~56;6.853448276;1.017241379;622;232;*;441000~501999;0
15996;*;*;49~56;7.450617284;0.938271605;465;162;*;441000~501999;0
15997;*;*;49~56;6.765586035;0.987531172;1090;401;*;441000~501999;0
15998;*;*;41~48;6.889361702;1.157446809;1293;470;*;380000~501999;0
15999;*;*;49~56;6.030188679;1.075471698;689;265;*;319000~379999;0
16000;*;*;49~56;4.821316614;0.956112853;819;319;*;319000~379999;0
16001;*;*;33~40;6.20754717;1.026954178;862;371;*;319000~379999;0
16002;*;*;33~40;5.738505747;1.022988506;772;348;*;319000~379999;0
16003;*;*;33~40;4.528239203;1.003322259;1786;301;*;258000~318999;0
16004;*;*;49~56;7.166666667;1.112403101;695;258;*;380000~440999;0
16005;*;*;49~56;5.846153846;1.010989011;642;273;*;319000~379999;0
16006;*;*;49~56;6.707746479;1.024647887;707;284;*;380000~440999;0
16007;*;*;41~48;5.797114518;0.985572588;2535;1109;*;319000~379999;0
16008;*;*;41~48;5.939004815;1.097913323;1488;623;*;258000~318999;0
16009;*;*;33~40;6.264317181;1.024229075;2263;908;*;319000~379999;0
16010;*;*;49~56;6.687116564;1;856;326;*;380000~440999;0
16011;*;*;49~56;7.153310105;0.979094077;791;287;*;441000~501999;0
16012;*;*;49~56;8.154761905;1.051587302;735;252;*;441000~501999;0
16013;*;*;49~56;5.770516717;1.015197568;1633;658;*;319000~379999;0
16014;*;*;49~56;6.504409171;1.128747795;1605;567;*;319000~379999;0
16015;*;*;49~56;7.908284024;1.032544379;876;338;*;441000~501999;0
16016;*;*;49~56;7.224032587;1.030549898;1276;491;*;380000~440999;0
16017;*;*;49~56;7.43324937;1.022670025;1115;397;*;380000~440999;0
16018;*;*;49~56;7.487719298;0.971929825;936;285;*;441000~501999;0
16019;*;*;49~56;7.850364964;1.02189781;762;274;*;441000~501999;0
16020;*;*;49~56;7.379464286;1125;641;224;*;441000~501999;0
16021;*;*;41~48;6.079470199;1.056291391;767;302;*;380000~501999;0
16022;*;*;49~56;7.320121951;1.054878049;812;328;*;380000~440999;0
16023;*;*;49~56;6.167076167;1.076167076;1153;407;*;319000~379999;0
16024;*;*;49~56;5.760080645;0.945564516;1431;496;*;319000~379999;0
16025;*;*;33~40;4.709359606;1.071428571;970;406;*;258000~318999;0
16026;*;*;49~56;5.395437262;1.077946768;1411;526;*;258000~318999;0
16027;*;*;49~56;5.487804878;0.979674797;752;246;*;258000~318999;0
16028;*;*;49~56;4.73255814;0.986046512;1193;430;*;258000~318999;0
16029;*;*;41~48;5.093883357;1.078236131;1670;703;*;258000~318999;0
16030;*;*;49~56;5.742690058;1.152046784;653;171;*;197000~257999;0
16031;*;*;41~48;5.882845188;0.983263598;771;239;*;197000~257999;0
16032;*;*;41~48;5.628571429;1.095238095;1083;315;*;197000~257999;0
16033;*;*;49~56;4.990723562;1.027829314;1795;539;*;197000~257999;0
16034;*;*;41~48;4.318295739;0.974937343;1216;399;*;197000~257999;0
16035;*;*;49~56;5.486363636;1.159090909;658;220;*;197000~257999;0
16036;*;*;41~48;5.331230284;1.069400631;962;317;*;197000~257999;0
16037;*;*;41~48;6.012531328;1.050125313;1225;399;*;197000~257999;0
16038;*;*;33~40;5.579207921;1.076732673;1388;404;*;197000~257999;0
16039;*;*;41~48;4.936046512;0.990310078;1577;516;*;197000~257999;0
16040;*;*;41~48;4.794621027;1.04400978;1211;409;*;197000~257999;0
16041;*;*;41~48;5.975308642;1.228395062;434;162;*;197000~257999;0
16042;*;*;41~48;4.687096774;0.987096774;817;310;*;197000~257999;0
16043;*;*;49~56;5.74829932;1.044217687;770;294;*;258000~318999;0
16044;*;*;41~48;4.7960199;0.860696517;613;201;*;197000~257999;0
16045;*;*;41~48;5.74744898;1.099489796;1382;392;*;197000~257999;0
16046;*;*;49~56;4.829411765;1.032352941;1138;340;*;197000~257999;0
16047;*;*;49~56;5.264615385;1.070769231;1138;325;*;197000~257999;0
16048;*;*;33~40;5.049586777;1.068870523;1093;363;*;197000~257999;0
16049;*;*;41~48;4.418604651;1.023255814;1491;602;*;319000~379999;0
16050;*;*;41~48;4.5;1.08984375;1273;512;*;319000~379999;0
16051;*;*;49~56;4.888888889;1.045537341;1395;549;*;319000~379999;0
16052;*;*;49~56;4.788008565;1.03640257;1171;467;*;319000~379999;0
16053;*;*;49~56;5.474777448;0.997032641;1015;337;*;319000~379999;0
16054;*;*;49~56;5.158227848;1.033227848;1594;632;*;319000~379999;0
16055;*;*;49~56;4.953405018;0.82437276;708;279;*;319000~379999;0
16056;*;*;49~56;5.586056645;1.093681917;1092;459;*;319000~379999;0
16057;*;*;49~56;5.488997555;1.039119804;1091;409;*;319000~379999;0
16058;*;*;49~56;6.243902439;1.06271777;782;287;*;319000~379999;0
16059;*;*;41~48;5.098113208;1.018867925;650;265;*;319000~379999;0
16060;*;*;49~56;5.804713805;0.993265993;795;297;*;319000~379999;0
16061;*;*;49~56;5.825622776;1.081850534;729;281;*;319000~379999;0
16062;*;*;49~56;4.883449883;0.955710956;1126;429;*;258000~318999;0
16063;*;*;49~56;5.272536688;1.035639413;1583;477;*;258000~318999;0
16064;*;*;49~56;5.415011038;1.121412804;1056;453;*;258000~318999;0
16065;*;*;49~56;5.439506173;1.004938272;1052;405;*;319000~379999;0
16066;*;*;41~48;5.300829876;1.136929461;1285;482;*;258000~318999;0
16067;*;*;49~56;5.070904645;0.980440098;1136;409;*;319000~379999;0
16068;*;*;41~48;5.754617414;1.105540897;1041;379;*;319000~379999;0
16069;*;*;41~48;5.336658354;1.059850374;1105;401;*;258000~318999;0
16070;*;*;41~48;5.344748858;1.052511416;1092;438;*;258000~318999;0
16071;*;*;41~48;5.407407407;1.03968254;979;378;*;319000~379999;0
16072;*;*;41~48;5.850490196;1.039215686;1041;408;*;319000~379999;0
16073;*;*;49~56;5.350961538;0.925480769;1177;416;*;319000~379999;0
16074;*;*;49~56;5.211904762;1.030952381;1147;420;*;319000~379999;0
16075;*;*;49~56;5.169683258;0.984162896;1211;442;*;319000~379999;0
16076;*;*;49~56;5.854054054;1.143243243;1072;370;*;258000~318999;0
16077;*;*;49~56;5.49516441;1;1372;517;*;319000~379999;0
16078;*;*;41~48;5.979899497;0.914572864;497;199;*;380000~501999;0
16079;*;*;41~48;5.729468599;1.028985507;487;207;*;319000~379999;0
16080;*;*;49~56;5.600917431;1.029816514;1188;436;*;258000~318999;0
16081;*;*;49~56;5.429245283;1.077830189;1154;424;*;258000~318999;0
16082;*;*;49~56;6.913419913;1.038961039;566;231;*;441000~501999;0
16083;*;*;41~48;6.335106383;1.042553191;867;376;*;319000~379999;0
16084;*;*;33~40;6.309446254;1.094462541;742;307;*;319000~379999;0
16085;*;*;33~40;5.953191489;0.953191489;530;235;*;380000~440999;0
16086;*;*;33~40;6.110738255;0.979865772;742;298;*;380000~440999;0
16087;*;*;33~40;4.106683805;1.064267352;2410;778;*;319000~379999;0
16088;*;*;41~48;4.558139535;1.108527132;564;258;*;319000~379999;0
16089;*;*;41~48;4.644149578;1.227985525;1497;829;*;380000~501999;0
16090;*;*;41~48;4.108187135;0.988304094;733;342;*;136000~196999;0
16091;*;*;41~48;3.985074627;1.058043118;1281;603;0.0000~3.5347;75000~135999;0
16092;*;*;49~56;4.358531317;0.911447084;1142;463;*;258000~318999;0
16093;*;*;41~48;4.715883669;1.020134228;1299;447;*;258000~318999;0
16094;*;*;49~56;5.328877005;1.096256684;1009;374;*;258000~318999;0
16095;*;*;41~48;5.234200743;1.096654275;891;269;*;258000~318999;0
16096;*;*;41~48;4.87254902;0.931372549;841;306;*;258000~318999;0
16097;*;*;41~48;5.324840764;1.095541401;838;314;*;258000~318999;0
16098;*;*;41~48;5.226872247;1.059471366;1247;454;*;258000~318999;0
16099;*;*;41~48;3.819218241;1.016286645;1439;614;*;258000~318999;0
16100;*;*;41~48;4.528673835;1.109318996;1332;558;*;258000~318999;0
16101;*;*;33~40;4.452975048;1.078694818;1499;521;*;258000~318999;0
16102;*;*;41~48;4.756410256;1.025641026;1272;468;*;258000~318999;0
16103;*;*;41~48;4.256997455;0.959287532;1078;393;*;258000~318999;0
16104;*;*;41~48;4.93902439;1.326219512;941;328;*;258000~318999;0
16105;*;*;41~48;5.138418079;1.228813559;1137;354;*;258000~318999;0
16106;*;*;41~48;4.944099379;1.00931677;920;322;*;258000~318999;0
16107;*;*;41~48;5.26969697;1.039393939;872;330;*;258000~318999;0
16108;*;*;33~40;4.714285714;0.908163265;1266;490;*;258000~318999;0
16109;*;*;41~48;5.178362573;1.020467836;1098;342;*;258000~318999;0
16110;*;*;41~48;4.748387097;0.887096774;820;310;*;258000~318999;0
16111;*;*;41~48;5.572769953;1.164319249;1087;426;*;258000~318999;0
16112;*;*;41~48;5.691441441;1.166666667;1434;444;*;258000~318999;0
16113;*;*;41~48;4.817610063;0.958071279;1429;477;*;258000~318999;0
16114;*;*;41~48;4.822107081;1.062176166;1640;579;*;258000~318999;0
16115;*;*;41~48;4.30749354;1.020671835;1041;387;*;258000~318999;0
16116;*;*;41~48;5.166253102;1.166253102;1154;403;*;258000~318999;0
16117;*;*;41~48;4.611494253;0.954022989;1230;435;*;258000~318999;0
16118;*;*;49~56;5.632022472;1.008426966;847;356;*;441000~501999;0
16119;*;*;49~56;4.08490566;1.094339623;1067;530;*;319000~379999;0
16120;*;*;49~56;4.374367622;1.048903879;1421;593;*;319000~379999;0
16121;*;*;49~56;5.121890547;1.034825871;999;402;*;441000~501999;0
16122;*;*;49~56;4.926724138;1.110632184;1584;696;*;441000~501999;0
16123;*;*;49~56;3.857142857;1.002597403;880;385;*;258000~318999;0
16124;*;*;49~56;4.566724437;1.017331023;1302;577;*;380000~440999;0
16125;*;*;49~56;4.771812081;1.045302013;1380;596;*;441000~501999;0
16126;*;*;49~56;5.022988506;1.206896552;194;87;*;441000~501999;0
16127;*;*;49~56;5.135775862;1.028017241;990;464;*;441000~501999;0
16128;*;*;49~56;4.834008097;1.026315789;1078;494;*;441000~501999;0
16129;*;*;49~56;4.567058824;1.025882353;955;425;*;380000~440999;0
16130;*;*;41~48;4.144736842;1.064327485;1674;684;*;319000~379999;0
16131;*;*;49~56;4.803076923;1.082051282;2246;975;*;441000~501999;0
16132;*;*;41~48;4.476759628;1.054448871;1738;753;*;319000~379999;0
16133;*;*;1~32;4.217270195;1.135097493;1704;718;0.0000~3.5347;258000~501999;0
16134;*;*;41~48;4.252252252;1.019305019;1783;777;*;319000~379999;0
16135;*;*;49~56;7.255506608;1.039647577;546;227;*;441000~501999;0
16136;*;*;49~56;6.914285714;1.050549451;1143;455;*;441000~501999;0
16137;*;*;49~56;8.433898305;0.952542373;805;295;*;441000~501999;0
16138;*;*;49~56;4.641255605;1.103139013;2030;892;*;319000~379999;0
16139;*;*;49~56;4.838235294;0.996323529;1364;544;*;441000~501999;0
16140;*;*;49~56;4.021568627;1.082352941;1400;510;*;319000~379999;0
16141;*;*;49~56;4.664652568;1.098187311;1636;662;*;319000~379999;0
16142;*;*;49~56;4.688693098;1.010279001;2099;681;*;380000~440999;0
16143;*;*;49~56;5.944297082;1.175066313;1042;377;*;380000~440999;0
16144;*;*;49~56;5.365566038;0.971698113;1166;424;*;380000~440999;0
16145;*;*;49~56;4.295049505;1.033663366;1220;505;*;441000~501999;0
16146;*;*;49~56;4.99323181;1.094754653;1448;591;*;380000~440999;0
16147;*;*;49~56;5.877431907;1.107003891;1479;514;*;380000~440999;0
16148;*;*;49~56;5.004901961;0.926470588;1153;408;*;380000~440999;0
16149;*;*;49~56;5.04494382;1.019261637;1350;623;*;319000~379999;0
16150;*;*;49~56;4.914516129;1.033870968;1427;620;*;319000~379999;0
16151;*;*;49~56;5.396761134;1.042510121;1362;494;*;380000~440999;0
16152;*;*;49~56;4.5;1.047535211;1202;568;*;319000~379999;0
16153;*;*;49~56;5.177458034;1.047961631;1111;417;*;319000~379999;0
16154;*;*;49~56;5.650485437;1.186407767;1508;515;*;258000~318999;0
16155;*;*;41~48;4.184782609;0.998447205;1505;644;*;319000~379999;0
16156;*;*;49~56;5.172932331;1.085714286;1663;665;*;319000~379999;0
16157;*;*;49~56;5.113537118;1;1170;458;*;319000~379999;0
16158;*;*;49~56;5.792857143;1.080952381;1070;420;*;319000~379999;0
16159;*;*;49~56;4.691075515;1.004576659;1109;437;*;258000~318999;0
16160;*;*;41~48;5.246628131;1.115606936;1419;519;*;319000~379999;0
16161;*;*;49~56;4.857142857;0.984375;1040;448;*;441000~501999;0
16162;*;*;49~56;4.338600451;0.963882619;1049;443;*;319000~379999;0
16163;*;*;49~56;4.655263158;1.089473684;1032;380;*;319000~379999;0
16164;*;*;49~56;5.539759036;1.062650602;1252;415;*;319000~379999;0
16165;*;*;49~56;5.15819209;1.071563089;1312;531;*;319000~379999;0
16166;*;*;41~48;4.69982238;1.078152753;1418;563;*;319000~379999;0
16167;*;*;41~48;5.573913043;1.084782609;1056;460;*;319000~379999;0
16168;*;*;41~48;5.497797357;1.088105727;1201;454;*;319000~379999;0
16169;*;*;1~32;3.725524476;1.092657343;1229;572;0.0000~3.5347;258000~501999;0
16170;*;*;41~48;5.945922747;1.079828326;4715;1165;*;380000~501999;0
16171;*;*;49~56;8;1;13;1;*;441000~501999;0
16172;*;*;1~32;3.592995169;1.169082126;1453;828;0.0000~3.5347;258000~501999;0
16173;*;*;41~48;4.248741188;1.132930514;3549;993;*;197000~257999;0
16174;*;*;1~16;4.435185185;1.157407407;355;108;0.0000~3.5347;136000~196999;0
16175;*;*;49~56;4.666666667;0.888888889;37;27;*;197000~257999;0
16176;*;*;25~32;6;1;23;9;3.5348~7.0695;197000~257999;0
16177;*;*;41~48;6.554216867;1.144578313;558;166;*;197000~257999;0
16178;*;*;41~48;4.632022472;0.921348315;1183;356;*;197000~257999;0
16179;*;*;25~32;3.043887147;1.134796238;1618;638;0.0000~3.5347;14000~74999;2
16180;*;*;49~56;3.773584906;1.144654088;1448;318;*;14000~135999;2
16181;*;*;41~48;3.081081081;0.990990991;1109;333;0.0000~3.5347;14000~74999;2
16182;*;*;49~56;3.441860465;1.255813953;630;258;*;14000~135999;2
16183;*;*;49~56;3.376470588;1.4;154;85;*;14000~135999;2
16184;*;*;9~16;2.69858156;1.085106383;438;282;0.0000~3.5347;75000~135999;2
16185;*;*;9~16;3.492227979;1.25388601;575;193;0.0000~3.5347;14000~74999;2
16186;*;*;49~56;2.018867925;1.490566038;167;53;*;14000~135999;2
16187;*;*;17~24;3.533527697;1.067055394;1202;343;0.0000~3.5347;75000~135999;2
16188;*;*;41~48;5.148148148;1.050925926;583;216;0.0000~3.5347;75000~135999;2
16189;*;*;49~56;3.659090909;1.090909091;1025;440;*;14000~135999;2
16190;*;*;41~48;3.848484848;1.170995671;1237;462;0.0000~3.5347;75000~135999;2
16191;*;*;49~56;3.448347107;1.152892562;1340;484;*;14000~135999;2
16192;*;*;25~32;3.700416089;1.126213592;1398;721;0.0000~3.5347;75000~135999;2
16193;*;*;49~56;5.673076923;0.915384615;736;260;*;14000~135999;2
16194;*;*;49~56;4.353697749;1.009646302;679;311;*;14000~135999;2
16195;*;*;49~56;5.372469636;0.947368421;1157;494;*;14000~135999;2
16196;*;*;49~56;5.73354232;0.943573668;694;319;*;14000~135999;2
16197;*;*;41~48;4.901878914;1.058455115;1455;479;0.0000~3.5347;14000~74999;2
16198;*;*;41~48;3.690909091;1.018181818;1805;440;0.0000~3.5347;14000~74999;2
16199;*;*;41~48;3.868055556;1.145833333;573;144;0.0000~3.5347;14000~74999;2
16200;*;*;49~56;4.251612903;0.993548387;1368;310;*;14000~135999;2
16201;*;*;33~40;4.129032258;1.072580645;676;124;0.0000~3.5347;14000~74999;2
16202;*;*;41~48;3.642487047;0.924870466;1489;386;0.0000~3.5347;14000~74999;2
16203;*;*;41~48;4.194774347;1.054631829;1406;421;0.0000~3.5347;14000~74999;2
16204;*;*;49~56;5.333333333;1.592592593;272;54;*;14000~135999;2
16205;*;*;33~40;4.925087108;1.141114983;2037;574;0.0000~3.5347;14000~74999;2
16206;*;*;33~40;4.612440191;1.100478469;742;209;0.0000~3.5347;14000~74999;2
16207;*;*;41~48;3.826530612;1.102040816;323;98;0.0000~3.5347;14000~74999;2
16208;*;*;33~40;4.659793814;1.12371134;412;97;0.0000~3.5347;14000~74999;2
16209;*;*;49~56;4.8;1.2;23;5;*;14000~135999;2
16210;*;*;33~40;2.857142857;0.714285714;64;14;0.0000~3.5347;14000~74999;2
16211;*;*;49~56;6.05625;1.0375;788;320;*;14000~135999;2
16212;*;*;41~48;4.761904762;0.963585434;922;357;0.0000~3.5347;75000~135999;2
16213;*;*;41~48;4.91152815;0.978552279;975;373;0.0000~3.5347;75000~135999;2
16214;*;*;41~48;4.775811209;1.002949853;906;339;0.0000~3.5347;75000~135999;2
16215;*;*;25~32;4.420673077;1.0625;2010;416;0.0000~3.5347;14000~74999;2
16216;*;*;33~40;5.151724138;1.303448276;338;145;0.0000~3.5347;14000~74999;2
16217;*;*;1~8;6.15;1.05;50;20;0.0000~3.5347;14000~135999;2
16218;*;*;33~48;5.717889908;1.041284404;1203;436;3.5348~7.0695;14000~135999;2
16219;*;*;17~24;4.327217125;1.00764526;1554;654;0.0000~3.5347;75000~135999;2
16220;*;*;33~40;5.448584203;1.01490313;1698;671;0.0000~3.5347;75000~135999;2
16221;*;*;25~32;5.738317757;0.887850467;227;107;3.5348~7.0695;197000~257999;2
16222;*;*;17~24;6.958549223;0.948186528;462;193;3.5348~7.0695;136000~196999;2
16223;*;*;33~40;4.882706767;0.966917293;1737;665;0.0000~3.5347;75000~135999;2
16224;*;*;33~40;5.722426471;1.058823529;1746;544;0.0000~3.5347;75000~135999;2
16225;*;*;33~48;5.643493761;1.024955437;1351;561;3.5348~7.0695;14000~135999;2
16226;*;*;41~48;5.011037528;0.942604857;1097;453;0.0000~3.5347;75000~135999;2
16227;*;*;41~48;5.600456621;1.118721461;1093;438;0.0000~3.5347;75000~135999;2
16228;*;*;17~24;5.049707602;1.128654971;730;342;0.0000~3.5347;75000~135999;2
16229;*;*;33~48;4.721875;0.9125;721;320;3.5348~7.0695;14000~135999;2
16230;*;*;33~40;5.264150943;1.326145553;999;371;0.0000~3.5347;75000~135999;2
16231;*;*;41~48;5.470113086;1.071082391;1228;619;*;136000~196999;2
16232;*;*;49~56;5.843137255;1.052941176;1128;510;*;14000~135999;2
16233;*;*;41~48;5.902912621;0.896440129;720;309;*;136000~196999;2
16234;*;*;33~48;5.891402715;1.027149321;988;442;3.5348~7.0695;14000~135999;2
16235;*;*;41~48;3.93081761;0.899371069;533;159;0.0000~3.5347;14000~74999;2
16236;*;*;49~56;5.954274354;1.103379722;1392;503;*;14000~135999;2
16237;*;*;49~56;4.547272727;1.027272727;1171;550;*;14000~135999;2
16238;*;*;33~48;5.344594595;1.038288288;990;444;3.5348~7.0695;14000~135999;2
16239;*;*;49~56;5.867532468;1.083116883;766;385;*;14000~135999;2
16240;*;*;41~48;5.027027027;1.032432432;463;185;0.0000~3.5347;75000~135999;2
16241;*;*;25~32;2.425572519;1.007633588;2019;524;0.0000~3.5347;75000~135999;2
16242;*;*;33~40;5.042462845;1.048832272;1167;471;0.0000~3.5347;75000~135999;2
16243;*;*;33~40;5.348652932;1.04437401;1388;631;0.0000~3.5347;75000~135999;2
16244;*;*;41~48;5.103092784;1.195876289;284;97;0.0000~3.5347;14000~74999;2
16245;*;*;25~32;4.436314363;1.111111111;2050;738;0.0000~3.5347;14000~74999;2
16246;*;*;41~48;4.939393939;0.977272727;1322;528;0.0000~3.5347;14000~74999;2
16247;*;*;41~48;5.843023256;1.162790698;492;172;0.0000~3.5347;14000~74999;2
16248;*;*;49~56;5.502923977;1.076023392;414;171;*;14000~135999;2
16249;*;*;41~48;4.948717949;1.015384615;498;195;0.0000~3.5347;75000~135999;2
16250;*;*;33~40;4.566964286;1.084821429;550;224;0.0000~3.5347;14000~74999;2
16251;*;*;41~48;3.467105263;875;367;152;0.0000~3.5347;14000~74999;2
16252;*;*;41~48;4.557692308;1.0625;749;208;0.0000~3.5347;14000~74999;2
16253;*;*;49~56;6.268817204;1.225806452;310;93;*;14000~135999;2
16254;*;*;41~48;3.953995157;1.04842615;885;413;0.0000~3.5347;14000~74999;2
16255;*;*;33~40;4.263285024;1;1056;414;0.0000~3.5347;14000~74999;2
16256;*;*;25~32;4.071917808;1.010273973;891;292;0.0000~3.5347;14000~74999;2
16257;*;*;33~40;4.395904437;1.174061433;846;293;0.0000~3.5347;14000~74999;2
16258;*;*;41~48;5.193370166;1.149171271;690;181;0.0000~3.5347;14000~74999;2
16259;*;*;41~48;5.400900901;1.009009009;1143;444;0.0000~3.5347;14000~74999;2
16260;*;*;41~48;4.150485437;0.917475728;716;206;0.0000~3.5347;75000~135999;2
16261;*;*;33~40;4.970394737;1.039473684;892;304;0.0000~3.5347;14000~74999;2
16262;*;*;33~40;4.565683646;0.970509383;1208;373;0.0000~3.5347;14000~74999;2
16263;*;*;41~48;4.475409836;1.005464481;677;183;0.0000~3.5347;14000~74999;2
16264;*;*;33~40;4.720512821;1.097435897;1368;390;0.0000~3.5347;14000~74999;2
16265;*;*;41~48;5.835443038;1.278481013;382;79;0.0000~3.5347;14000~74999;2
16266;*;*;33~40;5.245098039;1.029411765;335;102;0.0000~3.5347;14000~74999;2
16267;*;*;25~32;4.671610169;1.012711864;1730;472;0.0000~3.5347;14000~74999;2
16268;*;*;25~32;3.936936937;0.977477477;788;222;0.0000~3.5347;14000~74999;2
16269;*;*;41~48;4.990024938;1.067331671;1384;401;0.0000~3.5347;14000~74999;2
16270;*;*;33~48;5.822580645;1.016129032;169;62;3.5348~7.0695;14000~135999;2
16271;*;*;25~32;5.428057554;1.107913669;967;278;0.0000~3.5347;14000~74999;2
16272;*;*;1~8;5.131034483;1.12183908;1857;435;0.0000~3.5347;14000~135999;2
16273;*;*;17~24;4.836734694;0.967346939;960;245;0.0000~3.5347;14000~74999;2
16274;*;*;25~32;4.422018349;1.064220183;782;218;0.0000~3.5347;14000~74999;2
16275;*;*;25~32;4.1825;955;1734;400;0.0000~3.5347;14000~74999;2
16276;*;*;33~40;3.586734694;0.903061224;2248;588;0.0000~3.5347;14000~74999;2
16277;*;*;41~48;4.410958904;1.128767123;1409;365;0.0000~3.5347;14000~74999;2
16278;*;*;17~24;5.127208481;1.130742049;1413;283;0.0000~3.5347;14000~74999;2
16279;*;*;33~40;4.386252046;1.037643208;2188;611;0.0000~3.5347;14000~74999;2
16280;*;*;33~40;4.024193548;0.927419355;451;124;0.0000~3.5347;14000~74999;2
16281;*;*;33~40;4.418897638;1.078740157;2268;635;0.0000~3.5347;14000~74999;2
16282;*;*;33~40;4.840466926;1.124513619;1854;514;0.0000~3.5347;14000~74999;2
16283;*;*;17~24;4.204678363;1.026315789;1294;342;0.0000~3.5347;14000~74999;2
16284;*;*;17~24;4.346938776;1.008746356;1223;343;0.0000~3.5347;14000~74999;2
16285;*;*;25~32;5.441025641;1.179487179;851;195;0.0000~3.5347;14000~74999;2
16286;*;*;9~16;3.942446043;0.863309353;1175;278;0.0000~3.5347;14000~74999;2
16287;*;*;25~32;5.290322581;1.15483871;576;155;0.0000~3.5347;14000~74999;2
16288;*;*;17~24;5.118421053;1.032894737;1140;304;0.0000~3.5347;75000~135999;2
16289;*;*;25~32;4.594444444;1.063888889;3201;720;0.0000~3.5347;14000~74999;2
16290;*;*;33~40;4.368932039;1.194174757;236;103;0.0000~3.5347;75000~135999;2
16291;*;*;41~48;4.712765957;1.042553191;517;188;0.0000~3.5347;14000~74999;2
16292;*;*;33~40;4.400749064;0.973782772;951;267;0.0000~3.5347;14000~74999;2
16293;*;*;33~40;4.282331512;1.027322404;1591;549;0.0000~3.5347;14000~74999;2
16294;*;*;41~48;5.066666667;1.087356322;1277;435;0.0000~3.5347;14000~74999;2
16295;*;*;33~40;5.335526316;1.105263158;514;152;0.0000~3.5347;75000~135999;2
16296;*;*;33~40;4.492581602;1;1121;337;0.0000~3.5347;14000~74999;2
16297;*;*;25~32;5.005763689;1.097982709;1177;347;0.0000~3.5347;14000~74999;2
16298;*;*;25~32;4.416666667;0.93452381;1163;336;0.0000~3.5347;14000~74999;2
16299;*;*;17~24;4.950704225;1.002347418;1742;426;0.0000~3.5347;14000~74999;2
16300;*;*;25~32;5.95959596;1.303030303;315;99;0.0000~3.5347;75000~135999;2
16301;*;*;17~24;6.103633917;1.025572005;1562;743;3.5348~7.0695;197000~257999;2
16302;*;*;17~24;5.098712446;1.04434907;1539;699;3.5348~7.0695;136000~196999;2
16303;*;*;1~8;4.711428571;1.054285714;732;350;0.0000~3.5347;14000~135999;2
16304;*;*;1~16;7.738853503;1.003184713;1016;314;7.0696~10.6043;*;2
16305;*;*;9~16;4.462562396;0.996672213;1520;601;3.5348~7.0695;14000~135999;2
16306;*;*;9~16;4.676767677;1.161616162;451;198;3.5348~7.0695;136000~196999;2
16307;*;*;9~16;3.761658031;1.151986183;1192;579;0.0000~3.5347;75000~135999;2
16308;*;*;9~16;5.934065934;0.912087912;507;182;3.5348~7.0695;136000~196999;2
16309;*;*;17~24;4.558295964;1.013452915;1114;446;0.0000~3.5347;136000~196999;2
16310;*;*;25~32;6.321568627;0.917647059;630;255;3.5348~7.0695;136000~196999;2
16311;*;*;25~32;5.992272025;1.061823802;1642;647;3.5348~7.0695;14000~135999;2
16312;*;*;25~32;5.061085973;1.050904977;2177;884;0.0000~3.5347;75000~135999;2
16313;*;*;33~40;6.812807882;1.019704433;531;203;*;136000~196999;2
16314;*;*;17~24;5.300835655;1.100278552;919;359;0.0000~3.5347;75000~135999;2
16315;*;*;33~40;4.949367089;0.936708861;171;79;0.0000~3.5347;75000~135999;2
16316;*;*;17~24;3.802966102;1.021186441;1114;472;0.0000~3.5347;75000~135999;2
16317;*;*;17~24;4.358178054;1.078674948;781;483;0.0000~3.5347;75000~135999;2
16318;*;*;9~16;4.974666667;1.029333333;1679;750;0.0000~3.5347;75000~135999;2
16319;*;*;1~16;4.581967213;1.105532787;1837;976;0.0000~3.5347;136000~196999;2
16320;*;*;9~16;5.752564103;1.112820513;2195;780;3.5348~7.0695;136000~196999;2
16321;*;*;9~16;5.925714286;0.948571429;1178;525;3.5348~7.0695;197000~257999;2
16322;*;*;9~16;3.603948897;1.120789779;3061;861;0.0000~3.5347;75000~135999;2
16323;*;*;17~24;2.968283582;1.098880597;1916;536;0.0000~3.5347;75000~135999;2
16324;*;*;9~16;6.139896373;1.098445596;1129;386;3.5348~7.0695;136000~196999;2
16325;*;*;1~16;4.507204611;1.144092219;643;347;0.0000~3.5347;136000~196999;2
16326;*;*;1~8;5.145714286;1.085714286;684;350;3.5348~7.0695;14000~135999;2
16327;*;*;1~8;6.687022901;1.089058524;1158;393;3.5348~7.0695;136000~196999;2
16328;*;*;33~40;6.314159292;1.081858407;1109;452;*;136000~196999;2
16329;*;*;25~32;6.170662906;0.971791255;2038;709;3.5348~7.0695;14000~135999;2
16330;*;*;25~32;5.771653543;1.712598425;608;254;0.0000~3.5347;136000~196999;2
16331;*;*;33~48;5.862686567;0.940298507;915;335;3.5348~7.0695;14000~135999;2
16332;*;*;17~24;5.900560224;1.051820728;2071;714;3.5348~7.0695;14000~135999;2
16333;*;*;17~24;5.930555556;1.010416667;906;288;3.5348~7.0695;14000~135999;2
16334;*;*;1~8;6.570291777;0.952254642;1234;377;3.5348~7.0695;136000~196999;2
16335;*;*;1~8;6.929146538;0.987117552;2206;621;3.5348~7.0695;136000~196999;2
16336;*;*;9~16;6.46930281;1.060353798;3771;961;3.5348~7.0695;136000~196999;2
16337;*;*;9~16;6.173789174;1.054131054;1290;351;3.5348~7.0695;136000~196999;2
16338;*;*;9~16;7.411111111;1.022222222;267;90;3.5348~7.0695;197000~257999;2
16339;*;*;9~16;5.720486111;0.980902778;2279;576;3.5348~7.0695;136000~196999;2
16340;*;*;9~16;7.434615385;1.076923077;965;260;3.5348~7.0695;136000~196999;2
16341;*;*;9~16;4.308219178;0.95890411;635;146;0.0000~3.5347;75000~135999;2
16342;*;*;9~16;6472;0.9968;1862;625;3.5348~7.0695;136000~196999;2
16343;*;*;9~16;6.862884161;1.040189125;1325;423;3.5348~7.0695;136000~196999;2
16344;*;*;9~16;6.799043062;0.976076555;657;209;3.5348~7.0695;136000~196999;2
16345;*;*;1~8;7.867768595;1.053719008;895;242;3.5348~7.0695;136000~196999;2
16346;*;*;9~16;7.123684211;1.139473684;1200;380;3.5348~7.0695;14000~135999;2
16347;*;*;9~16;6.428571429;1.200772201;1301;259;0.0000~3.5347;75000~135999;2
16348;*;*;9~16;5.981060606;0.975378788;1596;528;3.5348~7.0695;14000~135999;2
16349;*;*;9~16;4.898128898;0.910602911;1378;481;3.5348~7.0695;136000~196999;2
16350;*;*;1~16;5.572317263;1.00155521;2183;643;0.0000~3.5347;136000~196999;2
16351;*;*;1~8;4.702531646;1.14556962;1010;474;3.5348~7.0695;197000~257999;2
16352;*;*;1~8;4.67071525;1.159244265;1518;741;3.5348~7.0695;14000~135999;2
16353;*;*;25~32;5.533333333;0.977777778;167;45;3.5348~7.0695;14000~135999;2
16354;*;*;17~24;5.555555556;1.034608379;1743;549;3.5348~7.0695;14000~135999;2
16355;*;*;25~32;4.721374046;0.979007634;1947;524;0.0000~3.5347;75000~135999;2
16356;*;*;25~32;5.713426854;1.068136273;1544;499;3.5348~7.0695;14000~135999;2
16357;*;*;17~24;4.90772317;1.011033099;3036;997;0.0000~3.5347;75000~135999;2
16358;*;*;9~16;4.286624204;1.140127389;3440;942;0.0000~3.5347;75000~135999;2
16359;*;*;17~24;4.610294118;1.039705882;1650;680;0.0000~3.5347;75000~135999;2
16360;*;*;17~24;3.636898921;1.085377821;3785;1019;0.0000~3.5347;75000~135999;2
16361;*;*;25~32;5.262068966;1.032183908;1215;435;0.0000~3.5347;75000~135999;2
16362;*;*;25~32;5.363970588;1.066176471;1338;544;0.0000~3.5347;75000~135999;2
16363;*;*;33~48;5.857541899;0.980446927;977;358;3.5348~7.0695;14000~135999;2
16364;*;*;17~24;5.896103896;1.025974026;306;154;3.5348~7.0695;14000~135999;2
16365;*;*;17~24;4.72923777;1.081911263;2734;879;0.0000~3.5347;75000~135999;2
16366;*;*;25~32;5.083832335;0.968063872;1547;501;3.5348~7.0695;14000~135999;2
16367;*;*;17~24;4.866766467;1.031437126;1890;668;0.0000~3.5347;75000~135999;2
16368;*;*;17~24;4.111545988;1.005870841;1304;511;0.0000~3.5347;75000~135999;2
16369;*;*;17~24;3.992248062;1.054263566;1367;645;0.0000~3.5347;75000~135999;2
16370;*;*;1~8;6.009009009;1.006756757;1713;444;3.5348~7.0695;14000~135999;2
16371;*;*;9~16;5.147208122;1.015228426;712;197;0.0000~3.5347;75000~135999;2
16372;*;*;9~16;6.346846847;1.117117117;782;222;3.5348~7.0695;14000~135999;2
16373;*;*;9~16;4.636165577;0.960784314;1860;459;0.0000~3.5347;75000~135999;2
16374;*;*;9~16;5.325183374;1.077017115;1629;818;0.0000~3.5347;75000~135999;2
16375;*;*;9~16;5.013986014;1.01958042;2769;715;0.0000~3.5347;75000~135999;2
16376;*;*;1~8;4.977832512;1.086206897;1615;406;0.0000~3.5347;14000~135999;2
16377;*;*;9~16;4.975903614;0.903614458;684;166;3.5348~7.0695;14000~135999;2
16378;*;*;9~16;5.065656566;1.075757576;1849;396;0.0000~3.5347;75000~135999;2
16379;*;*;9~16;4.225505443;0.965785381;3343;643;0.0000~3.5347;75000~135999;2
16380;*;*;9~16;5.459047619;1.245714286;1404;525;0.0000~3.5347;75000~135999;2
16381;*;*;1~8;4.353448276;1.103448276;491;348;0.0000~3.5347;14000~135999;2
16382;*;*;1~8;4.504854369;1.042071197;1784;309;0.0000~3.5347;14000~135999;2
16383;*;*;1~8;6.690700104;1.166144201;3327;957;3.5348~7.0695;136000~196999;2
16384;*;*;1~8;4.802056555;1.007712082;1258;389;0.0000~3.5347;14000~135999;2
16385;*;*;9~16;3.45;0.8;50;20;3.5348~7.0695;14000~135999;2
16386;*;*;25~32;5.815384615;1.153846154;164;65;0.0000~3.5347;75000~135999;2
16387;*;*;25~32;6.576923077;1.115384615;138;52;0.0000~3.5347;136000~196999;2
16388;*;*;49~56;4.88;1.04;62;25;*;14000~135999;2
16389;*;*;25~32;5.448753463;1.002770083;1035;361;3.5348~7.0695;14000~135999;2
16390;*;*;25~32;6.623655914;1.017204301;1257;465;3.5348~7.0695;197000~257999;2
16391;*;*;9~16;4.303411131;0.8994614;1053;557;0.0000~3.5347;75000~135999;2
16392;*;*;25~32;7.526748971;1.0781893;677;243;3.5348~7.0695;197000~257999;2
16393;*;*;41~48;7;1.020408163;116;49;*;197000~257999;2
16394;*;*;25~32;7.825396825;1.038095238;859;315;3.5348~7.0695;197000~257999;2
16395;*;*;33~40;6.459649123;1.052631579;783;285;*;136000~196999;2
16396;*;*;17~24;5.086666667;0.996666667;790;300;0.0000~3.5347;75000~135999;2
16397;*;*;17~24;7.824561404;1.280701754;182;57;0.0000~3.5347;75000~135999;2
16398;*;*;25~32;4.766666667;1.133333333;179;90;0.0000~3.5347;75000~135999;2
16399;*;*;25~32;4.838815789;0.986842105;721;304;0.0000~3.5347;75000~135999;2
16400;*;*;33~40;7.263888889;1.111111111;226;72;*;136000~196999;2
16401;*;*;25~32;6.480916031;1.045801527;373;131;3.5348~7.0695;136000~196999;2
16402;*;*;33~40;4.536082474;0.855670103;270;97;*;136000~196999;2
16403;*;*;33~40;6.570093458;1.093457944;290;107;*;136000~196999;2
16404;*;*;25~32;4.960784314;0.980392157;201;51;0.0000~3.5347;136000~196999;2
16405;*;*;41~48;7.325301205;1.301204819;287;83;0.0000~3.5347;75000~135999;2
16406;*;*;25~32;5.125523013;1.169456067;1459;478;0.0000~3.5347;75000~135999;2
16407;*;*;25~32;6;1.082969432;769;229;3.5348~7.0695;14000~135999;2
16408;*;*;25~32;5.063260341;1.148418491;1342;411;0.0000~3.5347;14000~74999;2
16409;*;*;25~32;4.698550725;1.052173913;909;345;0.0000~3.5347;75000~135999;2
16410;*;*;17~24;5.469387755;1.591836735;77;49;0.0000~3.5347;136000~196999;2
16411;*;*;17~24;4.602739726;0.931506849;206;73;3.5348~7.0695;14000~135999;2
16412;*;*;25~32;6.205882353;1.241176471;629;170;0.0000~3.5347;75000~135999;2
16413;*;*;33~40;6.966101695;1.254237288;193;59;*;136000~196999;2
16414;*;*;1~16;8.333333333;1.666666667;20;6;0.0000~3.5347;136000~196999;2
16415;*;*;41~48;5;1;256;93;*;136000~196999;2
16416;*;*;25~32;5.3;1.014285714;171;70;0.0000~3.5347;14000~74999;2
16417;*;*;41~48;4.033333333;1.0375;664;240;0.0000~3.5347;75000~135999;2
16418;*;*;33~40;4.316239316;0.88034188;678;234;0.0000~3.5347;75000~135999;2
16419;*;*;33~40;5.947368421;1.157894737;125;38;0.0000~3.5347;75000~135999;2
16420;*;*;25~32;5.366666667;0.9;1542;30;3.5348~7.0695;136000~196999;2
16421;*;*;25~32;4.243478261;0.939130435;308;115;0.0000~3.5347;75000~135999;2
16422;*;*;49~56;3.769230769;0.923076923;59;26;*;136000~196999;2
16423;*;*;25~32;6.348122867;1.344709898;1848;293;0.0000~3.5347;136000~196999;2
16424;*;*;41~48;5.169642857;1.008928571;1094;224;*;136000~196999;2
16425;*;*;9~16;5.099041534;1.142172524;1768;626;0.0000~3.5347;75000~135999;2
16426;*;*;33~40;5.325088339;1.106007067;868;283;0.0000~3.5347;75000~135999;2
16427;*;*;41~48;6.449685535;1.050314465;878;318;*;136000~196999;2
16428;*;*;1~16;5.552845528;1.078590786;1071;369;0.0000~3.5347;197000~257999;2
16429;*;*;1~8;6.715203426;1.072805139;1327;467;3.5348~7.0695;136000~196999;2
16430;*;*;25~32;6.007042254;1.028169014;923;284;3.5348~7.0695;136000~196999;2
16431;*;*;1~8;6.017738359;1.101995565;2725;902;3.5348~7.0695;14000~135999;2
16432;*;*;17~24;6.894736842;1.01754386;134;57;3.5348~7.0695;136000~196999;2
16433;*;*;41~48;8.130434783;1.173913043;240;69;*;197000~257999;2
16434;*;*;17~24;7.626506024;1.096385542;236;83;3.5348~7.0695;197000~257999;2
16435;*;*;33~40;4.626865672;0.925373134;525;201;*;136000~196999;2
16436;*;*;25~32;6.090909091;0.963636364;154;55;0.0000~3.5347;136000~196999;2
16437;*;*;17~24;5.563380282;0.971830986;533;213;0.0000~3.5347;197000~257999;2
16438;*;*;25~32;5.378516624;1.079283887;1167;391;0.0000~3.5347;136000~196999;2
16439;*;*;25~32;6.285714286;0.992481203;303;133;3.5348~7.0695;14000~135999;2
16440;*;*;17~24;4.946403385;0.981664316;1867;709;0.0000~3.5347;75000~135999;2
16441;*;*;33~40;5.177570093;1.01682243;1409;535;0.0000~3.5347;75000~135999;2
16442;*;*;33~40;5.319148936;1.195035461;674;282;0.0000~3.5347;75000~135999;2
16443;*;*;25~32;5.169230769;1.087179487;453;195;0.0000~3.5347;75000~135999;2
16444;*;*;25~32;5.229166667;1;470;192;0.0000~3.5347;75000~135999;2
16445;*;*;17~24;5.739478958;1.01002004;1298;499;0.0000~3.5347;75000~135999;2
16446;*;*;17~24;6.660828025;1.007961783;1886;628;3.5348~7.0695;136000~196999;2
16447;*;*;33~40;5.700869565;1.083478261;1431;575;0.0000~3.5347;75000~135999;2
16448;*;*;33~40;3.978747204;1;2659;894;0.0000~3.5347;75000~135999;2
16449;*;*;33~40;4.056768559;1.122270742;576;229;*;136000~196999;2
16450;*;*;33~48;5.506876228;0.982318271;1223;509;3.5348~7.0695;14000~135999;2
16451;*;*;41~48;5375;0.946022727;804;352;*;136000~196999;2
16452;*;*;49~56;4.804444444;1.142222222;437;225;*;14000~135999;2
16453;*;*;33~40;4.942386831;1.047325103;1197;486;0.0000~3.5347;75000~135999;2
16454;*;*;25~32;4.829268293;0.969870875;1916;697;0.0000~3.5347;75000~135999;2
16455;*;*;33~40;5.203821656;1.01910828;1906;628;0.0000~3.5347;75000~135999;2
16456;*;*;41~48;5.318284424;1.088036117;1043;443;0.0000~3.5347;75000~135999;2
16457;*;*;17~24;6.465306122;1.048979592;1390;490;3.5348~7.0695;136000~196999;2
16458;*;*;25~32;6.064516129;0.967741935;937;372;3.5348~7.0695;136000~196999;2
16459;*;*;17~24;5.83269962;1.045627376;741;263;3.5348~7.0695;14000~135999;2
16460;*;*;1~16;6.813688213;0.958174905;767;263;7.0696~10.6043;*;2
16461;*;*;1~8;5.515682657;1.097785978;2679;1084;3.5348~7.0695;136000~196999;2
16462;*;*;9~16;4.150918635;1.041994751;2106;762;0.0000~3.5347;75000~135999;2
16463;*;*;9~16;5.235915493;1.035211268;1559;568;3.5348~7.0695;136000~196999;2
16464;*;*;9~16;5.437333333;1024;1178;375;3.5348~7.0695;14000~135999;2
16465;*;*;9~16;4.01320132;0.9669967;1441;606;0.0000~3.5347;75000~135999;2
16466;*;*;9~16;5.519572954;1.056939502;785;281;3.5348~7.0695;136000~196999;2
16467;*;*;33~40;3.996941896;0.96941896;1862;654;0.0000~3.5347;14000~74999;2
16468;*;*;33~40;4.738853503;1.070063694;1455;471;0.0000~3.5347;75000~135999;2
16469;*;*;33~40;3.574307305;1.035264484;1226;397;0.0000~3.5347;14000~74999;2
16470;*;*;25~32;4.247663551;1.072429907;1182;428;0.0000~3.5347;14000~74999;2
16471;*;*;25~32;5.553191489;1.14893617;789;235;0.0000~3.5347;75000~135999;2
16472;*;*;1~8;6.512658228;1.158227848;933;316;3.5348~7.0695;136000~196999;2
16473;*;*;1~8;4.375987362;1.014218009;1611;633;0.0000~3.5347;14000~135999;2
16474;*;*;9~16;4.498084291;0.927203065;464;261;0.0000~3.5347;75000~135999;2
16475;*;*;9~16;5.154434251;1.016819572;1823;654;0.0000~3.5347;75000~135999;2
16476;*;*;33~40;4.218446602;1.108414239;2016;618;0.0000~3.5347;75000~135999;2
16477;*;*;25~32;3.933641975;1.041666667;2053;648;0.0000~3.5347;75000~135999;2
16478;*;*;25~32;5.673960613;1.065645514;1365;457;0.0000~3.5347;75000~135999;2
16479;*;*;17~24;6.025956284;1.06010929;2038;732;0.0000~3.5347;136000~196999;2
16480;*;*;17~24;5.942222222;1.048888889;744;225;3.5348~7.0695;197000~257999;2
16481;*;*;25~32;5.952702703;1.051801802;1455;444;3.5348~7.0695;136000~196999;2
16482;*;*;25~32;6.180379747;1.158227848;999;316;0.0000~3.5347;75000~135999;2
16483;*;*;9~16;5.409185804;1.037578288;1371;479;3.5348~7.0695;14000~135999;2
16484;*;*;9~16;6.259615385;0.980769231;301;104;3.5348~7.0695;197000~257999;2
16485;*;*;17~24;5.974248927;1.001430615;2164;699;3.5348~7.0695;136000~196999;2
16486;*;*;17~24;6.508806262;1.097847358;1544;511;0.0000~3.5347;136000~196999;2
16487;*;*;17~24;5.404255319;0.992907801;358;141;0.0000~3.5347;75000~135999;2
16488;*;*;25~32;5.405405405;0.97972973;1085;444;3.5348~7.0695;136000~196999;2
16489;*;*;17~24;7.027108434;1.135542169;1073;332;3.5348~7.0695;136000~196999;2
16490;*;*;25~32;6.523255814;1.11627907;873;258;3.5348~7.0695;136000~196999;2
16491;*;*;17~24;5.461368653;1.059602649;1649;453;0.0000~3.5347;136000~196999;2
16492;*;*;25~32;6.084269663;1.056179775;471;178;0.0000~3.5347;136000~196999;2
16493;*;*;17~24;5.749303621;0.95264624;1021;359;3.5348~7.0695;136000~196999;2
16494;*;*;33~40;4.843971631;1.127659574;505;141;*;136000~196999;2
16495;*;*;25~32;5.586056645;1.117647059;1198;459;0.0000~3.5347;75000~135999;2
16496;*;*;9~16;5.261096606;0.971279373;2248;766;3.5348~7.0695;136000~196999;2
16497;*;*;17~24;5.11018711;1.020790021;1227;481;0.0000~3.5347;75000~135999;2
16498;*;*;25~32;5.875930521;1.066997519;1231;403;0.0000~3.5347;136000~196999;2
16499;*;*;25~32;5.599009901;1.02970297;1156;404;3.5348~7.0695;136000~196999;2
16500;*;*;25~32;6.164904863;1.11627907;1466;473;0.0000~3.5347;197000~257999;2
16501;*;*;17~24;5.287037037;1.012345679;1258;324;0.0000~3.5347;136000~196999;2
16502;*;*;25~32;4.257861635;0.905660377;523;159;0.0000~3.5347;75000~135999;2
16503;*;*;25~32;4.173469388;1.06122449;244;98;0.0000~3.5347;75000~135999;2
16504;*;*;33~40;5.271428571;1.080952381;573;210;0.0000~3.5347;75000~135999;2
16505;*;*;17~24;5.387755102;1.077097506;1175;441;3.5348~7.0695;14000~135999;2
16506;*;*;33~40;4.791489362;0.936170213;667;235;0.0000~3.5347;75000~135999;2
16507;*;*;9~16;7.345935728;1.132325142;1605;529;3.5348~7.0695;136000~196999;2
16508;*;*;33~40;5.45;0.973529412;958;340;*;136000~196999;2
16509;*;*;17~24;6.564231738;1.035264484;1252;397;3.5348~7.0695;136000~196999;2
16510;*;*;1~16;5.416393443;1.028415301;3006;915;0.0000~3.5347;136000~196999;2
16511;*;*;17~24;6.21483376;1.066496164;1292;391;0.0000~3.5347;136000~196999;2
16512;*;*;33~40;5.769021739;1.051630435;1310;368;*;136000~196999;2
16513;*;*;17~24;5.432075472;1.022641509;1802;530;3.5348~7.0695;14000~135999;2
16514;*;*;25~32;4.707581227;1.039711191;1719;554;0.0000~3.5347;75000~135999;2
16515;*;*;33~40;4.91943128;1.052132701;521;211;0.0000~3.5347;75000~135999;2
16516;*;*;17~24;4.750988142;0.984189723;1531;506;0.0000~3.5347;75000~135999;2
16517;*;*;25~32;4.111764706;1.094117647;460;170;0.0000~3.5347;75000~135999;2
16518;*;*;41~48;4.109589041;0.98630137;160;73;0.0000~3.5347;75000~135999;2
16519;*;*;41~48;5.285714286;1.2;167;70;0.0000~3.5347;75000~135999;2
16520;*;*;33~40;4.095959596;0.934343434;446;198;0.0000~3.5347;75000~135999;2
16521;*;*;33~40;4.786632391;1.102827763;971;389;0.0000~3.5347;75000~135999;2
16522;*;*;1~8;6.255813953;0.990033223;999;301;3.5348~7.0695;136000~196999;2
16523;*;*;25~32;5.756613757;1.015873016;1512;567;3.5348~7.0695;14000~135999;2
16524;*;*;17~24;5.424920128;1.099041534;927;313;3.5348~7.0695;14000~135999;2
16525;*;*;33~40;5.812080537;1.073825503;502;149;0.0000~3.5347;75000~135999;2
16526;*;*;33~48;5.759259259;1.12962963;171;54;3.5348~7.0695;14000~135999;2
16527;*;*;9~16;5.624233129;0.981595092;2173;652;3.5348~7.0695;136000~196999;2
16528;*;*;17~24;5.368200837;1.071129707;3082;239;3.5348~7.0695;14000~135999;2
16529;*;*;33~40;6.296482412;1.020100503;1316;398;*;197000~257999;2
16530;*;*;17~24;6.076512456;1.03202847;1912;562;3.5348~7.0695;136000~196999;2
16531;*;*;25~32;5.486111111;1.027777778;193;72;7.0696~10.6043;*;2
16532;*;*;1~16;5.139386189;1.095907928;1959;782;0.0000~3.5347;136000~196999;2
16533;*;*;9~16;4.464646465;0.962962963;509;297;0.0000~3.5347;75000~135999;2
16534;*;*;1~8;2;1;79;29;0.0000~3.5347;14000~135999;2
16535;*;*;17~24;5.571428571;1;149;49;3.5348~7.0695;136000~196999;2
16536;*;*;1~8;6.398757764;1.077018634;2553;805;3.5348~7.0695;136000~196999;2
16537;*;*;1~16;5.11878453;1.077348066;1013;362;0.0000~3.5347;136000~196999;2
16538;*;*;9~16;4.350649351;1.155844156;247;77;0.0000~3.5347;14000~74999;2
16539;*;*;33~40;4.962264151;1.04245283;712;212;0.0000~3.5347;75000~135999;2
16540;*;*;33~40;4.708971554;0.986870897;1320;457;0.0000~3.5347;75000~135999;2
16541;*;*;17~24;5.166666667;1.002688172;1130;372;3.5348~7.0695;14000~135999;2
16542;*;*;1~8;7.013544018;1.076749436;1549;443;3.5348~7.0695;136000~196999;2
16543;*;*;17~24;5.102827763;1.089974293;1198;389;0.0000~3.5347;75000~135999;2
16544;*;*;9~16;4.598499062;1.247654784;1155;533;0.0000~3.5347;75000~135999;2
16545;*;*;1~8;4.933926302;1.016518424;2319;787;3.5348~7.0695;136000~196999;2
16546;*;*;9~16;5.217235189;0.964093357;1886;557;3.5348~7.0695;136000~196999;2
16547;*;*;17~24;5.5382263;1.076452599;1191;327;3.5348~7.0695;14000~135999;2
16548;*;*;1~16;4.751334045;1.01280683;2740;937;0.0000~3.5347;136000~196999;2
16549;*;*;9~16;6.043478261;0.991304348;1236;345;3.5348~7.0695;136000~196999;2
16550;*;*;1~8;5.393305439;0.983263598;867;239;3.5348~7.0695;136000~196999;2
16551;*;*;9~16;5.977346278;1.051779935;1030;309;3.5348~7.0695;136000~196999;2
16552;*;*;25~32;5.986666667;1.071111111;713;225;3.5348~7.0695;136000~196999;2
16553;*;*;9~16;6.528042328;1.014814815;3378;945;3.5348~7.0695;136000~196999;2
16554;*;*;33~40;5.385416667;1.072916667;604;192;0.0000~3.5347;75000~135999;2
16555;*;*;33~40;6.042553191;1.127659574;130;47;*;136000~196999;2
16556;*;*;1~8;4.583333333;1.083333333;69;24;3.5348~7.0695;258000~501999;2
16557;*;*;25~32;5.416666667;1.101851852;830;216;0.0000~3.5347;75000~135999;2
16558;*;*;25~32;4.833333333;1.048611111;443;144;0.0000~3.5347;75000~135999;2
16559;*;*;9~16;5.50209205;1.060370592;5935;1673;3.5348~7.0695;14000~135999;2
16560;*;*;17~24;5.774336283;1.048672566;1290;452;3.5348~7.0695;197000~257999;2
16561;*;*;17~24;5.708860759;1.006329114;1236;474;3.5348~7.0695;319000~379999;2
16562;*;*;17~24;4.861445783;1.048192771;585;166;0.0000~3.5347;136000~196999;2
16563;*;*;17~24;6.061538462;0.956410256;1264;390;3.5348~7.0695;258000~318999;2
16564;*;*;17~24;5.398601399;0.951048951;825;286;3.5348~7.0695;319000~379999;2
16565;*;*;17~24;6.178787879;1.13030303;862;330;3.5348~7.0695;197000~257999;2
16566;*;*;1~8;10.22374429;1.465753425;766;219;3.5348~7.0695;197000~257999;2
16567;*;*;1~8;8.75;1.256410256;591;156;3.5348~7.0695;197000~257999;2
16568;*;*;1~8;6.527930763;1.127458694;4189;1271;3.5348~7.0695;136000~196999;2
16569;*;*;17~24;5.451932607;1.041625372;2964;1009;3.5348~7.0695;136000~196999;2
16570;*;*;33~40;5.125641026;0.943589744;1061;390;0.0000~3.5347;75000~135999;2
16571;*;*;33~48;5.927536232;1.043478261;340;138;3.5348~7.0695;14000~135999;2
16572;*;*;33~40;5.768656716;1.097014925;320;134;*;136000~196999;2
16573;*;*;33~40;5.236842105;0.868421053;313;152;*;136000~196999;2
16574;*;*;33~48;5.703862661;1.141630901;683;233;3.5348~7.0695;14000~135999;2
16575;*;*;33~40;4.353741497;0.911564626;754;294;0.0000~3.5347;75000~135999;2
16576;*;*;41~48;5.666666667;1.072607261;855;303;0.0000~3.5347;75000~135999;2
16577;*;*;41~48;4.326164875;0.996415771;699;279;0.0000~3.5347;75000~135999;2
16578;*;*;49~56;4.893854749;0.94972067;426;179;*;14000~135999;2
16579;*;*;33~48;4.880681818;1.113636364;427;176;3.5348~7.0695;14000~135999;2
16580;*;*;25~32;4.927835052;1.162371134;1065;388;0.0000~3.5347;75000~135999;2
16581;*;*;1~8;4.579741379;1.094827586;1358;464;3.5348~7.0695;136000~196999;2
16582;*;*;1~8;6.338568935;1.121291449;3670;1146;3.5348~7.0695;136000~196999;2
16583;*;*;9~16;6.056692913;1.066141732;2360;635;3.5348~7.0695;136000~196999;2
16584;*;*;33~40;4.921259843;0.952755906;970;381;*;136000~196999;2
16585;*;*;25~32;5.530120482;0.957831325;417;166;3.5348~7.0695;136000~196999;2
16586;*;*;1~16;5.008988764;1.029213483;1199;445;0.0000~3.5347;136000~196999;2
16587;*;*;17~24;3.923943662;1.033802817;915;355;0.0000~3.5347;75000~135999;2
16588;*;*;49~56;4.236842105;1.083333333;589;228;*;14000~135999;2
16589;*;*;49~56;3.765151515;0.977272727;623;264;*;14000~135999;2
16590;*;*;25~32;4.301886792;1.094339623;370;106;0.0000~3.5347;75000~135999;2
16591;*;*;1~8;7.830524345;1.230337079;3907;1068;3.5348~7.0695;197000~257999;2
16592;*;*;33~40;4.427835052;1.007731959;1312;388;0.0000~3.5347;75000~135999;2
16593;*;*;1~8;9.896678967;1.450184502;883;271;3.5348~7.0695;136000~196999;2
16594;*;*;17~24;4.553072626;1.12849162;4402;358;0.0000~3.5347;14000~74999;2
16595;*;*;17~24;5.858823529;1.062745098;781;255;3.5348~7.0695;197000~257999;2
16596;*;*;9~16;5.554006969;1.017421603;887;287;3.5348~7.0695;258000~501999;2
16597;*;*;9~16;6.306532663;1.141959799;2105;796;3.5348~7.0695;197000~257999;1
16598;*;*;1~16;11.90079365;2.246031746;1825;756;0.0000~3.5347;136000~196999;1
16599;*;*;9~16;4.54631829;1.009501188;1130;421;0.0000~3.5347;75000~135999;1
16600;*;*;1~16;4.380653266;1.116834171;2352;796;0.0000~3.5347;136000~196999;1
16601;*;*;33~40;5.330561331;1.135135135;1301;481;0.0000~3.5347;75000~135999;1
16602;*;*;41~48;5.006578947;1.072368421;1456;608;*;136000~196999;1
16603;*;*;33~40;5.284839204;1.091883614;1550;653;*;136000~196999;1
16604;*;*;25~32;6.130511464;1.135802469;1476;567;0.0000~3.5347;136000~196999;1
16605;*;*;1~8;7.060367454;1.076115486;1085;381;3.5348~7.0695;197000~257999;1
16606;*;*;1~8;5.924432082;1.131664349;6085;2157;3.5348~7.0695;136000~196999;1
16607;*;*;9~16;5.116814159;1.047787611;3026;1130;0.0000~3.5347;75000~135999;1
16608;*;*;1~16;5.599353796;1.08723748;2356;619;0.0000~3.5347;136000~196999;1
16609;*;*;9~16;6.175108538;1.136034732;2065;691;3.5348~7.0695;136000~196999;1
16610;*;*;1~16;6.485013624;1.186648501;2459;734;0.0000~3.5347;136000~196999;1
16611;*;*;9~16;6.9703125;1.19375;1795;640;3.5348~7.0695;197000~257999;1
16612;*;*;1~32;6.218106996;1.257201646;2239;972;0.0000~3.5347;258000~501999;0
16613;*;*;9~16;6.762562814;1.344221106;1880;796;3.5348~7.0695;258000~501999;0
16614;*;*;1~32;6.563897764;1.274760383;1298;626;0.0000~3.5347;258000~501999;0
16615;*;*;17~24;7.40647482;1.273381295;636;278;3.5348~7.0695;258000~318999;0
16616;*;*;25~32;5.244744745;1.364864865;1481;666;0.0000~3.5347;136000~196999;0
16617;*;*;17~24;5.964157706;1.272401434;629;279;0.0000~3.5347;136000~196999;0
16618;*;*;17~24;5.562874251;1.279441118;1106;501;0.0000~3.5347;136000~196999;0
16619;*;*;1~32;5.796791444;1.187165775;782;374;0.0000~3.5347;258000~501999;0
16620;*;*;17~24;7.545253863;1.514348786;970;453;3.5348~7.0695;258000~318999;0
16621;*;*;1~32;7.154453213;1.589627959;1769;887;0.0000~3.5347;258000~501999;0
16622;*;*;17~24;5.524064171;1.042780749;588;187;0.0000~3.5347;197000~257999;0
16623;*;*;1~32;6.131914894;1.256737589;1650;705;0.0000~3.5347;258000~501999;0
16624;*;*;25~32;5.371482176;1.333958724;930;533;0.0000~3.5347;197000~257999;0
16625;*;*;33~40;5.075851393;1.105263158;1397;646;*;197000~257999;0
16626;*;*;25~32;4.990243902;1.434146341;846;410;0.0000~3.5347;197000~257999;0
16627;*;*;9~16;5.344208809;1.092985318;1520;613;3.5348~7.0695;197000~257999;0
16628;*;*;9~16;5.503311258;1.042384106;2112;755;3.5348~7.0695;136000~196999;0
16629;*;*;1~16;5.320241692;1.031722054;1780;662;0.0000~3.5347;197000~257999;0
16630;*;*;1~16;4.927272727;1.062121212;1814;660;0.0000~3.5347;136000~196999;0
16631;*;*;1~16;4.634099617;1.030651341;1279;522;0.0000~3.5347;136000~196999;0
16632;*;*;9~16;6.015267176;1.095419847;595;262;3.5348~7.0695;258000~501999;0
16633;*;*;17~24;5.733606557;1.095628415;1656;732;0.0000~3.5347;136000~196999;0
16634;*;*;17~24;5.090311987;0.990147783;1515;609;0.0000~3.5347;136000~196999;0
16635;*;*;9~16;6.525316456;1.034810127;781;316;3.5348~7.0695;258000~501999;0
16636;*;*;1~32;6.150470219;1.095611285;1325;638;0.0000~3.5347;258000~501999;0
16637;*;*;17~24;6.02739726;1.076712329;996;365;3.5348~7.0695;319000~379999;0
16638;*;*;17~24;6.517307692;1.353846154;1309;520;0.0000~3.5347;197000~257999;0
16639;*;*;33~40;6.510067114;1.05704698;850;298;*;197000~257999;0
16640;*;*;17~24;4.093220339;1.031779661;1380;472;0.0000~3.5347;197000~257999;0
16641;*;*;1~16;3.500770416;0.969183359;1689;649;0.0000~3.5347;136000~196999;0
16642;*;*;1~32;2.42519685;1.125984252;1799;635;0.0000~3.5347;258000~501999;0
16643;*;*;1~32;2.398467433;0.812260536;3574;261;0.0000~3.5347;258000~501999;0
16644;*;*;25~32;6.921190893;1.036777583;1469;571;3.5348~7.0695;319000~379999;0
16645;*;*;25~32;3.781779661;1.019067797;1344;472;0.0000~3.5347;197000~257999;0
16646;*;*;25~32;3.878787879;1.038961039;548;231;0.0000~3.5347;136000~196999;0
16647;*;*;25~32;6.436708861;1.079113924;768;316;3.5348~7.0695;258000~318999;0
16648;*;*;1~16;4.826530612;1.097959184;1446;490;0.0000~3.5347;197000~257999;0
16649;*;*;17~24;4.800582242;1.042212518;1862;687;0.0000~3.5347;197000~257999;0
16650;*;*;17~24;6.197718631;0.961977186;704;263;3.5348~7.0695;197000~257999;0
16651;*;*;33~40;3.611018364;1.088480801;1153;599;*;197000~257999;0
16652;*;*;25~32;3.492443325;1.062972292;1358;794;0.0000~3.5347;197000~257999;0
16653;*;*;41~48;4.157894737;1.016194332;1170;494;*;197000~257999;0
16654;*;*;49~56;3.820338983;1.088135593;1237;590;*;197000~257999;0
16655;*;*;41~48;4.20683112;1.032258065;1107;527;*;136000~196999;0
16656;*;*;33~40;3.609544469;0.986984816;1077;461;*;136000~196999;0
16657;*;*;17~24;4.770175439;1.033333333;1386;570;3.5348~7.0695;197000~257999;0
16658;*;*;1~16;4.755364807;1.132188841;2383;1165;0.0000~3.5347;197000~257999;0
16659;*;*;25~32;4.39539749;1.031380753;2309;956;0.0000~3.5347;197000~257999;0
16660;*;*;17~24;6.924901186;1.029644269;1490;506;3.5348~7.0695;319000~379999;0
16661;*;*;33~40;4.668965517;1.010344828;753;290;*;197000~257999;0
16662;*;*;25~32;6.001420455;1.258522727;1795;704;0.0000~3.5347;197000~257999;0
16663;*;*;41~48;5.116704805;0.940503432;1036;437;*;197000~257999;0
16664;*;*;17~24;5.546666667;1.026666667;722;225;3.5348~7.0695;197000~257999;0
16665;*;*;9~16;5.674698795;1.027108434;1884;664;3.5348~7.0695;197000~257999;0
16666;*;*;9~16;6.452261307;1.057788945;1149;398;3.5348~7.0695;258000~501999;0
16667;*;*;25~32;5.496774194;1.016129032;918;310;0.0000~3.5347;197000~257999;0
16668;*;*;1~32;4.855824683;1.036908881;1933;867;0.0000~3.5347;258000~501999;0
16669;*;*;41~48;9.076923077;1.307692308;6532;13;*;319000~379999;0
16670;*;*;1~8;6.086896552;1.108965517;2003;725;3.5348~7.0695;197000~257999;1
16671;*;*;1~16;5.220843672;1.112903226;1634;806;0.0000~3.5347;197000~257999;0
16672;*;*;9~16;5125;0.9375;542;32;0.0000~3.5347;14000~74999;0
16673;*;*;9~16;5.401898734;1.268987342;1236;632;3.5348~7.0695;258000~501999;0
16674;*;*;9~16;7.965891473;1.105426357;1838;645;3.5348~7.0695;258000~501999;0
16675;*;*;17~24;6.228540773;1.177038627;1919;932;3.5348~7.0695;319000~379999;0
16676;*;*;33~40;5.719557196;1.138376384;1155;542;*;197000~257999;0
16677;*;*;41~48;5.258382643;1.481262327;940;507;*;197000~257999;1
16678;*;*;9~16;4.329563813;1.137318255;975;619;0.0000~3.5347;14000~74999;1
16679;*;*;1~8;6.618212197;1.204678363;2863;1197;3.5348~7.0695;258000~501999;1
16680;*;*;1~8;6.871635611;1.091097308;2710;966;3.5348~7.0695;258000~501999;1
16681;*;*;9~16;6.885207101;1.093491124;2324;845;3.5348~7.0695;258000~501999;1
16682;*;*;33~40;5.223974763;1.050473186;866;317;*;136000~196999;1
16683;*;*;17~24;5.289855072;1.007246377;1068;552;0.0000~3.5347;136000~196999;1
16684;*;*;25~32;5.411589896;1.078751857;1729;673;0.0000~3.5347;197000~257999;1
16685;*;*;17~24;5.635750422;1.086003373;1342;593;0.0000~3.5347;197000~257999;1
16686;*;*;1~16;4.914705882;1.041176471;935;340;0.0000~3.5347;136000~196999;1
16687;*;*;25~32;5.008196721;1.109836066;1407;610;0.0000~3.5347;136000~196999;1
16688;*;*;17~24;4.98003992;1.045908184;1292;501;0.0000~3.5347;136000~196999;1
16689;*;*;17~24;5.070376432;0.934533552;1449;611;3.5348~7.0695;197000~257999;1
16690;*;*;25~32;4.614906832;1.071428571;823;322;0.0000~3.5347;136000~196999;1
16691;*;*;1~16;4.894436519;1.02853067;1777;701;0.0000~3.5347;136000~196999;1
16692;*;*;1~16;4.763888889;1.101388889;1840;720;0.0000~3.5347;136000~196999;1
16693;*;*;1~16;5.051420839;1.124492558;1839;739;0.0000~3.5347;136000~196999;1
16694;*;*;17~24;5.381386861;1.208029197;1425;548;0.0000~3.5347;136000~196999;1
16695;*;*;25~32;5.492392808;1.110650069;1792;723;0.0000~3.5347;197000~257999;1
16696;*;*;17~24;4.402750491;1.068762279;1521;509;0.0000~3.5347;136000~196999;1
16697;*;*;17~24;4.305555556;1.020833333;768;288;0.0000~3.5347;136000~196999;1
16698;*;*;1~32;5.884758364;1.457249071;704;269;0.0000~3.5347;258000~501999;1
16699;*;*;1~16;5.058925477;1.197573657;1896;577;0.0000~3.5347;136000~196999;1
16700;*;*;17~24;4.728040541;1.076013514;2015;592;0.0000~3.5347;136000~196999;1
16701;*;*;1~16;5.022900763;1.047328244;1497;655;0.0000~3.5347;136000~196999;1
16702;*;*;33~40;5.505263158;1.252631579;374;95;0.0000~3.5347;75000~135999;1
16703;*;*;9~16;6.221052632;1.107894737;1257;380;3.5348~7.0695;258000~501999;1
16704;*;*;1~32;6.552123552;1.173745174;2866;1036;0.0000~3.5347;258000~501999;1
16705;*;*;9~16;5.419753086;0.962962963;655;243;3.5348~7.0695;258000~501999;1
16706;*;*;9~16;7.723287671;1.312328767;1068;365;3.5348~7.0695;258000~501999;1
16707;*;*;9~16;6.912408759;1.189781022;477;137;3.5348~7.0695;258000~501999;1
16708;*;*;9~16;6.43881335;1.133498146;2284;809;3.5348~7.0695;258000~501999;1
16709;*;*;17~24;4.997840173;1.010799136;1549;463;0.0000~3.5347;136000~196999;1
16710;*;*;25~32;5.281124498;1.120481928;926;249;0.0000~3.5347;136000~196999;1
16711;*;*;9~16;6.100874636;1.023906706;4660;1715;3.5348~7.0695;258000~501999;1
16712;*;*;17~24;5.530487805;0.969512195;1672;492;0.0000~3.5347;197000~257999;1
16713;*;*;25~32;5.283524904;1.093869732;1291;522;0.0000~3.5347;136000~196999;1
16714;*;*;17~24;5.805460751;1.017064846;941;293;3.5348~7.0695;197000~257999;1
16715;*;*;17~24;5.215170279;1.041795666;1834;646;3.5348~7.0695;136000~196999;1
16716;*;*;1~16;5.049541284;1.001834862;1422;545;0.0000~3.5347;136000~196999;1
16717;*;*;17~24;5.126721763;1.002754821;1040;363;0.0000~3.5347;136000~196999;1
16718;*;*;17~24;4.996610169;1.06779661;2307;885;0.0000~3.5347;136000~196999;1
16719;*;*;17~24;5.238095238;1.068027211;1341;441;0.0000~3.5347;136000~196999;1
16720;*;*;1~16;4.506134969;1.078220859;2877;1304;0.0000~3.5347;136000~196999;1
16721;*;*;9~16;6.214452214;1.048951049;1203;429;3.5348~7.0695;197000~257999;1
16722;*;*;1~16;5.195219124;1.045816733;1351;502;0.0000~3.5347;197000~257999;1
16723;*;*;17~24;5.622596154;1.064903846;1097;416;0.0000~3.5347;136000~196999;1
16724;*;*;17~24;5.740139211;1.041763341;1269;431;3.5348~7.0695;136000~196999;1
16725;*;*;17~24;6.124183007;0.995098039;1860;612;3.5348~7.0695;197000~257999;1
16726;*;*;1~16;5.929955291;1.134128167;1834;671;0.0000~3.5347;136000~196999;1
16727;*;*;1~8;5.815486993;1.007864489;4487;1653;3.5348~7.0695;197000~257999;1
16728;*;*;9~16;7.138248848;1.043778802;1433;434;3.5348~7.0695;258000~501999;1
16729;*;*;9~16;6.765853659;1.188617886;1609;615;3.5348~7.0695;258000~501999;1
16730;*;*;25~32;6.246212121;1.295454545;671;264;0.0000~3.5347;14000~74999;2
16731;*;*;17~24;5.583486239;1.11559633;1457;545;0.0000~3.5347;136000~196999;1
16732;*;*;9~16;6.535471331;1.079689018;3139;1029;3.5348~7.0695;258000~501999;1
16733;*;*;1~8;4.288659794;1.24742268;936;97;0.0000~3.5347;14000~135999;1
16734;*;*;33~40;4.761589404;1.079470199;1649;755;*;197000~257999;0
16735;*;*;41~48;4.938997821;1.058823529;1045;459;*;258000~318999;0
16736;*;*;41~48;4.13986014;0.853146853;340;143;*;258000~318999;0
16737;*;*;17~24;4.756544503;1.047120419;1376;382;0.0000~3.5347;197000~257999;0
16738;*;*;41~48;4.351464435;1.023012552;1781;478;*;197000~257999;0
16739;*;*;17~24;5.455583756;1.087563452;2249;788;3.5348~7.0695;258000~318999;0
16740;*;*;17~24;4.979885057;1.017241379;959;348;3.5348~7.0695;258000~318999;0
16741;*;*;1~8;5.794407895;1.092105263;1705;608;3.5348~7.0695;258000~501999;0
16742;*;*;41~48;4.484662577;1.020449898;1814;489;*;197000~257999;0
16743;*;*;49~56;5.038461538;0.98951049;1159;286;*;197000~257999;0
16744;*;*;49~56;5.304964539;1.044917258;1948;423;*;197000~257999;0
16745;*;*;9~16;5.245329001;1.085296507;4375;1231;3.5348~7.0695;258000~501999;0
16746;*;*;33~40;3.938697318;1.053639847;904;261;*;197000~257999;0
16747;*;*;33~40;4.789855072;0.929951691;1577;414;*;258000~318999;0
16748;*;*;33~40;4.327142857;1.054285714;2436;700;*;197000~257999;0
16749;*;*;41~48;4.93993994;1.040540541;2466;666;*;197000~257999;0
16750;*;*;41~48;3.714285714;1.040816327;339;98;*;197000~257999;0
16751;*;*;41~48;4.624678663;1.01285347;1436;389;*;197000~257999;0
16752;*;*;41~48;4.315270936;1.064039409;713;203;*;197000~257999;0
16753;*;*;41~48;5.45308311;1.134048257;1491;373;*;197000~257999;0
16754;*;*;33~40;4.376569038;1.050209205;822;239;*;197000~257999;0
16755;*;*;33~40;4.665168539;1.083146067;1738;445;*;197000~257999;0
16756;*;*;33~40;3.171232877;1.063926941;2923;1314;*;258000~318999;0
16757;*;*;33~40;2.922576448;0.283018868;3477;1537;*;258000~318999;0
16758;*;*;33~40;5.87804878;1.027642276;1571;615;*;258000~318999;0
16759;*;*;25~32;6.894736842;0.986842105;455;152;3.5348~7.0695;380000~501999;0
16760;*;*;33~40;5.632768362;1.033898305;1793;708;*;258000~318999;0
16761;*;*;33~40;6.264845606;1.072446556;2892;842;*;258000~318999;0
16762;*;*;33~40;5.106157113;0.978768577;1583;471;*;197000~257999;0
16763;*;*;25~32;5.452586207;0.969827586;2494;696;3.5348~7.0695;258000~318999;0
16764;*;*;33~40;6.217252396;1.086261981;828;313;*;258000~318999;0
16765;*;*;33~40;5.071698113;0.973584906;782;265;*;258000~318999;0
16766;*;*;33~40;4.879417879;1.064449064;1259;481;*;258000~318999;0
16767;*;*;33~40;6.148837209;1.060465116;1465;430;*;258000~318999;0
16768;*;*;33~40;5.949191686;1.023094688;1273;433;*;258000~318999;0
16769;*;*;41~48;5.419117647;0.926470588;370;136;*;258000~318999;0
16770;*;*;25~32;3.724505327;1.095890411;2104;657;0.0000~3.5347;197000~257999;0
16771;*;*;25~32;4.206030151;1.070351759;606;199;3.5348~7.0695;258000~318999;0
16772;*;*;41~48;5.481684982;0.937728938;1594;546;*;197000~257999;0
16773;*;*;41~48;5.835526316;0.997807018;1384;456;*;197000~257999;0
16774;*;*;1~32;3.910909091;1.022727273;3320;1100;0.0000~3.5347;258000~501999;0
16775;*;*;17~24;4.129221733;1.129221733;1983;681;0.0000~3.5347;197000~257999;0
16776;*;*;33~40;4.047058824;0.990588235;1452;425;*;197000~257999;0
16777;*;*;33~40;5.324250681;0.972752044;1130;367;*;258000~318999;0
16778;*;*;25~32;5.524390244;1.052845528;2544;738;3.5348~7.0695;258000~318999;0
16779;*;*;25~32;5.435658915;1.012403101;2296;645;3.5348~7.0695;258000~318999;0
16780;*;*;1~32;4.023611111;1.011111111;2340;720;0.0000~3.5347;258000~501999;0
16781;*;*;25~32;5.622844828;0.933189655;1746;464;3.5348~7.0695;258000~318999;0
16782;*;*;33~40;5.882911392;1.069620253;2510;632;*;258000~318999;0
16783;*;*;1~32;3.592592593;1.120634921;2258;945;0.0000~3.5347;258000~501999;0
16784;*;*;17~24;4.680555556;0.994047619;884;504;0.0000~3.5347;75000~135999;0
16785;*;*;33~40;5.06185567;1.010309278;274;97;*;197000~257999;0
16786;*;*;17~24;5.677644711;0.99001996;3752;1002;3.5348~7.0695;258000~318999;0
16787;*;*;17~24;5.281012658;1.020253165;3226;790;3.5348~7.0695;258000~318999;0
16788;*;*;9~16;3.302644466;1.078354554;2049;1021;3.5348~7.0695;136000~196999;0
16789;*;*;9~16;5.076794658;1.071786311;3861;1198;3.5348~7.0695;258000~501999;0
16790;*;*;17~24;5.602851324;1.022403259;2027;491;3.5348~7.0695;319000~379999;0
16791;*;*;33~40;5.167701863;1.01242236;963;322;*;197000~257999;0
16792;*;*;33~40;5.553752535;1.032454361;1545;493;*;258000~318999;0
16793;*;*;33~40;5.814220183;1.03440367;1390;436;*;258000~318999;0
16794;*;*;33~40;5.956331878;1.010917031;2761;916;*;258000~318999;0
16795;*;*;33~40;5.292878636;1.011033099;2695;997;*;258000~318999;0
16796;*;*;25~32;4.598701299;1.020779221;2259;770;3.5348~7.0695;258000~318999;0
16797;*;*;17~24;3.635587189;1.074733096;3288;1405;0.0000~3.5347;197000~257999;0
16798;*;*;33~40;5.261818182;1.003636364;799;275;*;258000~318999;0
16799;*;*;33~40;4.723958333;0.950520833;1025;384;*;258000~318999;0
16800;*;*;41~48;5.727959698;1.080604534;1255;397;*;197000~257999;0
16801;*;*;33~40;5.035046729;1.042056075;1255;428;*;197000~257999;0
16802;*;*;41~48;5.35207824;1.012224939;1063;409;*;258000~318999;0
16803;*;*;25~32;5.84717608;1.11627907;1746;602;3.5348~7.0695;258000~318999;0
16804;*;*;33~40;5.178571429;0.864285714;335;140;*;319000~379999;0
16805;*;*;25~32;3.923512748;1.008498584;1096;353;3.5348~7.0695;197000~257999;0
16806;*;*;33~40;3.656462585;1.081632653;906;294;*;197000~257999;0
16807;*;*;33~40;4.299003322;1.023255814;1177;301;*;197000~257999;0
16808;*;*;33~40;3.084444444;0.835555556;658;225;*;197000~257999;0
16809;*;*;41~48;2.033018868;0.919811321;682;212;*;197000~257999;0
16810;*;*;25~32;4.205630355;1.062423501;2583;817;0.0000~3.5347;197000~257999;0
16811;*;*;25~32;3.804678363;1.09005848;2246;855;0.0000~3.5347;197000~257999;0
16812;*;*;41~48;4.692307692;1.026525199;1102;377;*;258000~318999;0
16813;*;*;33~40;4.962795941;1.00789177;2941;887;*;197000~257999;0
16814;*;*;33~40;4.892253931;1.055329062;4101;1717;*;258000~318999;0
16815;*;*;41~48;5.306095979;0.981841764;1861;771;*;258000~318999;0
16816;*;*;17~24;6.428861789;1.041666667;3444;984;3.5348~7.0695;319000~379999;0
16817;*;*;25~32;7.085858586;0.946969697;1617;396;3.5348~7.0695;319000~379999;0
16818;*;*;9~16;5.512071156;1.037484117;5130;1574;3.5348~7.0695;258000~501999;0
16819;*;*;17~24;5.28978979;1.004504505;2150;666;3.5348~7.0695;197000~257999;0
16820;*;*;25~32;5.048598131;1.031152648;5023;1605;3.5348~7.0695;197000~257999;0
16821;*;*;25~32;5.360441075;1.028945555;4674;1451;3.5348~7.0695;258000~318999;0
16822;*;*;17~24;4.405769231;1.080769231;2325;1040;3.5348~7.0695;258000~318999;0
16823;*;*;33~40;5.011976048;0.997005988;1817;668;*;197000~257999;0
16824;*;*;25~32;5.030744337;1.004854369;1472;618;3.5348~7.0695;258000~318999;0
16825;*;*;33~40;4.296296296;0.895061728;398;162;*;197000~257999;0
16826;*;*;25~32;4.228956229;1.104377104;785;297;0.0000~3.5347;197000~257999;0
16827;*;*;25~32;4.258223684;1.082236842;1386;608;0.0000~3.5347;197000~257999;0
16828;*;*;1~32;4.444444444;0.777777778;50;27;10.6044~16.0000;*;0
16829;*;*;33~40;5.456834532;1.003597122;2208;834;*;258000~318999;0
16830;*;*;33~40;5.830708661;1.090551181;747;254;*;258000~318999;0
16831;*;*;33~40;5.54338843;0.981404959;1498;484;*;258000~318999;0
16832;*;*;33~40;6.31120332;1.049792531;736;241;*;197000~257999;0
16833;*;*;33~40;6.739263804;1.13190184;971;326;*;197000~257999;0
16834;*;*;25~32;5.915555556;1.088888889;598;225;3.5348~7.0695;319000~379999;0
16835;*;*;1~32;3.047619048;1;59;21;0.0000~3.5347;258000~501999;0
16836;*;*;33~40;5.313636364;1.013636364;1697;660;*;258000~318999;0
16837;*;*;25~32;6.38028169;1.03900325;2784;923;3.5348~7.0695;258000~318999;0
16838;*;*;33~40;5.71007371;0.99017199;2282;814;*;197000~257999;0
16839;*;*;17~24;6.196926033;1.017291066;6160;2082;3.5348~7.0695;319000~379999;0
16840;*;*;17~24;5.135877863;1.054961832;3783;1310;3.5348~7.0695;258000~318999;0
16841;*;*;25~32;6.889980354;1.00589391;1712;509;3.5348~7.0695;319000~379999;0
16842;*;*;25~32;6.002427184;1.029126214;2683;824;3.5348~7.0695;258000~318999;0
16843;*;*;33~40;5.303941909;0.994813278;3004;964;*;258000~318999;0
16844;*;*;33~40;5.57277628;0.925876011;2154;742;*;319000~379999;0
16845;*;*;17~24;4.222405272;1.06878089;4790;2428;3.5348~7.0695;319000~379999;0
16846;*;*;49~56;5.652509653;1.166023166;636;259;*;258000~318999;0
16847;*;*;41~48;5.155979203;1.114384749;1479;577;*;258000~318999;0
16848;*;*;33~40;6.118032787;0.983606557;822;305;*;319000~379999;0
16849;*;*;33~40;5.508130081;0.869918699;682;246;*;319000~379999;0
16850;*;*;33~40;5.478723404;0.936170213;756;282;*;258000~318999;0
16851;*;*;17~24;2.567901235;1.066666667;669;405;3.5348~7.0695;136000~196999;0
16852;*;*;41~48;5.438438438;1.012012012;796;333;*;258000~318999;0
16853;*;*;41~48;5.9175;1.0225;1141;400;*;319000~379999;0
16854;*;*;33~40;6.396226415;1.037735849;407;159;*;258000~318999;0
16855;*;*;33~40;6.226720648;1.036437247;671;247;*;258000~318999;0
16856;*;*;33~40;4.481321839;1.08908046;1807;696;*;197000~257999;0
16857;*;*;25~32;3.936333699;1.010976948;2249;911;0.0000~3.5347;197000~257999;0
16858;*;*;33~40;4.034416826;1.008604207;2720;1046;*;197000~257999;0
16859;*;*;41~48;5.157894737;1.052631579;68;19;*;197000~257999;0
16860;*;*;1~16;3.049944506;1.10654828;1447;901;0.0000~3.5347;136000~196999;0
16861;*;*;41~48;5.5;0.916666667;30;12;*;258000~318999;0
16862;*;*;33~40;4.362369338;0.958188153;878;287;*;197000~257999;0
16863;*;*;33~40;3.986175115;1.041474654;602;217;*;197000~257999;0
16864;*;*;41~48;4.832835821;1.080597015;1064;335;*;197000~257999;0
16865;*;*;33~40;4.874493927;1.085020243;921;247;*;197000~257999;0
16866;*;*;33~40;3.823853211;1.00733945;1077;545;*;258000~318999;0
16867;*;*;33~40;4.553003534;1.042402827;1867;566;*;258000~318999;0
16868;*;*;33~40;3.85620915;1.087145969;1225;459;*;258000~318999;0
16869;*;*;41~48;6.282352941;1.02745098;705;255;*;319000~379999;0
16870;*;*;41~48;6.446666667;1.01;847;300;*;319000~379999;0
16871;*;*;25~32;5.414932681;1.020807834;1915;817;3.5348~7.0695;380000~501999;0
16872;*;*;33~40;6.326820604;1.003552398;1542;563;*;380000~440999;0
16873;*;*;25~32;6.972151899;1.017721519;1128;395;3.5348~7.0695;380000~501999;0
16874;*;*;33~40;6.330112721;1.001610306;1717;621;*;441000~501999;0
16875;*;*;33~40;6.744382022;1.075842697;894;356;*;380000~440999;0
16876;*;*;25~32;4.982309125;1.055865922;2558;1074;3.5348~7.0695;319000~379999;0
16877;*;*;49~56;6.571428571;0.966666667;530;210;*;380000~440999;0
16878;*;*;41~48;6.079155673;1.013192612;986;379;*;380000~501999;0
16879;*;*;33~40;4.532051282;2.788461538;381;156;*;319000~379999;0
16880;*;*;25~32;6.28951049;0.608391608;1846;715;3.5348~7.0695;380000~501999;0
16881;*;*;17~24;5.749478079;0.995824635;1163;479;3.5348~7.0695;380000~501999;0
16882;*;*;1~32;3.873096447;1.07106599;1581;788;0.0000~3.5347;258000~501999;0
16883;*;*;41~48;6.589905363;1.097791798;837;317;*;380000~501999;0
16884;*;*;33~40;6.755605381;0.955156951;2314;892;*;441000~501999;0
16885;*;*;25~32;6.835416667;0.90625;1145;480;3.5348~7.0695;380000~501999;0
16886;*;*;33~40;6.811881188;0.98679868;813;303;*;441000~501999;0
16887;*;*;33~40;6.842105263;1.092105263;185;76;*;441000~501999;0
16888;*;*;25~32;5;1;11;3;3.5348~7.0695;319000~379999;0
16889;*;*;33~40;4.173405211;1.074573226;2156;1113;*;319000~379999;0
16890;*;*;49~56;6.137037037;0.985185185;613;270;*;319000~379999;0
16891;*;*;49~56;6.042553191;1.071808511;963;376;*;441000~501999;0
16892;*;*;49~56;6.128851541;1.011204482;917;357;*;441000~501999;0
16893;*;*;49~56;7.012345679;0.930041152;671;243;*;441000~501999;0
16894;*;*;49~56;6.729372937;0.98679868;772;303;*;441000~501999;0
16895;*;*;49~56;5.401050788;1.042031524;1324;571;*;319000~379999;0
16896;*;*;33~40;4.804913295;1.060693642;1468;692;*;380000~440999;0
16897;*;*;41~48;5.855140187;1.009345794;967;428;*;380000~501999;0
16898;*;*;49~56;6.884057971;1.050724638;665;276;*;441000~501999;0
16899;*;*;41~48;4.84375;0.934027778;736;288;*;380000~501999;0
16900;*;*;33~40;5.557647059;1.101176471;992;425;*;319000~379999;0
16901;*;*;49~56;3.988538682;1.064469914;1622;698;*;319000~379999;0
16902;*;*;49~56;5.297239915;0.972399151;1081;471;*;380000~440999;0
16903;*;*;1~32;3.674094708;1.189415042;1352;718;0.0000~3.5347;258000~501999;0
16904;*;*;1~32;3.280598958;1.018229167;2129;1536;0.0000~3.5347;258000~501999;0
16905;*;*;1~32;3.696969697;1.064935065;396;231;0.0000~3.5347;258000~501999;0
16906;*;*;33~40;4.769369369;1.10990991;1254;555;*;380000~440999;0
16907;*;*;49~56;6.685064935;1.12012987;800;308;*;441000~501999;0
16908;*;*;33~40;9.666666667;1.121863799;810;279;*;441000~501999;0
16909;*;*;33~40;8.570048309;0.990338164;588;207;*;441000~501999;0
16910;*;*;1~32;9.166340509;1.056751468;1512;511;10.6044~16.0000;*;0
16911;*;*;1~32;8.497635934;1.033096927;2440;846;10.6044~16.0000;*;0
16912;*;*;33~40;9.109974425;1;1139;391;*;441000~501999;0
16913;*;*;1~32;8.869047619;1.027777778;1507;504;10.6044~16.0000;*;0
16914;*;*;17~24;8.834285714;1.067142857;2165;700;7.0696~10.6043;*;0
16915;*;*;49~56;8.253731343;0.950248756;519;201;*;441000~501999;0
16916;*;*;49~56;7.045454545;1.090909091;967;374;*;441000~501999;0
16917;*;*;49~56;7.094707521;1.038997214;876;359;*;441000~501999;0
16918;*;*;49~56;7.919708029;0.981751825;784;274;*;441000~501999;0
16919;*;*;25~32;4.433806147;1.121749409;1691;846;3.5348~7.0695;258000~318999;0
16920;*;*;41~48;4.196369637;1.024752475;1301;606;*;258000~318999;0
16921;*;*;1~32;3.443080357;0.977678571;1453;896;0.0000~3.5347;258000~501999;0
16922;*;*;1~32;3.554941258;1.02349689;2518;1447;0.0000~3.5347;258000~501999;0
16923;*;*;1~32;4.064233577;1.074452555;1534;685;0.0000~3.5347;258000~501999;0
16924;*;*;33~40;4.916158537;1.106707317;1958;656;*;258000~318999;0
16925;*;*;41~48;4.693396226;1.04245283;1141;424;*;258000~318999;0
16926;*;*;41~48;4.641434263;0.940239044;845;251;*;258000~318999;0
16927;*;*;41~48;4.418952618;1.052369077;1573;401;*;197000~257999;0
16928;*;*;41~48;4.37755102;1.044217687;2377;588;*;197000~257999;0
16929;*;*;33~40;4.267339218;1.032786885;2626;793;*;197000~257999;0
16930;*;*;49~56;3.44137931;1.020689655;318;145;*;197000~257999;0
16931;*;*;41~48;5.019077901;1.074721781;1603;629;*;258000~318999;0
16932;*;*;41~48;2.768041237;0.891752577;355;194;*;197000~257999;0
16933;*;*;17~24;3.561139028;1.077051926;1112;597;3.5348~7.0695;258000~318999;0
16934;*;*;9~16;4.732510288;1.181069959;377;243;3.5348~7.0695;197000~257999;0
16935;*;*;33~40;4.274064171;1.082219251;2400;1496;*;441000~501999;0
16936;*;*;49~56;7;1.038194444;691;288;*;441000~501999;0
16937;*;*;1~32;3.576452599;1.076452599;1283;654;0.0000~3.5347;258000~501999;0
16938;*;*;49~56;7.868525896;0.976095618;644;251;*;441000~501999;0
16939;*;*;49~56;6.1;1.056097561;1050;410;*;441000~501999;0
16940;*;*;49~56;8.300970874;1.074433657;870;309;*;441000~501999;0
16941;*;*;41~48;7.608024691;1.012345679;843;324;*;380000~501999;0
16942;*;*;49~56;4.877593361;1.024896266;1126;482;*;319000~379999;0
16943;*;*;49~56;5.421686747;1.102409639;371;166;*;258000~318999;0
16944;*;*;41~48;5.463878327;1.011406844;607;263;*;319000~379999;0
16945;*;*;41~48;5.813513514;1.110810811;849;370;*;380000~501999;0
16946;*;*;33~40;6.893416928;0.978056426;827;319;*;441000~501999;0
16947;*;*;33~40;5.580792683;1.054878049;1608;656;*;380000~440999;0
16948;*;*;25~32;7.290393013;1.050218341;1354;458;7.0696~10.6043;*;0
16949;*;*;17~24;6.197241379;1.048275862;1784;725;3.5348~7.0695;380000~501999;0
16950;*;*;25~32;6.799373041;0.956112853;905;319;7.0696~10.6043;*;0
16951;*;*;33~40;6.470909091;1.018181818;1747;550;*;380000~440999;0
16952;*;*;25~32;4.911931818;1.088068182;769;352;3.5348~7.0695;380000~501999;0
16953;*;*;17~24;6.438953488;1.001937984;2557;1032;3.5348~7.0695;380000~501999;0
16954;*;*;33~40;6.054298643;0.972850679;535;221;*;319000~379999;0
16955;*;*;33~40;5.990196078;1.006535948;751;306;*;380000~440999;0
16956;*;*;33~40;6.267515924;1.089171975;429;157;*;319000~379999;0
16957;*;*;33~40;6.935114504;1;659;262;*;441000~501999;0
16958;*;*;33~40;6.27027027;1.032432432;508;185;*;319000~379999;0
16959;*;*;33~40;4.348530902;1.111448835;1758;987;*;319000~379999;0
16960;*;*;41~48;4.711590296;0.986522911;984;371;*;319000~379999;0
16961;*;*;41~48;3.902325581;0.88372093;419;215;*;319000~379999;0
16962;*;*;41~48;5.96097561;1.073170732;492;205;*;380000~501999;0
16963;*;*;41~48;6.07960199;0.987562189;952;402;*;380000~501999;0
16964;*;*;41~48;6.02247191;1.007490637;676;267;*;319000~379999;0
16965;*;*;33~40;6.309255079;1.047404063;1183;443;*;380000~440999;0
16966;*;*;25~32;4.619271445;1.096357227;1877;851;3.5348~7.0695;319000~379999;0
16967;*;*;49~56;4.718309859;0.98943662;660;284;*;380000~440999;0
16968;*;*;33~40;4.666666667;0.976019185;975;417;*;380000~440999;0
16969;*;*;41~48;4.692307692;1.056680162;465;247;*;319000~379999;0
16970;*;*;33~40;5.13986014;1.027972028;1930;715;*;319000~379999;0
16971;*;*;41~48;3.647482014;1.007194245;305;139;*;258000~318999;0
16972;*;*;41~48;5.366242038;1.022292994;815;314;*;258000~318999;0
16973;*;*;33~40;5.12462908;1.008902077;952;337;*;258000~318999;0
16974;*;*;41~48;5.635220126;0.946540881;829;318;*;319000~379999;0
16975;*;*;33~40;4.548821549;1.111111111;701;297;*;258000~318999;0
16976;*;*;33~40;4.341389728;0.921450151;979;331;*;258000~318999;0
16977;*;*;25~32;5.576142132;1.210659898;1193;394;3.5348~7.0695;258000~318999;0
16978;*;*;33~40;5.332432432;0.951351351;1169;370;*;258000~318999;0
16979;*;*;33~40;5.136125654;0.960732984;1267;382;*;258000~318999;0
16980;*;*;33~40;5.970223325;1.081885856;1189;403;*;258000~318999;0
16981;*;*;33~40;5.817869416;0.965635739;846;291;*;319000~379999;0
16982;*;*;33~40;6.074889868;1.004405286;750;227;*;258000~318999;0
16983;*;*;33~40;5.791366906;1.007194245;445;139;*;258000~318999;0
16984;*;*;33~40;5.624624625;1.054054054;945;333;*;258000~318999;0
16985;*;*;9~16;4.657553957;1.055395683;2516;1390;3.5348~7.0695;258000~501999;0
16986;*;*;17~24;5.670384139;1.008674102;1941;807;3.5348~7.0695;380000~501999;0
16987;*;*;17~24;3.237745098;1.041666667;683;408;3.5348~7.0695;380000~501999;0
16988;*;*;9~16;6.276539974;1.069462647;1840;763;3.5348~7.0695;258000~501999;0
16989;*;*;1~16;6.660377358;1.047169811;770;318;7.0696~10.6043;*;0
16990;*;*;1~16;6.894366197;0.992957746;811;284;7.0696~10.6043;*;0
16991;*;*;17~24;6.665079365;0.998412698;2020;630;3.5348~7.0695;319000~379999;0
16992;*;*;17~24;3.954433498;1.043103448;1553;812;3.5348~7.0695;258000~318999;0
16993;*;*;1~8;4.586206897;1.098788444;1810;1073;3.5348~7.0695;258000~501999;0
16994;*;*;9~16;7.292307692;1.512820513;395;195;3.5348~7.0695;258000~501999;0
16995;*;*;1~16;7.205298013;0.975717439;1607;453;7.0696~10.6043;*;0
16996;*;*;1~8;4.385638298;1.031914894;779;376;3.5348~7.0695;258000~501999;0
16997;*;*;1~8;5.431472081;1.065989848;990;394;3.5348~7.0695;258000~501999;0
16998;*;*;1~16;7.02513465;1.014362657;1752;557;7.0696~10.6043;*;0
16999;*;*;1~16;6.947712418;1.013071895;905;306;7.0696~10.6043;*;0
17000;*;*;17~24;5.610939908;1.033898305;3399;1298;3.5348~7.0695;380000~501999;0
17001;*;*;17~24;6.673622705;1.046744574;3484;1198;3.5348~7.0695;380000~501999;0
17002;*;*;17~24;5.961136024;1.050822123;3437;1338;3.5348~7.0695;380000~501999;0
17003;*;*;25~32;4.375288684;1.009237875;2243;866;3.5348~7.0695;258000~318999;0
17004;*;*;17~24;4.033123028;1.070189274;3169;1268;3.5348~7.0695;258000~318999;0
17005;*;*;41~48;5.051224944;0.975501114;1151;449;*;258000~318999;0
17006;*;*;33~40;5.598870056;1.016949153;463;177;*;258000~318999;0
17007;*;*;33~40;5.013745704;0.979381443;761;291;*;258000~318999;0
17008;*;*;41~48;4.994269341;1;811;349;*;258000~318999;0
17009;*;*;33~40;4.053571429;1.013888889;1089;504;*;258000~318999;0
17010;*;*;9~16;4.933515483;1.091985428;2593;1098;3.5348~7.0695;258000~501999;0
17011;*;*;33~40;5.063938619;0.984654731;970;391;*;258000~318999;0
17012;*;*;41~48;4.507874016;0.905511811;586;254;*;258000~318999;0
17013;*;*;25~32;3.872651357;1.059498956;2068;958;3.5348~7.0695;258000~318999;0
17014;*;*;33~40;5.322957198;0.974059663;1837;771;*;380000~440999;0
17015;*;*;25~32;5.126516464;1.135181976;1285;577;3.5348~7.0695;380000~501999;0
17016;*;*;25~32;4.844444444;1.126984127;724;315;3.5348~7.0695;380000~501999;0
17017;*;*;33~40;5.890080429;0.957104558;1228;373;*;380000~440999;0
17018;*;*;33~40;6.125203252;0.980487805;1455;615;*;380000~440999;0
17019;*;*;33~40;7.010126582;0.979746835;994;395;*;380000~440999;0
17020;*;*;33~40;6.903465347;1.101485149;1156;404;*;380000~440999;0
17021;*;*;25~32;6.716374269;1.014619883;871;342;7.0696~10.6043;*;0
17022;*;*;17~24;6.576271186;0.946327684;969;354;7.0696~10.6043;*;0
17023;*;*;25~32;6.993079585;1.022491349;1611;578;7.0696~10.6043;*;0
17024;*;*;17~24;4.754065041;1.02303523;6266;2952;3.5348~7.0695;380000~501999;0
17025;*;*;33~40;4.491452991;1.106837607;517;234;*;319000~379999;0
17026;*;*;33~40;5.932489451;0.945147679;598;237;*;380000~440999;0
17027;*;*;33~40;5.868725869;1.003861004;1374;518;*;380000~440999;0
17028;*;*;33~40;3.076433121;0.834394904;291;157;*;197000~257999;0
17029;*;*;41~48;4.941176471;1.095588235;351;136;*;258000~318999;0
17030;*;*;41~48;5.494444444;0.966666667;504;180;*;258000~318999;0
17031;*;*;41~48;4.767123288;1.082191781;154;73;*;197000~257999;0
17032;*;*;33~40;5.250985545;1.042049934;1744;761;*;319000~379999;0
17033;*;*;1~32;3.612682927;1.048780488;1611;1025;0.0000~3.5347;258000~501999;0
17034;*;*;17~24;4.550295858;1.00591716;842;507;3.5348~7.0695;319000~379999;0
17035;*;*;49~56;4.720430108;1;393;186;*;319000~379999;0
17036;*;*;41~48;5.507598784;1.021276596;752;329;*;319000~379999;0
17037;*;*;41~48;5.655097614;1.034707158;1225;461;*;319000~379999;0
17038;*;*;33~40;5.311764706;1.021568627;1156;510;*;380000~440999;0
17039;*;*;41~48;6.013605442;1.010884354;1790;735;*;380000~501999;0
17040;*;*;41~48;6.262780269;1.014349776;2818;1115;*;319000~379999;0
17041;*;*;33~40;6.233817701;0.574636724;1980;757;*;380000~440999;0
17042;*;*;33~40;6.791013584;1.042842215;2694;957;*;380000~440999;0
17043;*;*;25~32;6.992373689;1.102955195;2626;1049;3.5348~7.0695;380000~501999;0
17044;*;*;25~32;6.615629984;1.012759171;1638;627;3.5348~7.0695;380000~501999;0
17045;*;*;25~32;6.759541985;0.967557252;1392;524;7.0696~10.6043;*;0
17046;*;*;33~40;6.626488095;1.014880952;1805;672;*;441000~501999;0
17047;*;*;1~16;6.594464501;1.073405535;2009;831;7.0696~10.6043;*;0
17048;*;*;41~48;6.335429769;0.991614256;1235;477;*;380000~501999;0
17049;*;*;25~32;6.960164835;1.03021978;1996;728;3.5348~7.0695;380000~501999;0
17050;*;*;41~48;8.717171717;1.151515152;281;99;*;380000~501999;0
17051;*;*;41~48;6.918128655;1.187134503;455;171;*;258000~318999;0
17052;*;*;33~40;5.768092105;0.935855263;1663;608;*;380000~440999;0
17053;*;*;33~40;5.240418118;0.940766551;689;287;*;258000~318999;0
17054;*;*;33~40;6.262135922;1.203883495;265;103;*;258000~318999;0
17055;*;*;33~40;6.535934292;1.057494867;1313;487;*;380000~440999;0
17056;*;*;41~48;6.8575;975;974;400;*;380000~501999;0
17057;*;*;41~48;6.176646707;1.041916168;1722;668;*;319000~379999;0
17058;*;*;33~40;4.540733198;1.045824847;2080;982;*;319000~379999;0
17059;*;*;41~48;5.953316953;1;1010;407;*;319000~379999;0
17060;*;*;25~32;4.976430976;0.993265993;1191;594;3.5348~7.0695;380000~501999;0
17061;*;*;33~40;4.515951595;1.04510451;2561;909;*;258000~318999;0
17062;*;*;33~40;4.148648649;0.918918919;1204;370;*;197000~257999;0
17063;*;*;1~16;2.434782609;0.953623188;1338;345;0.0000~3.5347;197000~257999;0
17064;*;*;17~24;2.93612079;1.099883856;2437;861;0.0000~3.5347;197000~257999;0
17065;*;*;41~48;3.549723757;1.081491713;3107;724;*;197000~257999;0
17066;*;*;33~40;2.761648746;1.046594982;1564;558;*;197000~257999;0
17067;*;*;1~32;3.156862745;1.098039216;191;102;0.0000~3.5347;258000~501999;0
17068;*;*;1~8;6.322051282;1.205128205;2198;975;3.5348~7.0695;258000~501999;0
17069;*;*;1~16;7.107544141;1.065810594;1677;623;7.0696~10.6043;*;0
17070;*;*;1~8;5.769570011;1.222712238;1690;907;3.5348~7.0695;258000~501999;0
17071;*;*;9~16;5.04109589;0.996575342;876;292;3.5348~7.0695;258000~501999;0
17072;*;*;17~24;3.480611046;1.110458284;1639;851;0.0000~3.5347;75000~135999;0
17073;*;*;33~40;4.425172198;1.03068253;5380;1597;*;258000~318999;0
17074;*;*;17~24;2.337962963;1;326;216;0.0000~3.5347;197000~257999;0
17075;*;*;33~40;3.958208955;1;1771;335;*;197000~257999;0
17076;*;*;1~32;4;1.0375;991;160;0.0000~3.5347;258000~501999;0
17077;*;*;41~48;5.235714286;1.107142857;652;140;*;197000~257999;0
17078;*;*;1~32;4.814814815;1.061728395;610;243;0.0000~3.5347;258000~501999;0
17079;*;*;41~48;5.121387283;0.953757225;492;173;*;258000~318999;0
17080;*;*;33~40;4.452054795;0.921232877;608;292;*;258000~318999;0
17081;*;*;41~48;4.554817276;0.873754153;589;301;*;258000~318999;0
17082;*;*;41~48;5.32320442;0.917127072;846;362;*;258000~318999;0
17083;*;*;33~40;3.943820225;0.996254682;939;267;*;319000~379999;0
17084;*;*;33~40;4.238670695;1.114803625;1587;331;*;197000~257999;0
17085;*;*;33~40;3.790419162;1.24251497;1991;334;*;197000~257999;0
17086;*;*;25~32;3.575452716;1.116700201;1966;497;0.0000~3.5347;197000~257999;0
17087;*;*;41~48;4.188571429;0.925714286;497;175;*;197000~257999;0
17088;*;*;1~32;4.440619621;1.114744693;4124;1743;0.0000~3.5347;258000~501999;0
17089;*;*;33~40;3.366972477;1.036697248;398;109;*;136000~196999;0
17090;*;*;1~32;3.84506133;1.040671401;3571;1549;0.0000~3.5347;258000~501999;0
17091;*;*;33~40;4.334728033;1.122733612;1895;717;*;258000~318999;0
17092;*;*;33~40;4.161264822;0.995256917;3057;1265;*;258000~318999;0
17093;*;*;33~40;4.067010309;1.028350515;879;388;*;258000~318999;0
17094;*;*;33~40;5.236238532;1.126146789;1148;436;*;258000~318999;0
17095;*;*;33~40;4.678240741;1.002314815;1117;432;*;258000~318999;0
17096;*;*;33~40;6.18969555;1.086651054;1015;427;*;319000~379999;0
17097;*;*;25~32;5.005359057;1.113612004;2103;933;3.5348~7.0695;319000~379999;0
17098;*;*;33~40;6.980612245;0.969387755;2681;980;*;441000~501999;0
17099;*;*;33~40;5.54556213;0.924260355;2254;845;*;319000~379999;0
17100;*;*;17~24;6.513064133;1.047505938;986;421;3.5348~7.0695;380000~501999;0
17101;*;*;33~40;5.665116279;0.983255814;3081;1075;*;319000~379999;0
17102;*;*;33~40;5.151394422;0.986055777;1208;502;*;319000~379999;0
17103;*;*;33~40;6.328787879;1.095454545;1586;660;*;380000~440999;0
17104;*;*;25~32;6.573170732;0.955284553;758;246;7.0696~10.6043;*;0
17105;*;*;9~16;5.73015873;1.083333333;1182;504;3.5348~7.0695;258000~501999;0
17106;*;*;33~40;8.244019139;0.995215311;976;209;*;441000~501999;0
17107;*;*;1~32;9.425101215;1.093117409;722;247;10.6044~16.0000;*;0
17108;*;*;1~32;8.845041322;1.035123967;1318;484;10.6044~16.0000;*;0
17109;*;*;41~48;8.504983389;1.069767442;921;301;*;380000~501999;0
17110;*;*;33~40;8.584541063;1;577;207;*;441000~501999;0
17111;*;*;33~40;9.802325581;1.135658915;831;258;*;441000~501999;0
17112;*;*;33~40;8.106849315;1.065753425;985;365;*;441000~501999;0
17113;*;*;33~40;8.709480122;1.003058104;852;327;*;441000~501999;0
17114;*;*;41~48;6.234299517;1.055555556;1006;414;*;319000~379999;0
17115;*;*;33~40;5.948529412;0.982843137;1178;408;*;319000~379999;0
17116;*;*;33~40;4.327464789;1;3091;852;*;136000~196999;0
17117;*;*;33~40;4.897155361;1.048140044;1949;457;*;136000~196999;0
17118;*;*;41~48;6;0.8;13;5;*;380000~501999;0
17119;*;*;33~40;5.062761506;0.987447699;981;239;*;136000~196999;0
17120;*;*;33~40;5.579088472;1.104557641;1931;373;*;136000~196999;0
17121;*;*;33~40;4.680851064;0.941489362;795;188;*;136000~196999;0
17122;*;*;25~32;4.393530997;0.95148248;1546;371;3.5348~7.0695;136000~196999;0
17123;*;*;33~40;4.879256966;1.034055728;1385;323;*;136000~196999;0
17124;*;*;33~40;4.602787456;1.045296167;1133;287;*;136000~196999;0
17125;*;*;33~40;4.445993031;1.094076655;955;287;*;136000~196999;0
17126;*;*;25~32;4.397260274;1.121330724;1711;511;0.0000~3.5347;136000~196999;0
17127;*;*;25~32;4.916943522;0.976744186;1126;301;3.5348~7.0695;136000~196999;0
17128;*;*;33~40;4.784397163;1.156028369;2909;705;*;136000~196999;0
17129;*;*;33~40;4.42206235;0.916067146;1634;417;*;136000~196999;0
17130;*;*;33~40;4.936708861;0.952531646;1331;316;*;136000~196999;0
17131;*;*;25~32;3.659982563;1.084568439;2678;1147;3.5348~7.0695;258000~318999;0
17132;*;*;25~32;3.165059558;1.139534884;4165;1763;0.0000~3.5347;136000~196999;0
17133;*;*;33~40;5.351239669;0.987603306;566;242;*;319000~379999;0
17134;*;*;41~48;5.334224599;1.101604278;794;374;*;319000~379999;0
17135;*;*;41~48;5.650273224;0.950819672;844;366;*;380000~501999;0
17136;*;*;49~56;4.666666667;0.976190476;76;42;*;380000~440999;0
17137;*;*;25~32;3.633015007;0.901773533;1403;733;3.5348~7.0695;380000~501999;0
17138;*;*;41~48;8.19858156;1.177304965;1044;282;*;380000~501999;0
17139;*;*;33~40;4.761862917;1.039543058;2002;1138;*;441000~501999;0
17140;*;*;33~40;4.835978836;1.047619048;766;378;*;441000~501999;0
17141;*;*;33~40;4.418103448;1.043103448;388;232;*;441000~501999;0
17142;*;*;41~48;5.353246753;1.135064935;817;385;*;380000~501999;0
17143;*;*;33~40;4.159018987;1.075949367;2128;1264;*;380000~440999;0
17144;*;*;17~24;3.726651481;0.943052392;853;439;3.5348~7.0695;380000~501999;0
17145;*;*;41~48;6.465317919;1.002890173;948;346;*;380000~501999;0
17146;*;*;33~40;7.275268817;0.980645161;1203;465;*;441000~501999;0
17147;*;*;33~40;6.976228209;0.979397781;1616;631;*;441000~501999;0
17148;*;*;33~40;6.815789474;0.992481203;1350;532;*;441000~501999;0
17149;*;*;33~40;5.728643216;0.969849246;486;199;*;441000~501999;0
17150;*;*;33~40;5.330935252;0.988009592;1050;417;*;441000~501999;0
17151;*;*;33~40;5.891625616;1.034482759;937;406;*;441000~501999;0
17152;*;*;17~24;5.029007634;1.135877863;1337;655;3.5348~7.0695;380000~501999;0
17153;*;*;33~40;5.926199262;0.937269373;727;271;*;441000~501999;0
17154;*;*;17~24;6.46509009;1.13963964;1843;888;3.5348~7.0695;380000~501999;0
17155;*;*;1~16;6.483333333;1.066666667;512;300;7.0696~10.6043;*;0
17156;*;*;41~48;8.034482759;1.439655172;295;116;*;380000~501999;0
17157;*;*;17~24;6.678082192;0.917808219;324;146;7.0696~10.6043;*;0
17158;*;*;1~32;7.139240506;0.911392405;191;79;10.6044~16.0000;*;0
17159;*;*;33~40;6.75;1.010416667;540;192;*;441000~501999;0
17160;*;*;25~32;8.061728395;1.043209877;980;324;7.0696~10.6043;*;0
17161;*;*;1~32;8.082289803;1.033989267;1489;559;10.6044~16.0000;*;0
17162;*;*;1~32;7.299528302;1.04245283;1173;424;10.6044~16.0000;*;0
17163;*;*;33~40;6.618834081;0.97309417;613;223;*;441000~501999;0
17164;*;*;25~32;2.018348624;0.926605505;322;218;3.5348~7.0695;319000~379999;0
17165;*;*;33~40;6.44214876;1.004132231;600;242;*;441000~501999;0
17166;*;*;1~32;8.116607774;1.014134276;814;283;10.6044~16.0000;*;0
17167;*;*;33~40;8.127371274;0.989159892;927;369;*;441000~501999;0
17168;*;*;41~48;5.424836601;0.888888889;353;153;*;380000~501999;0
17169;*;*;33~40;6.392572944;0.957559682;934;377;*;441000~501999;0
17170;*;*;33~40;7.446511628;1.037209302;629;215;*;441000~501999;0
17171;*;*;33~40;6.981132075;0.79245283;153;53;*;441000~501999;0
17172;*;*;25~32;7.162337662;1.064935065;415;154;7.0696~10.6043;*;0
17173;*;*;1~32;7.986215539;1.070175439;2149;798;10.6044~16.0000;*;0
17174;*;*;17~24;6.369127517;1.013422819;399;149;3.5348~7.0695;380000~501999;0
17175;*;*;17~24;6.028871391;1.091863517;1086;381;3.5348~7.0695;319000~379999;0
17176;*;*;1~32;4.871794872;1.328205128;404;195;0.0000~3.5347;258000~501999;0
17177;*;*;17~24;5.792592593;1.02962963;761;270;3.5348~7.0695;258000~318999;0
17178;*;*;9~16;6.426356589;0.987080103;2222;774;3.5348~7.0695;258000~501999;0
17179;*;*;9~16;6.164634146;1.027003484;3502;1148;3.5348~7.0695;258000~501999;0
17180;*;*;17~24;5.922981366;1.002484472;2199;805;3.5348~7.0695;319000~379999;0
17181;*;*;9~16;6.459813084;1.018691589;1527;535;3.5348~7.0695;258000~501999;0
17182;*;*;17~24;6.531120332;1.087136929;672;241;7.0696~10.6043;*;0
17183;*;*;1~16;6.040322581;1.10483871;355;124;7.0696~10.6043;*;0
17184;*;*;17~24;4.667953668;1.193050193;801;259;3.5348~7.0695;380000~501999;0
17185;*;*;17~24;6.032679739;1.130718954;5467;1989;3.5348~7.0695;319000~379999;0
17186;*;*;17~24;6.494584838;1.057761733;576;277;7.0696~10.6043;*;0
17187;*;*;33~40;6.546583851;1.298136646;400;161;*;441000~501999;0
17188;*;*;49~56;6.22826087;1.108695652;232;92;*;441000~501999;0
17189;*;*;33~40;5.142011834;1.053254438;1346;507;*;258000~318999;0
17190;*;*;25~32;5.501992032;1.1812749;1581;502;3.5348~7.0695;319000~379999;0
17191;*;*;49~56;7.936363636;1.431818182;941;220;*;258000~318999;0
17192;*;*;1~32;4.367851623;1.014683153;2312;1294;0.0000~3.5347;258000~501999;0
17193;*;*;9~16;8.318181818;1.604545455;1515;220;3.5348~7.0695;258000~501999;0
17194;*;*;17~24;7.226315789;1.139473684;1076;380;3.5348~7.0695;319000~379999;0
17195;*;*;25~32;5.789644013;1.095469256;1504;618;3.5348~7.0695;380000~501999;0
17196;*;*;1~32;4.302788845;1.187250996;524;251;0.0000~3.5347;258000~501999;0
17197;*;*;1~32;3.622262774;1.062043796;1092;548;0.0000~3.5347;258000~501999;0
17198;*;*;1~8;4.749585406;0.721393035;1404;603;3.5348~7.0695;258000~501999;0
17199;*;*;17~24;7.24695122;0.981707317;1007;328;7.0696~10.6043;*;0
17200;*;*;25~32;6.196521739;1.006956522;1479;575;3.5348~7.0695;380000~501999;1
17201;*;*;17~24;8.11328125;1.1953125;705;256;3.5348~7.0695;380000~501999;0
17202;*;*;33~40;4.37721519;1.101265823;801;395;*;319000~379999;0
17203;*;*;33~40;4.283676704;1.036450079;1383;631;*;319000~379999;0
17204;*;*;1~32;4.481052632;1.085263158;1861;950;0.0000~3.5347;258000~501999;0
17205;*;*;1~32;4.324652778;1.138888889;1091;576;0.0000~3.5347;258000~501999;1
17206;*;*;1~32;3.143769968;0.955271565;777;313;0.0000~3.5347;258000~501999;1
17207;*;*;41~48;4.296774194;1.061290323;746;310;*;319000~379999;1
17208;*;*;33~40;3.802631579;1.016447368;521;304;*;319000~379999;1
17209;*;*;33~40;2.887640449;1.058988764;753;356;*;197000~257999;1
17210;*;*;17~24;3.38150289;1.075144509;681;346;0.0000~3.5347;197000~257999;1
17211;*;*;1~32;3.29258517;1;1253;499;0.0000~3.5347;258000~501999;1
17212;*;*;41~48;4.09375;1.0859375;790;384;*;258000~318999;1
17213;*;*;49~56;7.37020316;1.148984199;1256;443;*;441000~501999;1
17214;*;*;49~56;5.174647887;0.966197183;711;355;*;441000~501999;1
17215;*;*;33~40;4.540372671;0.950310559;678;322;*;380000~440999;1
17216;*;*;41~48;4.845070423;1.078470825;1005;497;*;380000~501999;1
17217;*;*;33~40;3.633251834;1.141809291;758;409;*;319000~379999;1
17218;*;*;49~56;3.591911765;1.0625;412;272;*;258000~318999;1
17219;*;*;25~32;7.068311195;1.079696395;1304;527;7.0696~10.6043;*;1
17220;*;*;33~40;6.498007968;1.061752988;1265;502;*;380000~440999;1
17221;*;*;33~40;6.219373219;1.034188034;988;351;*;380000~440999;1
17222;*;*;41~48;6.253521127;1.033802817;927;355;*;319000~379999;1
17223;*;*;41~48;4.974860335;0.955307263;663;358;*;258000~318999;1
17224;*;*;33~40;5.555970149;1.134328358;700;268;*;258000~318999;1
17225;*;*;41~48;5.760217984;1.0626703;973;367;*;319000~379999;0
17226;*;*;41~48;7.69047619;1.115646259;763;294;*;380000~501999;1
17227;*;*;1~32;4.4204947;0.996466431;503;283;0.0000~3.5347;258000~501999;0
17228;*;*;25~32;6.17603912;0.948655257;1092;409;3.5348~7.0695;380000~501999;1
17229;*;*;41~48;7.394052045;1.007434944;666;269;*;380000~501999;1
17230;*;*;41~48;5.520361991;1.097285068;1011;442;*;380000~501999;1
17231;*;*;33~40;3.641558442;0.958441558;654;385;*;258000~318999;1
17232;*;*;41~48;4.779467681;1.182509506;671;263;*;258000~318999;1
17233;*;*;33~40;5.884453782;1.044117647;1150;476;*;380000~440999;1
17234;*;*;17~24;6.951871658;1.064171123;917;374;7.0696~10.6043;*;1
17235;*;*;33~40;7.049608355;1.101827676;1995;383;*;441000~501999;1
17236;*;*;25~32;7.027707809;1.040302267;1014;397;3.5348~7.0695;380000~501999;1
17237;*;*;25~32;5.627170582;1.081716037;2591;979;3.5348~7.0695;380000~501999;1
17238;*;*;25~32;5.951672862;0.998141264;1316;538;3.5348~7.0695;380000~501999;1
17239;*;*;25~32;3.916923077;1.055384615;1082;325;0.0000~3.5347;197000~257999;1
17240;*;*;33~40;4.406741573;1.038202247;1693;445;*;197000~257999;1
17241;*;*;49~56;4.697368421;1.015789474;1267;380;*;197000~257999;1
17242;*;*;1~32;4.319047619;1.252380952;849;420;0.0000~3.5347;258000~501999;1
17243;*;*;33~40;4.270588235;1.041176471;1139;340;*;197000~257999;1
17244;*;*;33~40;3.922459893;1.018716578;1404;374;*;197000~257999;1
17245;*;*;33~40;3.751121076;0.995515695;1477;446;*;197000~257999;1
17246;*;*;17~24;3.498687664;1.031496063;1369;381;0.0000~3.5347;197000~257999;1
17247;*;*;49~56;3.41;1.15;804;400;*;258000~318999;1
17248;*;*;49~56;3.225490196;1.068627451;291;102;*;319000~379999;1
17249;*;*;41~48;3.387850467;1.11682243;582;214;*;319000~379999;1
17250;*;*;17~24;3.432330827;1.022556391;1325;532;0.0000~3.5347;197000~257999;1
17251;*;*;49~56;2.649122807;0.98245614;392;114;*;258000~318999;1
17252;*;*;49~56;3.190972222;1.201388889;851;576;*;197000~257999;1
17253;*;*;49~56;3.795620438;1.060827251;1041;411;*;197000~257999;1
17254;*;*;33~40;3.708860759;1.018987342;606;316;*;258000~318999;1
17255;*;*;49~56;3.111111111;1.033333333;488;270;*;258000~318999;1
17256;*;*;41~48;3.349442379;1.035315985;1490;538;*;197000~257999;1
17257;*;*;49~56;3.398663697;1.020044543;1633;449;*;197000~257999;0
17258;*;*;33~40;4.007352941;1.046568627;1027;408;*;258000~318999;0
17259;*;*;25~32;3.829145729;0.962311558;1257;398;0.0000~3.5347;197000~257999;0
17260;*;*;49~56;4.586894587;1.054131054;961;351;*;258000~318999;0
17261;*;*;49~56;4.375621891;0.962686567;980;402;*;258000~318999;0
17262;*;*;49~56;4.611111111;1.058823529;1091;306;*;197000~257999;1
17263;*;*;17~24;3.628070175;1.154385965;1898;570;0.0000~3.5347;197000~257999;1
17264;*;*;25~32;3.357142857;1.035714286;997;308;0.0000~3.5347;197000~257999;0
17265;*;*;17~24;5.368078176;1.039087948;905;307;3.5348~7.0695;319000~379999;0
17266;*;*;33~40;7.020576132;1.135802469;628;243;*;319000~379999;0
17267;*;*;33~40;4.759643917;0.991097923;904;337;*;319000~379999;0
17268;*;*;33~40;5.610942249;1.088145897;748;329;*;319000~379999;0
17269;*;*;1~32;4.039130435;1.07173913;865;460;0.0000~3.5347;258000~501999;0
17270;*;*;33~40;5.655844156;0.941558442;354;154;*;319000~379999;0
17271;*;*;25~32;5.035952064;1.026631158;1742;751;3.5348~7.0695;380000~501999;0
17272;*;*;17~24;4.003267974;1.035947712;694;306;3.5348~7.0695;197000~257999;0
17273;*;*;17~24;2.872340426;0.85106383;1349;423;0.0000~3.5347;197000~257999;0
17274;*;*;17~24;3.935849057;1.08490566;1701;530;0.0000~3.5347;197000~257999;0
17275;*;*;33~40;3.820441989;1.267955801;677;362;*;258000~318999;0
17276;*;*;41~48;4.067340067;1.202020202;603;297;*;380000~501999;1
17277;*;*;1~32;3.789072427;1.063532402;1317;787;0.0000~3.5347;258000~501999;0
17278;*;*;25~32;5.549822064;1;1459;562;3.5348~7.0695;319000~379999;0
17279;*;*;25~32;6.634551495;0.993355482;826;301;3.5348~7.0695;380000~501999;0
17280;*;*;1~32;4.284023669;1.195266272;978;338;0.0000~3.5347;258000~501999;0
17281;*;*;17~24;5.731092437;0.953781513;638;238;3.5348~7.0695;380000~501999;0
17282;*;*;25~32;6.041791045;0.931343284;907;335;3.5348~7.0695;380000~501999;0
17283;*;*;33~40;5.482248521;1.109467456;878;338;*;319000~379999;0
17284;*;*;25~32;5.782396088;1.019559902;1053;409;3.5348~7.0695;319000~379999;0
17285;*;*;25~32;6.576208178;1.104089219;703;269;3.5348~7.0695;319000~379999;0
17286;*;*;1~32;4.069135802;0.933333333;954;405;0.0000~3.5347;258000~501999;0
17287;*;*;33~40;6.474708171;1.13618677;705;257;*;319000~379999;0
17288;*;*;25~32;5.135416667;0.996527778;830;288;3.5348~7.0695;319000~379999;0
17289;*;*;41~48;6.788461538;1.011538462;753;260;*;380000~501999;1
17290;*;*;33~40;6.239754098;1.168032787;1002;488;*;441000~501999;1
17291;*;*;25~32;6.305057096;1.327895595;1266;613;3.5348~7.0695;380000~501999;1
17292;*;*;25~32;6.324324324;1.074324324;749;296;3.5348~7.0695;380000~501999;1
17293;*;*;33~40;7.509394572;1.083507307;1207;479;*;441000~501999;1
17294;*;*;33~40;8.478723404;1.175531915;984;376;*;441000~501999;1
17295;*;*;1~16;8.569131833;1.257234727;794;311;7.0696~10.6043;*;1
17296;*;*;1~8;4.360613811;1.023017903;886;391;3.5348~7.0695;258000~501999;1
17297;*;*;17~24;5.867973856;1.045751634;2867;765;3.5348~7.0695;258000~318999;1
17298;*;*;17~24;5.693843594;0.991680532;1763;601;3.5348~7.0695;258000~318999;0
17299;*;*;1~32;4.53877551;1.044897959;411;245;0.0000~3.5347;258000~501999;0
17300;*;*;17~24;4.098550725;1.057971014;889;345;0.0000~3.5347;197000~257999;0
17301;*;*;1~32;5.751497006;1.179640719;951;334;0.0000~3.5347;258000~501999;0
17302;*;*;17~24;4.398081535;1.143884892;1305;417;0.0000~3.5347;197000~257999;0
17303;*;*;1~32;4.859832636;1.520920502;1301;478;0.0000~3.5347;258000~501999;0
17304;*;*;1~16;4.578082192;1.049315068;1079;365;0.0000~3.5347;197000~257999;1
17305;*;*;25~32;7.258799172;1.16563147;1362;483;3.5348~7.0695;380000~501999;1
17306;*;*;1~32;5.574285714;1.051428571;681;350;0.0000~3.5347;258000~501999;1
17307;*;*;17~24;7.366568915;1.249266862;919;341;3.5348~7.0695;380000~501999;1
17308;*;*;25~32;6.149321267;1.226244344;1066;442;3.5348~7.0695;380000~501999;1
17309;*;*;33~40;4.474820144;1.223021583;278;139;*;319000~379999;1
17310;*;*;33~40;14.66666667;1.80952381;59;21;*;441000~501999;0
17311;*;*;17~24;5.002166847;1.063921993;2303;923;3.5348~7.0695;197000~257999;0
17312;*;*;33~40;5.782201405;1.295081967;1168;427;0.0000~3.5347;14000~74999;1
17313;*;*;17~24;5.777158774;1.064066852;1035;359;3.5348~7.0695;380000~501999;1
17314;*;*;1~16;5.438818565;1.168776371;693;237;0.0000~3.5347;197000~257999;1
17315;*;*;25~32;5.942222222;0.973333333;671;225;0.0000~3.5347;197000~257999;0
17316;*;*;9~16;5.424180328;1.055327869;1487;488;3.5348~7.0695;197000~257999;0
17317;*;*;9~16;4.794165316;1.118314425;1348;617;3.5348~7.0695;197000~257999;0
17318;*;*;9~16;6.322485207;1.00295858;916;338;3.5348~7.0695;258000~501999;0
17319;*;*;9~16;5.789976134;1.016706444;966;419;3.5348~7.0695;258000~501999;0
17320;*;*;17~24;5.222493888;1.136919315;1143;409;0.0000~3.5347;197000~257999;0
17321;*;*;1~32;4.205479452;0.863013699;434;219;0.0000~3.5347;258000~501999;0
17322;*;*;1~32;6.587012987;1.296103896;832;385;0.0000~3.5347;258000~501999;0
17323;*;*;17~24;5.61754386;0.989473684;731;285;3.5348~7.0695;258000~318999;0
17324;*;*;9~16;7.654368932;1.13592233;1542;515;3.5348~7.0695;258000~501999;0
17325;*;*;17~24;5.457489879;0.963562753;631;247;3.5348~7.0695;258000~318999;0
17326;*;*;17~24;6.436314363;1.162601626;1048;369;3.5348~7.0695;319000~379999;0
17327;*;*;9~16;5.975945017;1.010309278;1693;582;3.5348~7.0695;258000~501999;0
17328;*;*;17~24;7.543175487;1.064066852;988;359;3.5348~7.0695;319000~379999;0
17329;*;*;9~16;8.197771588;1.097493036;959;359;3.5348~7.0695;258000~501999;0
17330;*;*;9~16;7.918918919;1.689189189;317;74;0.0000~3.5347;75000~135999;0
17331;*;*;17~24;5.949206349;1.012698413;820;315;3.5348~7.0695;380000~501999;0
17332;*;*;25~32;6.434408602;1.309677419;1288;465;3.5348~7.0695;258000~318999;0
17333;*;*;9~16;7.214932127;1.047511312;1200;442;3.5348~7.0695;197000~257999;1
17334;*;*;1~16;4.395061728;0.907407407;355;162;0.0000~3.5347;136000~196999;1
17335;*;*;17~24;5.803625378;0.951661631;2490;662;0.0000~3.5347;75000~135999;1
17336;*;*;9~16;6.803174603;0.907936508;929;315;3.5348~7.0695;258000~501999;1
17337;*;*;9~16;7.675675676;1.01965602;1169;407;3.5348~7.0695;258000~501999;1
17338;*;*;1~16;8.02617801;1.157068063;545;191;7.0696~10.6043;*;1
17339;*;*;9~16;5.958762887;0.907216495;1084;388;3.5348~7.0695;136000~196999;1
17340;*;*;17~24;5.394944708;1.22906793;1492;633;0.0000~3.5347;75000~135999;0
17341;*;*;1~32;4.993883792;1.064220183;504;327;0.0000~3.5347;258000~501999;1
17342;*;*;25~32;5.96;0.9625;1323;400;3.5348~7.0695;136000~196999;1
17343;*;*;9~16;5.373626374;1.027472527;407;182;3.5348~7.0695;136000~196999;1
17344;*;*;17~24;6.706131078;1.069767442;1538;473;3.5348~7.0695;136000~196999;1
17345;*;*;17~24;6.192307692;1.112179487;874;312;3.5348~7.0695;136000~196999;1
17346;*;*;17~24;7.317679558;1.066298343;1057;362;3.5348~7.0695;319000~379999;1
17347;*;*;17~24;7.662721893;1.195266272;1093;338;3.5348~7.0695;319000~379999;1
17348;*;*;1~16;5.764026403;1.004125413;2801;1212;0.0000~3.5347;197000~257999;1
17349;*;*;25~32;5.835260116;1.023121387;1029;346;3.5348~7.0695;136000~196999;1
17350;*;*;25~32;6368;1048;1117;375;3.5348~7.0695;136000~196999;1
17351;*;*;1~16;5.733455882;1.139705882;1159;544;0.0000~3.5347;136000~196999;1
17352;*;*;17~24;7.137809187;1.084805654;855;283;3.5348~7.0695;136000~196999;1
17353;*;*;25~32;6.184375;1.06875;999;320;3.5348~7.0695;136000~196999;1
17354;*;*;25~32;6.181425486;1.032397408;1384;463;3.5348~7.0695;136000~196999;1
17355;*;*;17~24;6.935483871;1.024193548;1149;372;3.5348~7.0695;136000~196999;1
17356;*;*;17~24;6.557591623;0.984293194;1162;382;3.5348~7.0695;136000~196999;1
17357;*;*;17~24;6.036827195;0.932011331;1094;353;3.5348~7.0695;136000~196999;1
17358;*;*;25~32;6.387218045;1.022556391;799;266;3.5348~7.0695;136000~196999;1
17359;*;*;1~8;6.467486819;0.982425308;1678;569;3.5348~7.0695;197000~257999;1
17360;*;*;9~16;6.887147335;1.031347962;1064;319;3.5348~7.0695;197000~257999;1
17361;*;*;25~32;7.106761566;1.128113879;866;281;3.5348~7.0695;136000~196999;1
17362;*;*;9~16;6.391666667;1.045833333;761;240;3.5348~7.0695;136000~196999;1
17363;*;*;49~56;5.039855072;1.039855072;632;276;*;14000~135999;1
17364;*;*;33~40;5.327073552;1.112676056;1579;639;*;136000~196999;1
17365;*;*;49~56;4.878411911;1.024813896;985;403;*;136000~196999;1
17366;*;*;41~48;6.516129032;1.109677419;692;310;*;136000~196999;1
17367;*;*;25~32;5.511627907;1.067829457;1337;516;0.0000~3.5347;75000~135999;1
17368;*;*;1~16;4.958477509;1.121107266;1311;578;0.0000~3.5347;136000~196999;1
17369;*;*;1~16;5.302491103;1.040925267;1593;562;0.0000~3.5347;197000~257999;1
17370;*;*;17~24;5.584016393;1.053278689;1466;488;3.5348~7.0695;14000~135999;1
17371;*;*;25~32;5.154676259;0.971223022;1001;278;3.5348~7.0695;14000~135999;1
17372;*;*;17~24;5.310126582;0.971518987;840;316;3.5348~7.0695;136000~196999;1
17373;*;*;17~24;6.631961259;1.002421308;1171;413;3.5348~7.0695;136000~196999;1
17374;*;*;17~24;4.409313725;1.151960784;1416;408;0.0000~3.5347;136000~196999;1
17375;*;*;25~32;6.15034965;1.062937063;1386;572;3.5348~7.0695;136000~196999;1
17376;*;*;17~24;4.479532164;0.996101365;1246;513;0.0000~3.5347;75000~135999;1
17377;*;*;17~24;4.563106796;1.225242718;1291;515;0.0000~3.5347;75000~135999;1
17378;*;*;17~24;5.583815029;1.011560694;1071;346;3.5348~7.0695;136000~196999;1
17379;*;*;9~16;5.820253165;1.020253165;1245;395;3.5348~7.0695;136000~196999;1
17380;*;*;9~16;6.121301775;1.014792899;1240;338;3.5348~7.0695;136000~196999;1
17381;*;*;9~16;5.740816327;1.004081633;1144;490;3.5348~7.0695;197000~257999;1
17382;*;*;17~24;7.485232068;1.109704641;724;237;3.5348~7.0695;136000~196999;1
17383;*;*;9~16;6.534939759;1.031325301;1116;415;3.5348~7.0695;136000~196999;1
17384;*;*;1~8;6.5;0.986206897;835;290;3.5348~7.0695;258000~501999;1
17385;*;*;1~16;6.269858542;1.213275299;2551;919;0.0000~3.5347;136000~196999;1
17386;*;*;17~24;4.216145833;0.9375;1509;384;0.0000~3.5347;75000~135999;1
17387;*;*;25~32;5.553745928;1.120521173;1605;307;3.5348~7.0695;14000~135999;1
17388;*;*;25~32;4.948453608;0.979381443;1434;388;0.0000~3.5347;75000~135999;1
17389;*;*;9~16;5.31372549;0.991596639;1353;357;3.5348~7.0695;14000~135999;1
17390;*;*;25~32;5.127429806;1.213822894;1617;463;0.0000~3.5347;75000~135999;1
17391;*;*;25~32;4.578804348;0.855978261;1290;368;0.0000~3.5347;75000~135999;1
17392;*;*;17~24;4.580993521;0.96112311;2211;463;3.5348~7.0695;14000~135999;1
17393;*;*;9~16;5.825112108;1.255605381;1158;223;0.0000~3.5347;75000~135999;1
17394;*;*;33~40;3.601173021;1.11143695;851;341;0.0000~3.5347;75000~135999;1
17395;*;*;33~40;4.588235294;1.044117647;986;272;0.0000~3.5347;75000~135999;1
17396;*;*;25~32;5.169761273;1.050397878;1575;377;0.0000~3.5347;75000~135999;1
17397;*;*;25~32;3.399568035;0.965442765;1772;463;0.0000~3.5347;75000~135999;1
17398;*;*;17~24;5.234177215;1.004219409;1101;474;0.0000~3.5347;136000~196999;1
17399;*;*;17~24;4.514851485;1.01650165;642;303;0.0000~3.5347;75000~135999;1
17400;*;*;9~16;3.43083004;0.964426877;1133;253;0.0000~3.5347;75000~135999;1
17401;*;*;9~16;4.264227642;1.134146341;1252;492;0.0000~3.5347;14000~74999;1
17402;*;*;33~40;4.021419009;1.06291834;2601;747;0.0000~3.5347;75000~135999;1
17403;*;*;9~16;4.064456722;1.186003683;2232;543;0.0000~3.5347;75000~135999;1
17404;*;*;25~32;3.81504065;1.048780488;1634;492;0.0000~3.5347;75000~135999;1
17405;*;*;1~16;3.222222222;1.159041394;1057;459;0.0000~3.5347;136000~196999;1
17406;*;*;25~32;4.353909465;0.95473251;891;243;3.5348~7.0695;14000~135999;1
17407;*;*;17~24;4.081534772;1.071942446;1240;417;0.0000~3.5347;75000~135999;1
17408;*;*;17~24;4.026785714;1.026785714;1322;336;0.0000~3.5347;75000~135999;1
17409;*;*;25~32;4.898601399;1.027972028;1306;286;0.0000~3.5347;75000~135999;0
17410;*;*;33~40;3.868243243;1.003378378;1107;296;0.0000~3.5347;75000~135999;0
17411;*;*;1~8;4.336099585;0.973029046;1911;482;0.0000~3.5347;14000~135999;0
17412;*;*;41~48;6.129310345;1.206896552;384;116;0.0000~3.5347;14000~74999;0
17413;*;*;25~32;6.276716207;1.101910828;12427;2826;0.0000~3.5347;14000~74999;0
17414;*;*;25~32;5.693877551;0.961038961;1524;539;3.5348~7.0695;136000~196999;0
17415;*;*;9~16;3.823129252;1.115646259;504;147;0.0000~3.5347;75000~135999;0
17416;*;*;17~24;3.575757576;0.986225895;1272;363;0.0000~3.5347;75000~135999;0
17417;*;*;25~32;4.468809074;1.141776938;1520;529;0.0000~3.5347;75000~135999;0
17418;*;*;1~8;4.596296296;1.085185185;1427;540;0.0000~3.5347;14000~135999;0
17419;*;*;25~32;5.325925926;1.185185185;816;270;0.0000~3.5347;75000~135999;0
17420;*;*;9~16;3.43;1085;614;200;0.0000~3.5347;75000~135999;0
17421;*;*;1~8;5.917293233;0.947368421;446;133;3.5348~7.0695;136000~196999;0
17422;*;*;25~32;5.189309577;0.93986637;1255;449;3.5348~7.0695;14000~135999;0
17423;*;*;25~32;4.965009208;1.145488029;1322;543;0.0000~3.5347;75000~135999;0
17424;*;*;33~40;5.228855721;1.169154229;574;201;0.0000~3.5347;75000~135999;0
17425;*;*;9~16;3.910583942;1.082116788;1167;548;0.0000~3.5347;75000~135999;0
17426;*;*;9~16;3.950892857;0.995535714;533;224;0.0000~3.5347;75000~135999;0
17427;*;*;25~32;5.816976127;1.140583554;1074;377;0.0000~3.5347;75000~135999;0
17428;*;*;9~16;5.900462963;0.990740741;1486;432;3.5348~7.0695;136000~196999;0
17429;*;*;25~32;5.8671875;0.994791667;1197;384;0.0000~3.5347;75000~135999;0
17430;*;*;25~32;4.808917197;1.087048832;1402;471;0.0000~3.5347;75000~135999;0
17431;*;*;25~32;4.203036053;1.096774194;1544;527;0.0000~3.5347;75000~135999;0
17432;*;*;17~24;4.709163347;0.96812749;733;251;0.0000~3.5347;75000~135999;0
17433;*;*;25~32;4;1.126530612;896;245;0.0000~3.5347;75000~135999;0
17434;*;*;41~48;5.046594982;1.078853047;682;279;*;136000~196999;0
17435;*;*;33~40;6.238970588;1.227941176;740;272;*;136000~196999;0
17436;*;*;1~16;4.585131894;0.973621103;1009;417;0.0000~3.5347;136000~196999;0
17437;*;*;17~24;5.473214286;1.236607143;484;224;0.0000~3.5347;75000~135999;0
17438;*;*;33~40;5.700665188;1.106430155;1105;451;*;136000~196999;0
17439;*;*;25~32;5.525525526;0.927927928;828;333;3.5348~7.0695;136000~196999;0
17440;*;*;17~24;5.561101549;0.944922547;1739;581;3.5348~7.0695;136000~196999;0
17441;*;*;1~8;7.365044248;1.115044248;1462;452;3.5348~7.0695;197000~257999;0
17442;*;*;1~8;4.699029126;1.13592233;1302;618;0.0000~3.5347;14000~135999;0
17443;*;*;1~8;6.310280374;0.981308411;1684;535;3.5348~7.0695;136000~196999;0
17444;*;*;33~40;6.512048193;1.189759036;1010;332;*;197000~257999;0
17445;*;*;1~8;5.645833333;0.985119048;915;336;3.5348~7.0695;136000~196999;0
17446;*;*;25~32;6.059561129;0.990595611;1001;319;3.5348~7.0695;14000~135999;0
17447;*;*;25~32;6.73553719;1.013774105;983;363;3.5348~7.0695;136000~196999;0
17448;*;*;17~24;5.624423963;1.066820276;1392;434;3.5348~7.0695;136000~196999;0
17449;*;*;9~16;6.50297619;1.148809524;827;336;3.5348~7.0695;197000~257999;0
17450;*;*;17~24;7.325490196;1.050980392;522;255;3.5348~7.0695;197000~257999;0
17451;*;*;17~24;6.802884615;1.033653846;1035;416;3.5348~7.0695;197000~257999;0
17452;*;*;17~24;6.248691099;1.007853403;1051;382;3.5348~7.0695;136000~196999;0
17453;*;*;17~24;6.888586957;1.04076087;1012;368;3.5348~7.0695;136000~196999;0
17454;*;*;17~24;7.049056604;1.188679245;747;265;3.5348~7.0695;258000~318999;0
17455;*;*;25~32;6.048843188;1;1420;389;3.5348~7.0695;14000~135999;0
17456;*;*;33~48;5.737430168;1.041899441;1067;358;3.5348~7.0695;14000~135999;0
17457;*;*;1~8;8.010989011;1.014652015;697;273;3.5348~7.0695;258000~501999;0
17458;*;*;17~24;2.388797364;1.057660626;1258;607;0.0000~3.5347;197000~257999;0
17459;*;*;25~32;4.392628205;0.998397436;2272;624;0.0000~3.5347;197000~257999;0
17460;*;*;9~16;3.751219512;1.056910569;5723;615;0.0000~3.5347;14000~74999;0
17461;*;*;1~16;3.980676329;1.103059581;1292;621;0.0000~3.5347;197000~257999;0
17462;*;*;9~16;4.434782609;0.933503836;962;391;3.5348~7.0695;258000~501999;0
17463;*;*;9~16;3.981949458;0.976534296;1227;554;3.5348~7.0695;197000~257999;0
17464;*;*;17~24;4.850409836;1.008196721;1333;488;3.5348~7.0695;258000~318999;0
17465;*;*;17~24;6.063636364;1.106060606;1170;330;3.5348~7.0695;258000~318999;0
17466;*;*;17~24;5.923497268;1.019125683;934;366;3.5348~7.0695;258000~318999;0
17467;*;*;25~32;6.144654088;1.018867925;537;159;3.5348~7.0695;258000~318999;0
17468;*;*;25~32;7.361064892;1.024958403;1839;601;3.5348~7.0695;319000~379999;0
17469;*;*;25~32;5.942760943;1.013468013;1173;297;3.5348~7.0695;258000~318999;0
17470;*;*;25~32;7.465076661;1.052810903;1728;587;7.0696~10.6043;*;0
17471;*;*;17~24;7.615720524;0.986899563;1479;458;7.0696~10.6043;*;0
17472;*;*;17~24;7.172284644;1.037453184;724;267;3.5348~7.0695;319000~379999;0
17473;*;*;25~32;6.401084011;1.074525745;2394;738;3.5348~7.0695;258000~318999;0
17474;*;*;25~32;6.03030303;1.017316017;1669;462;3.5348~7.0695;258000~318999;0
17475;*;*;25~32;6.04206501;0.969407266;1514;523;3.5348~7.0695;258000~318999;0
17476;*;*;17~24;6.493939394;0.981818182;1073;330;3.5348~7.0695;380000~501999;0
17477;*;*;17~24;5.881516588;1.17535545;746;211;3.5348~7.0695;380000~501999;0
17478;*;*;1~32;3.481967213;1.013114754;1058;305;0.0000~3.5347;258000~501999;0
17479;*;*;1~32;2.967984934;1.092278719;1630;531;0.0000~3.5347;258000~501999;0
17480;*;*;25~32;4.529247911;1.044568245;1580;359;0.0000~3.5347;136000~196999;0
17481;*;*;17~24;6.452631579;0.994736842;1554;570;3.5348~7.0695;319000~379999;0
17482;*;*;17~24;5.674418605;1.051878354;1467;559;3.5348~7.0695;258000~318999;0
17483;*;*;17~24;6.803030303;1.009469697;1683;528;3.5348~7.0695;319000~379999;0
17484;*;*;25~32;4.725543478;1.092391304;599;368;0.0000~3.5347;197000~257999;0
17485;*;*;17~24;5.158986175;1.094470046;1016;434;3.5348~7.0695;258000~318999;0
17486;*;*;1~16;3.36013986;1.066433566;662;286;0.0000~3.5347;197000~257999;0
17487;*;*;9~16;3.910290237;0.910290237;669;379;0.0000~3.5347;75000~135999;0
17488;*;*;9~16;3.22095672;1.054669704;793;439;3.5348~7.0695;136000~196999;0
17489;*;*;25~32;3.913555992;1.043222004;1622;509;0.0000~3.5347;197000~257999;0
17490;*;*;33~40;3.097276265;1.093385214;567;257;*;258000~318999;0
17491;*;*;25~32;2.651162791;1.149501661;699;301;0.0000~3.5347;197000~257999;0
17492;*;*;17~24;6.018867925;1.044811321;1066;424;3.5348~7.0695;319000~379999;0
17493;*;*;25~32;8.212871287;1.091584158;1604;404;7.0696~10.6043;*;0
17494;*;*;17~24;8.168421053;1.092105263;1061;380;7.0696~10.6043;*;0
17495;*;*;25~32;6.427884615;1.007211538;1176;416;3.5348~7.0695;258000~318999;0
17496;*;*;25~32;5.514035088;0.942105263;1760;570;3.5348~7.0695;258000~318999;0
17497;*;*;17~24;6.266519824;1.101321586;1456;454;3.5348~7.0695;258000~318999;0
17498;*;*;25~32;4.786407767;1.01618123;977;309;3.5348~7.0695;258000~318999;0
17499;*;*;25~32;5.941908714;1.026970954;1364;482;3.5348~7.0695;319000~379999;0
17500;*;*;25~32;6.687037037;1.042592593;2089;540;3.5348~7.0695;258000~318999;0
17501;*;*;33~40;3.920962199;1.144329897;1028;291;*;136000~196999;1
17502;*;*;33~40;4.077540107;0.970588235;1075;374;*;136000~196999;1
17503;*;*;25~32;4.628301887;1.081132075;1845;530;3.5348~7.0695;197000~257999;1
17504;*;*;41~48;4.569863014;1.04109589;1143;365;*;136000~196999;1
17505;*;*;41~48;4.195833333;1.020833333;581;240;*;197000~257999;1
17506;*;*;49~56;4.6367713;1.071748879;531;223;*;197000~257999;1
17507;*;*;41~48;3.413114754;1.026229508;1396;610;*;136000~196999;1
17508;*;*;49~56;5.295275591;1.12992126;791;254;*;197000~257999;1
17509;*;*;49~56;3.765625;1.078125;385;64;*;197000~257999;1
17510;*;*;33~40;3.606060606;1.212121212;377;99;*;197000~257999;1
17511;*;*;41~48;3.994296578;0.996197719;1212;526;*;197000~257999;1
17512;*;*;49~56;5.967667436;1.133949192;1087;433;*;380000~440999;1
17513;*;*;49~56;5.943786982;1;841;338;*;258000~318999;1
17514;*;*;49~56;5.853754941;1.100790514;1215;506;*;258000~318999;1
17515;*;*;41~48;5.138297872;1.031914894;676;282;*;258000~318999;1
17516;*;*;41~48;5712;0.954666667;846;375;*;380000~501999;1
17517;*;*;33~40;5.990066225;1.049668874;863;302;*;319000~379999;1
17518;*;*;33~40;3.895017794;1.080071174;1193;562;*;197000~257999;1
17519;*;*;25~32;3.242857143;1.05;366;140;0.0000~3.5347;136000~196999;1
17520;*;*;49~56;6.43718593;1.030150754;973;398;*;319000~379999;1
17521;*;*;49~56;5.490956072;0.987080103;930;387;*;258000~318999;1
17522;*;*;33~40;4.191489362;0.936170213;152;47;*;197000~257999;1
17523;*;*;49~56;4.157894737;1.058270677;1195;532;*;197000~257999;1
17524;*;*;49~56;2.082278481;1.006329114;467;316;*;197000~257999;1
17525;*;*;9~16;3.71884058;1.130434783;718;345;3.5348~7.0695;136000~196999;1
17526;*;*;49~56;4.804761905;1.1;929;210;*;136000~196999;1
17527;*;*;33~40;2.848987109;1.151012891;1493;543;*;197000~257999;1
17528;*;*;1~16;2.684021544;0.991023339;1087;557;0.0000~3.5347;197000~257999;1
17529;*;*;33~40;3.012658228;1.090189873;3561;632;*;136000~196999;1
17530;*;*;41~48;3.683962264;1.035377358;1469;424;*;136000~196999;1
17531;*;*;41~48;3.235135135;1.124324324;898;370;*;136000~196999;1
17532;*;*;1~32;2.46875;1.102678571;851;448;0.0000~3.5347;258000~501999;1
17533;*;*;41~48;3.324766355;1.091121495;1013;428;*;197000~257999;1
17534;*;*;49~56;3.948863636;1.036931818;921;352;*;136000~196999;1
17535;*;*;41~48;4.933806147;0.95035461;1342;423;*;197000~257999;1
17536;*;*;49~56;4.41943734;0.895140665;1146;391;*;136000~196999;1
17537;*;*;41~48;4.750825083;1.041254125;2229;606;*;136000~196999;1
17538;*;*;41~48;4.856557377;1.213114754;933;244;*;136000~196999;1
17539;*;*;41~48;3.897683398;1.187258687;1243;518;*;136000~196999;1
17540;*;*;41~48;4.805309735;0.969026549;715;226;*;136000~196999;1
17541;*;*;33~40;4.526011561;1.083815029;1223;346;*;136000~196999;1
17542;*;*;41~48;3.874617737;1.079510703;1018;327;*;136000~196999;1
17543;*;*;49~56;4.145985401;1.01703163;1336;411;*;136000~196999;1
17544;*;*;49~56;5.652173913;1.038647343;604;207;*;319000~379999;1
17545;*;*;49~56;5.603092784;0.855670103;650;194;*;258000~318999;1
17546;*;*;33~40;4.899209486;1.06916996;1990;506;*;258000~318999;1
17547;*;*;49~56;3.81938326;1.022026432;1264;227;*;258000~318999;1
17548;*;*;25~32;3.664921466;1.084816754;3019;955;0.0000~3.5347;136000~196999;1
17549;*;*;41~48;4.374622356;0.996978852;1094;331;*;136000~196999;1
17550;*;*;49~56;3.587557604;0.976958525;1580;434;*;136000~196999;1
17551;*;*;25~32;3.217815741;0.991458206;6234;1639;0.0000~3.5347;136000~196999;1
17552;*;*;33~40;5.246543779;1.170506912;1718;434;*;136000~196999;1
17553;*;*;41~48;2.14673913;0.891304348;549;184;*;136000~196999;1
17554;*;*;33~40;3.069767442;1.073488372;3120;1075;*;197000~257999;1
17555;*;*;33~40;4.818740399;1.052227343;2048;651;*;258000~318999;1
17556;*;*;41~48;3.455072464;1.075362319;1084;345;*;197000~257999;1
17557;*;*;41~48;3.761764706;1.052941176;1254;340;*;136000~196999;1
17558;*;*;33~40;4.71627907;1.144186047;952;215;*;136000~196999;1
17559;*;*;25~32;3.821538462;1.04;1438;325;0.0000~3.5347;136000~196999;1
17560;*;*;33~40;3.42159383;0.961439589;1276;389;*;136000~196999;1
17561;*;*;41~48;5.36407767;1.169902913;982;206;*;136000~196999;1
17562;*;*;41~48;3.861660079;1.04743083;865;253;*;136000~196999;1
17563;*;*;49~56;5.12596401;1.038560411;1014;389;*;197000~257999;1
17564;*;*;49~56;4.796839729;0.972911964;1014;443;*;258000~318999;1
17565;*;*;41~48;4.378006873;1.075601375;971;291;*;197000~257999;1
17566;*;*;41~48;3.810714286;0.914285714;608;280;*;136000~196999;1
17567;*;*;1~16;3.725786164;1.129559748;1555;795;0.0000~3.5347;197000~257999;1
17568;*;*;49~56;3.208791209;1.081318681;1165;455;*;136000~196999;1
17569;*;*;33~40;3.134099617;1.030651341;576;261;*;197000~257999;1
17570;*;*;41~48;5.470982143;1.053571429;1163;448;*;197000~257999;1
17571;*;*;49~56;3.744475138;1.005524862;1607;724;*;136000~196999;1
17572;*;*;33~40;3.073529412;0.933823529;704;272;*;136000~196999;1
17573;*;*;25~32;3.850202429;1.12145749;1485;494;0.0000~3.5347;136000~196999;1
17574;*;*;25~32;3.558773424;1.091993186;1666;587;0.0000~3.5347;197000~257999;1
17575;*;*;49~56;5.483091787;1.038647343;500;207;*;197000~257999;1
17576;*;*;1~8;4.709163347;1.151394422;1102;502;3.5348~7.0695;197000~257999;1
17577;*;*;25~32;5.419354839;1.006451613;858;310;3.5348~7.0695;258000~318999;1
17578;*;*;25~32;5.367901235;1.004938272;2347;810;3.5348~7.0695;258000~318999;1
17579;*;*;1~16;5.582914573;1.135678392;317;199;0.0000~3.5347;197000~257999;1
17580;*;*;25~32;3.099431818;1;1638;704;0.0000~3.5347;197000~257999;1
17581;*;*;33~40;5.374233129;0.920245399;424;163;*;197000~257999;1
17582;*;*;25~32;4.375168691;1.052631579;2100;741;0.0000~3.5347;197000~257999;1
17583;*;*;9~16;4.230460922;0.971943888;1285;499;3.5348~7.0695;258000~501999;1
17584;*;*;25~32;3.45112782;1.077694236;969;399;0.0000~3.5347;197000~257999;1
17585;*;*;9~16;4.074949359;1.047265361;2946;1481;3.5348~7.0695;197000~257999;1
17586;*;*;9~16;3.850920245;1.068711656;3025;1630;3.5348~7.0695;197000~257999;1
17587;*;*;33~40;6.017291066;1.031700288;772;347;*;258000~318999;1
17588;*;*;33~40;4.510135135;1;635;296;*;319000~379999;1
17589;*;*;25~32;4.116710875;1.075596817;1488;754;3.5348~7.0695;319000~379999;1
17590;*;*;41~48;5.172881356;0.994915254;1373;590;*;319000~379999;1
17591;*;*;33~40;5.711811024;1.048818898;1531;635;*;319000~379999;1
17592;*;*;41~48;5.710344828;1.04137931;446;145;*;319000~379999;1
17593;*;*;25~32;5.172839506;1.054320988;829;405;3.5348~7.0695;319000~379999;1
17594;*;*;25~32;5.757009346;1.224299065;185;107;3.5348~7.0695;258000~318999;1
17595;*;*;33~40;6.045901639;1.114754098;719;305;*;197000~257999;1
17596;*;*;25~32;6.025390625;1.078125;1277;512;3.5348~7.0695;258000~318999;1
17597;*;*;41~48;5.769784173;1.021582734;639;278;*;258000~318999;1
17598;*;*;49~56;5.68956044;0.994505495;825;364;*;258000~318999;1
17599;*;*;41~48;4.871125612;1.022838499;1399;613;*;197000~257999;1
17600;*;*;49~56;5.25631769;0.971119134;582;277;*;258000~318999;1
17601;*;*;49~56;5.545774648;1;629;284;*;258000~318999;1
17602;*;*;41~48;4.799485861;1.023136247;927;389;*;197000~257999;1
17603;*;*;41~48;5.289817232;1.033942559;908;383;*;258000~318999;1
17604;*;*;41~48;5.502336449;0.995327103;961;428;*;258000~318999;1
17605;*;*;41~48;6.224056604;1.056603774;938;424;*;319000~379999;1
17606;*;*;33~40;4.625368732;1.03539823;710;339;*;258000~318999;1
17607;*;*;25~32;7.364754098;1;626;244;7.0696~10.6043;*;1
17608;*;*;33~40;6.228699552;1.00896861;623;223;*;258000~318999;1
17609;*;*;33~40;6.784172662;0.971223022;378;139;*;319000~379999;1
17610;*;*;33~40;5.981012658;0.943037975;371;158;*;319000~379999;1
17611;*;*;33~40;6.840625;0.959375;800;320;*;380000~440999;1
17612;*;*;17~24;6.065767285;1.119730185;1321;593;3.5348~7.0695;319000~379999;1
17613;*;*;33~40;5.070135747;0.988687783;989;442;*;258000~318999;1
17614;*;*;25~32;6.086956522;0.961352657;560;207;3.5348~7.0695;319000~379999;1
17615;*;*;33~40;6.13164557;0.936708861;1010;395;*;319000~379999;1
17616;*;*;9~16;3.968632371;1.04391468;1537;797;3.5348~7.0695;197000~257999;1
17617;*;*;17~24;3.498795181;1.071485944;1968;1245;3.5348~7.0695;197000~257999;1
17618;*;*;25~32;6.648837209;1.079069767;1144;430;3.5348~7.0695;319000~379999;1
17619;*;*;25~32;5.280442804;1.003690037;1387;542;3.5348~7.0695;258000~318999;1
17620;*;*;17~24;4.008298755;1.145228216;997;482;3.5348~7.0695;197000~257999;1
17621;*;*;33~40;5.885714286;1.091428571;537;175;*;197000~257999;1
17622;*;*;41~48;5.220843672;0.962779156;1137;403;*;197000~257999;1
17623;*;*;17~24;5.45106383;1.015602837;1850;705;3.5348~7.0695;258000~318999;1
17624;*;*;9~16;5.043296089;1.12150838;1599;716;3.5348~7.0695;197000~257999;1
17625;*;*;33~40;6.024390244;1.036585366;584;246;*;258000~318999;1
17626;*;*;9~16;5.348710991;1.016282225;1894;737;3.5348~7.0695;258000~501999;1
17627;*;*;33~40;6.766871166;1.073619632;446;163;*;258000~318999;1
17628;*;*;33~40;5.510548523;1.092827004;762;237;*;197000~257999;1
17629;*;*;33~40;6.062597809;1.026604069;1826;639;*;258000~318999;1
17630;*;*;25~32;5.820359281;1.026946108;975;334;3.5348~7.0695;197000~257999;1
17631;*;*;25~32;6.080321285;0.975903614;1284;498;3.5348~7.0695;258000~318999;1
17632;*;*;33~40;5.867620751;1.017889088;1583;559;*;197000~257999;1
17633;*;*;33~40;5.638297872;1.048632219;985;329;*;197000~257999;1
17634;*;*;25~32;4.702331962;1.032921811;1753;729;3.5348~7.0695;258000~318999;1
17635;*;*;25~32;7.571428571;0.956043956;2381;819;7.0696~10.6043;*;1
17636;*;*;25~32;6.283768445;0.978433598;2651;881;3.5348~7.0695;258000~318999;1
17637;*;*;25~32;5.715025907;1.116580311;2168;772;3.5348~7.0695;197000~257999;1
17638;*;*;25~32;6.949569496;1.004920049;2098;813;3.5348~7.0695;319000~379999;1
17639;*;*;25~32;7.020560748;0.813084112;1408;535;3.5348~7.0695;319000~379999;1
17640;*;*;33~40;5.799319728;0.991496599;1739;588;*;197000~257999;1
17641;*;*;25~32;5.53877551;1.024489796;1389;490;3.5348~7.0695;197000~257999;1
17642;*;*;17~24;5.187322611;1.020813623;2892;1057;3.5348~7.0695;197000~257999;1
17643;*;*;25~32;6.803598201;1.026986507;1996;667;3.5348~7.0695;258000~318999;1
17644;*;*;17~24;6.737878788;1.001515152;2062;660;3.5348~7.0695;258000~318999;1
17645;*;*;25~32;5.730820996;0.96769852;2290;743;3.5348~7.0695;258000~318999;1
17646;*;*;25~32;6.169934641;1.013071895;1790;612;3.5348~7.0695;258000~318999;1
17647;*;*;25~32;5.016372796;1.103274559;1989;794;3.5348~7.0695;197000~257999;1
17648;*;*;17~24;6.119909502;1.015837104;1180;442;3.5348~7.0695;258000~318999;1
17649;*;*;25~32;5.735384615;1.018461538;956;325;3.5348~7.0695;197000~257999;1
17650;*;*;25~32;4.576399395;1.042360061;1755;661;3.5348~7.0695;197000~257999;1
17651;*;*;9~16;4.079741379;1.049568966;1018;464;3.5348~7.0695;197000~257999;1
17652;*;*;9~16;4.128078818;1.160098522;710;406;3.5348~7.0695;197000~257999;1
17653;*;*;17~24;3872;0.96;631;250;0.0000~3.5347;197000~257999;1
17654;*;*;17~24;6.4;1.083076923;1040;325;3.5348~7.0695;258000~318999;1
17655;*;*;25~32;5.135693215;0.95280236;1007;339;3.5348~7.0695;197000~257999;1
17656;*;*;33~40;5.690384615;1.017307692;1125;520;*;258000~318999;1
17657;*;*;33~40;6.465240642;1.002673797;988;374;*;319000~379999;1
17658;*;*;33~40;6.362758621;1.033103448;2050;725;*;258000~318999;1
17659;*;*;33~40;5.664107486;1.015355086;1288;521;*;258000~318999;1
17660;*;*;25~32;6.198561151;1.031654676;2002;695;3.5348~7.0695;258000~318999;1
17661;*;*;25~32;5.752136752;0.954415954;1020;351;3.5348~7.0695;258000~318999;1
17662;*;*;17~24;6.571223022;0.989928058;2102;695;3.5348~7.0695;258000~318999;1
17663;*;*;25~32;6.611553785;1.057768924;1560;502;3.5348~7.0695;258000~318999;1
17664;*;*;25~32;6.701357466;1.158371041;688;221;3.5348~7.0695;197000~257999;1
17665;*;*;33~40;4.032894737;1.032894737;1528;456;*;136000~196999;1
17666;*;*;33~40;4.512269939;1.104294479;1182;326;*;136000~196999;1
17667;*;*;33~40;3.371698113;0.958490566;2113;530;*;136000~196999;1
17668;*;*;41~48;4.305447471;1.097276265;1920;514;*;136000~196999;1
17669;*;*;17~24;3.1024;1.0432;1808;625;0.0000~3.5347;75000~135999;1
17670;*;*;25~32;4.071090047;0.943127962;455;211;0.0000~3.5347;197000~257999;1
17671;*;*;1~8;4.200221239;1.088495575;2437;904;3.5348~7.0695;136000~196999;1
17672;*;*;9~16;4.285714286;1.476190476;134;84;0.0000~3.5347;75000~135999;1
17673;*;*;1~16;3.953010279;1.099853157;1674;681;0.0000~3.5347;136000~196999;1
17674;*;*;9~16;4.752830189;1.096226415;2094;530;3.5348~7.0695;136000~196999;1
17675;*;*;17~24;4.043557169;1.014519056;2845;551;0.0000~3.5347;136000~196999;1
17676;*;*;9~16;4.148308135;1.107271418;3979;1389;3.5348~7.0695;136000~196999;1
17677;*;*;9~16;3.551724138;1.039239001;4241;841;0.0000~3.5347;75000~135999;1
17678;*;*;17~24;5.485074627;1.179104478;597;134;3.5348~7.0695;136000~196999;1
17679;*;*;17~24;5.688679245;1.096226415;2491;530;3.5348~7.0695;136000~196999;1
17680;*;*;9~16;4.529126214;0.883495146;1835;412;3.5348~7.0695;197000~257999;1
17681;*;*;17~24;3.421338156;1.027124774;974;553;0.0000~3.5347;197000~257999;1
17682;*;*;17~24;4.714693295;1.068473609;2459;701;3.5348~7.0695;197000~257999;1
17683;*;*;9~16;5.11627907;1.014950166;2472;1204;3.5348~7.0695;136000~196999;1
17684;*;*;17~24;4.654867257;1.055309735;1476;904;0.0000~3.5347;75000~135999;1
17685;*;*;1~16;4.312594841;1.051593323;4203;1318;0.0000~3.5347;136000~196999;1
17686;*;*;17~24;4.280354707;1.054570259;4312;1466;0.0000~3.5347;136000~196999;1
17687;*;*;17~24;5.560457516;1.071895425;2829;612;3.5348~7.0695;136000~196999;1
17688;*;*;1~8;4.416541353;0.97443609;1780;665;3.5348~7.0695;136000~196999;1
17689;*;*;17~24;4.900178253;1.128342246;1779;561;3.5348~7.0695;136000~196999;1
17690;*;*;17~24;6.033998921;1.022665947;7817;1853;3.5348~7.0695;197000~257999;1
17691;*;*;17~24;5.986175115;0.97235023;825;217;3.5348~7.0695;197000~257999;1
17692;*;*;9~16;5.974924774;1.040120361;3838;997;3.5348~7.0695;197000~257999;1
17693;*;*;17~24;5.395734597;1.014218009;1887;422;3.5348~7.0695;197000~257999;1
17694;*;*;33~40;6.048421053;1.029473684;1946;475;*;136000~196999;1
17695;*;*;9~16;4.469437653;1.107579462;1356;409;3.5348~7.0695;14000~135999;1
17696;*;*;17~24;4.555248619;1.127071823;1729;362;0.0000~3.5347;75000~135999;1
17697;*;*;33~40;4.272030651;0.957854406;1168;261;*;136000~196999;1
17698;*;*;17~24;3.38974359;1.067948718;2317;780;0.0000~3.5347;136000~196999;1
17699;*;*;25~32;4.962962963;0.87037037;1336;270;3.5348~7.0695;136000~196999;1
17700;*;*;17~24;5.061403509;1.010964912;2223;456;3.5348~7.0695;136000~196999;1
17701;*;*;9~16;5.332480818;1.007672634;1705;391;3.5348~7.0695;197000~257999;1
17702;*;*;17~24;3.16080402;1.112227806;1906;597;0.0000~3.5347;136000~196999;1
17703;*;*;17~24;4.764568765;0.937062937;1925;429;3.5348~7.0695;136000~196999;1
17704;*;*;9~16;5.16838488;1.010309278;1267;291;3.5348~7.0695;197000~257999;1
17705;*;*;1~16;4.956442831;1.049001815;1109;551;0.0000~3.5347;136000~196999;1
17706;*;*;9~16;4.981627297;1.036745407;1527;381;3.5348~7.0695;197000~257999;1
17707;*;*;25~32;4.9375;0.998046875;2677;512;3.5348~7.0695;136000~196999;1
17708;*;*;1~16;4.028938907;1.001607717;2634;622;0.0000~3.5347;197000~257999;1
17709;*;*;17~24;5.204761905;1.026984127;2582;630;3.5348~7.0695;136000~196999;1
17710;*;*;25~32;5.257009346;0.981308411;943;214;3.5348~7.0695;136000~196999;1
17711;*;*;1~16;7.184415584;1.01038961;3651;770;7.0696~10.6043;*;1
17712;*;*;25~32;5.885304659;1.064516129;1146;279;3.5348~7.0695;197000~257999;1
17713;*;*;17~24;6.632098765;1.022222222;1507;405;3.5348~7.0695;258000~318999;1
17714;*;*;17~24;6.247678019;1.015479876;1196;323;3.5348~7.0695;258000~318999;1
17715;*;*;9~16;5.854736842;1.048421053;1389;475;3.5348~7.0695;197000~257999;1
17716;*;*;17~24;6.53;0.973333333;891;300;7.0696~10.6043;*;1
17717;*;*;17~24;10.58152174;1.358695652;605;184;7.0696~10.6043;*;1
17718;*;*;1~16;6.771929825;1.039473684;1799;456;7.0696~10.6043;*;1
17719;*;*;1~16;6.723404255;0.995744681;1675;470;7.0696~10.6043;*;1
17720;*;*;9~16;7.64354067;0.980861244;1774;418;3.5348~7.0695;258000~501999;1
17721;*;*;9~16;6.140206186;1.041237113;1794;485;3.5348~7.0695;258000~501999;1
17722;*;*;17~24;5.624610592;0.956386293;2381;642;3.5348~7.0695;197000~257999;1
17723;*;*;9~16;6.289272031;1.053639847;2491;522;3.5348~7.0695;258000~501999;1
17724;*;*;9~16;7.329015544;1.020725389;1510;386;3.5348~7.0695;258000~501999;1
17725;*;*;17~24;4.936127745;0.9500998;2228;501;3.5348~7.0695;197000~257999;1
17726;*;*;17~24;5.645061728;1.067901235;1277;324;3.5348~7.0695;197000~257999;1
17727;*;*;9~16;4.951739618;1.037037037;2698;891;3.5348~7.0695;197000~257999;1
17728;*;*;1~8;4.905335628;0.965576592;2160;581;3.5348~7.0695;197000~257999;1
17729;*;*;17~24;7.055813953;1.048837209;1669;430;3.5348~7.0695;197000~257999;1
17730;*;*;1~8;5.958393113;1.031563845;2435;697;3.5348~7.0695;258000~501999;1
17731;*;*;9~16;5.389048991;1.002881844;1214;347;3.5348~7.0695;136000~196999;1
17732;*;*;9~16;4.835579515;0.986522911;1533;371;3.5348~7.0695;197000~257999;1
17733;*;*;9~16;5.299120235;1.108504399;1277;341;3.5348~7.0695;136000~196999;1
17734;*;*;9~16;6.121621622;1.006756757;605;148;3.5348~7.0695;197000~257999;1
17735;*;*;9~16;5.55907781;0.994236311;1683;347;3.5348~7.0695;197000~257999;1
17736;*;*;17~24;6.76092545;1.146529563;1789;389;3.5348~7.0695;197000~257999;1
17737;*;*;17~24;5.696891192;0.935233161;1270;386;3.5348~7.0695;197000~257999;1
17738;*;*;25~32;6.192307692;0.878698225;983;338;3.5348~7.0695;258000~318999;1
17739;*;*;9~16;6.036423841;1.048565121;3083;906;3.5348~7.0695;197000~257999;1
17740;*;*;17~24;5.365853659;1.048780488;431;123;3.5348~7.0695;197000~257999;1
17741;*;*;9~16;7.289962825;1.040892193;985;269;3.5348~7.0695;258000~501999;1
17742;*;*;1~8;6.511551155;1.082508251;1047;303;3.5348~7.0695;258000~501999;1
17743;*;*;9~16;7.169565217;0.991304348;769;230;3.5348~7.0695;258000~501999;1
17744;*;*;1~16;6.932721713;1.064220183;1150;327;7.0696~10.6043;*;1
17745;*;*;1~8;7.181262729;1.138492872;1378;491;3.5348~7.0695;258000~501999;1
17746;*;*;17~24;4.582697201;1.055979644;548;393;0.0000~3.5347;75000~135999;1
17747;*;*;1~8;5.778129952;1.02614897;2468;1262;3.5348~7.0695;258000~501999;1
17748;*;*;9~16;5.02027027;1.047297297;455;296;3.5348~7.0695;197000~257999;1
17749;*;*;33~40;4.739534884;0.888372093;938;215;*;136000~196999;1
17750;*;*;25~32;4.842271293;1.041009464;1937;317;3.5348~7.0695;136000~196999;1
17751;*;*;25~32;4.649038462;0.980769231;2059;416;3.5348~7.0695;136000~196999;1
17752;*;*;17~24;4.056049822;1.034697509;5124;1124;0.0000~3.5347;136000~196999;1
17753;*;*;17~24;4.038664323;1.010544815;2409;569;0.0000~3.5347;136000~196999;1
17754;*;*;17~24;5.381188119;1.022630835;6034;1414;3.5348~7.0695;136000~196999;1
17755;*;*;25~32;5.365740741;1.035493827;2990;648;3.5348~7.0695;136000~196999;1
17756;*;*;25~32;4.981288981;0.93970894;2000;481;3.5348~7.0695;136000~196999;1
17757;*;*;25~32;6.156657963;1.083550914;1562;383;3.5348~7.0695;136000~196999;1
17758;*;*;17~24;5.895104895;0.986013986;1756;429;3.5348~7.0695;197000~257999;1
17759;*;*;25~32;4.775665399;1;3033;526;3.5348~7.0695;136000~196999;1
17760;*;*;25~32;5.177152318;1.009933775;3257;604;3.5348~7.0695;136000~196999;1
17761;*;*;17~24;5.185425101;0.99757085;6047;1235;3.5348~7.0695;136000~196999;1
17762;*;*;25~32;5.651376147;1.036697248;1952;327;3.5348~7.0695;136000~196999;1
17763;*;*;33~40;4.150442478;1.07079646;769;226;*;136000~196999;1
17764;*;*;33~40;4.018487395;1.016806723;1886;595;*;136000~196999;1
17765;*;*;41~48;4.302521008;1.039215686;1256;357;*;136000~196999;1
17766;*;*;25~32;3.787723785;1.046035806;1505;391;0.0000~3.5347;136000~196999;1
17767;*;*;17~24;3.824146982;1.007874016;2962;762;0.0000~3.5347;136000~196999;1
17768;*;*;25~32;4.529639175;1.039948454;3572;776;0.0000~3.5347;136000~196999;1
17769;*;*;17~24;3.924418605;1.008139535;4610;860;0.0000~3.5347;136000~196999;1
17770;*;*;1~16;3.912751678;1.018216683;8793;2086;0.0000~3.5347;197000~257999;1
17771;*;*;1~16;3.130311615;0.98394712;2749;1059;0.0000~3.5347;136000~196999;1
17772;*;*;1~16;3.035679846;1.076181292;3556;1037;0.0000~3.5347;136000~196999;1
17773;*;*;17~24;3.404017857;1.082589286;1705;448;3.5348~7.0695;14000~135999;1
17774;*;*;9~16;3.47446458;0.975288303;2744;607;3.5348~7.0695;197000~257999;1
17775;*;*;25~32;4.525423729;1.011299435;1179;354;3.5348~7.0695;136000~196999;1
17776;*;*;33~40;3.948186528;0.943005181;611;193;*;197000~257999;1
17777;*;*;9~16;5.161033797;1.021073559;8190;2515;3.5348~7.0695;258000~501999;1
17778;*;*;25~32;6.284414107;1.039817975;2848;879;3.5348~7.0695;197000~257999;1
17779;*;*;9~16;4.351669941;0.974459725;3278;1018;3.5348~7.0695;197000~257999;1
17780;*;*;33~40;4.940828402;1.071005917;781;169;*;136000~196999;1
17781;*;*;25~32;4.558343789;1.057716437;2677;797;0.0000~3.5347;136000~196999;1
17782;*;*;41~48;6.081481481;1.103703704;370;135;*;197000~257999;1
17783;*;*;41~48;5.662790698;1.100775194;800;258;*;136000~196999;1
17784;*;*;41~48;5.132780083;0.962655602;900;241;*;136000~196999;1
17785;*;*;25~32;4.473087819;0.960339943;1252;353;3.5348~7.0695;197000~257999;1
17786;*;*;33~40;5.608391608;1.041958042;445;143;*;136000~196999;1
17787;*;*;25~32;4.786982249;1.047337278;3036;845;0.0000~3.5347;136000~196999;1
17788;*;*;17~24;4.488027366;0.980615735;3508;877;3.5348~7.0695;136000~196999;1
17789;*;*;25~32;4.517829457;1.108527132;3547;645;3.5348~7.0695;136000~196999;1
17790;*;*;41~48;5125;0.924342105;970;304;*;197000~257999;1
17791;*;*;25~32;5.766409266;1.040540541;1931;518;3.5348~7.0695;197000~257999;1
17792;*;*;33~40;5.027863777;1.043343653;1412;323;*;136000~196999;1
17793;*;*;33~40;5.285302594;1.086455331;1450;347;*;136000~196999;1
17794;*;*;41~48;5.022413793;0.994827586;1873;580;*;136000~196999;1
17795;*;*;33~40;7.418060201;0.956521739;827;299;*;441000~501999;1
17796;*;*;33~40;7.157439446;1.100346021;1569;578;*;258000~318999;1
17797;*;*;25~32;5.773497689;1.024653313;1687;649;3.5348~7.0695;319000~379999;1
17798;*;*;1~32;7.916666667;1.055555556;244;72;10.6044~16.0000;*;1
17799;*;*;25~32;6.273764259;0.935361217;768;263;3.5348~7.0695;319000~379999;1
17800;*;*;17~24;6.206451613;0.941935484;492;155;7.0696~10.6043;*;1
17801;*;*;17~24;7.019230769;1.013461538;1637;520;3.5348~7.0695;319000~379999;1
17802;*;*;17~24;8.197943445;1.079691517;1234;389;7.0696~10.6043;*;1
17803;*;*;9~16;5.243243243;1.137214137;1591;481;3.5348~7.0695;258000~501999;1
17804;*;*;9~16;5.926339286;1.087053571;1862;448;3.5348~7.0695;197000~257999;1
17805;*;*;9~16;4.605263158;1.074561404;722;228;3.5348~7.0695;136000~196999;1
17806;*;*;9~16;6.214421252;1.003795066;1863;527;3.5348~7.0695;258000~501999;1
17807;*;*;1~16;5.942959002;1.007130125;2240;561;7.0696~10.6043;*;1
17808;*;*;17~24;6.629233512;1.048128342;2089;561;3.5348~7.0695;258000~318999;1
17809;*;*;9~16;6.310714286;0.957142857;1061;280;3.5348~7.0695;258000~501999;1
17810;*;*;17~24;5.710451977;1.079096045;2196;708;3.5348~7.0695;258000~318999;1
17811;*;*;9~16;3.214457831;0.937349398;1103;415;3.5348~7.0695;197000~257999;1
17812;*;*;17~24;5.401215805;0.996960486;1235;329;3.5348~7.0695;258000~318999;1
17813;*;*;9~16;5.74015748;1.015091864;4784;1524;3.5348~7.0695;258000~501999;1
17814;*;*;9~16;7.133079848;1.087452471;1581;526;3.5348~7.0695;258000~501999;1
17815;*;*;25~32;6.801089918;0.95640327;1034;367;3.5348~7.0695;319000~379999;1
17816;*;*;25~32;6.785454545;0.985454545;840;275;3.5348~7.0695;258000~318999;1
17817;*;*;25~32;7.15625;0.9375;492;160;3.5348~7.0695;319000~379999;1
17818;*;*;9~16;4.874796748;0.980487805;1606;615;3.5348~7.0695;136000~196999;1
17819;*;*;41~48;3;1;26;14;*;380000~501999;1
17820;*;*;17~24;1.130434783;1.043478261;120;69;0.0000~3.5347;136000~196999;1
17821;*;*;9~16;4.571428571;1.066869301;3258;1316;3.5348~7.0695;258000~501999;1
17822;*;*;1~16;8.056485356;1.117154812;2052;478;7.0696~10.6043;*;1
17823;*;*;9~16;5.017114914;0.990220049;1380;409;3.5348~7.0695;136000~196999;1
17824;*;*;1~8;4.420233463;1.420233463;535;257;3.5348~7.0695;258000~501999;1
17825;*;*;9~16;4.694714882;0.302503477;4240;1438;3.5348~7.0695;197000~257999;1
17826;*;*;1~8;4.826262626;1.057575758;2522;990;3.5348~7.0695;258000~501999;1
17827;*;*;1~8;5.530586767;1.049937578;2559;801;3.5348~7.0695;258000~501999;1
17828;*;*;9~16;6.410187668;0.989276139;1419;373;3.5348~7.0695;258000~501999;1
17829;*;*;17~24;5.392996109;1.011673152;946;257;3.5348~7.0695;258000~318999;1
17830;*;*;25~32;6.778597786;1.025830258;1006;271;3.5348~7.0695;258000~318999;1
17831;*;*;17~24;5.783870968;1.029032258;1145;310;3.5348~7.0695;197000~257999;1
17832;*;*;9~16;5.172535211;1.036971831;1718;568;3.5348~7.0695;136000~196999;1
17833;*;*;17~24;5.486005089;1.106870229;1400;393;3.5348~7.0695;197000~257999;1
17834;*;*;9~16;5.415540541;0.969594595;1080;296;3.5348~7.0695;258000~501999;1
17835;*;*;1~16;5.661596958;0.996197719;945;263;7.0696~10.6043;*;1
17836;*;*;9~16;5.454751131;0.950226244;1671;442;3.5348~7.0695;258000~501999;1
17837;*;*;9~16;5.775956284;1.00273224;2594;732;3.5348~7.0695;258000~501999;1
17838;*;*;1~8;4.014634146;0.995121951;853;410;3.5348~7.0695;258000~501999;1
17839;*;*;1~16;6.73943662;0.978873239;532;142;7.0696~10.6043;*;1
17840;*;*;1~16;6.961538462;1.195054945;1527;364;7.0696~10.6043;*;1
17841;*;*;17~24;4.293316832;1.108910891;2762;808;0.0000~3.5347;197000~257999;1
17842;*;*;25~32;5.416842105;0.997894737;1898;475;3.5348~7.0695;197000~257999;1
17843;*;*;17~24;6.127214171;0.959742351;2118;621;3.5348~7.0695;197000~257999;1
17844;*;*;1~16;7.745454545;1.109090909;241;55;7.0696~10.6043;*;1
17845;*;*;17~24;5.945098039;1.035294118;6810;2040;3.5348~7.0695;258000~318999;1
17846;*;*;17~24;6.080882353;1.007352941;1891;544;3.5348~7.0695;197000~257999;1
17847;*;*;17~24;4.922137405;0.995419847;2183;655;3.5348~7.0695;197000~257999;1
17848;*;*;17~24;6.282147316;1.008739076;2695;801;3.5348~7.0695;258000~318999;1
17849;*;*;25~32;6.144244105;1.0110957;2685;721;3.5348~7.0695;258000~318999;1
17850;*;*;17~24;5.532423208;1.020477816;1028;293;3.5348~7.0695;136000~196999;1
17851;*;*;17~24;3.42893401;0.944162437;1427;394;3.5348~7.0695;136000~196999;1
17852;*;*;25~32;4.596875;1.0875;1089;320;3.5348~7.0695;197000~257999;1
17853;*;*;17~24;5.019157088;1.022988506;910;261;3.5348~7.0695;197000~257999;1
17854;*;*;1~16;8.166666667;1;705;186;7.0696~10.6043;*;1
17855;*;*;1~32;7.978070175;1.074561404;802;228;10.6044~16.0000;*;1
17856;*;*;9~16;4.67822736;0.988439306;1687;519;3.5348~7.0695;197000~257999;1
17857;*;*;9~16;6.281818182;1.039393939;1107;330;3.5348~7.0695;258000~501999;1
17858;*;*;41~48;5.6875;0.75;58;16;*;380000~501999;1
17859;*;*;25~32;4.676470588;1.005882353;1788;510;3.5348~7.0695;197000~257999;1
17860;*;*;25~32;6.017429194;1.080610022;1716;459;3.5348~7.0695;197000~257999;1
17861;*;*;17~24;6.464379947;1.073878628;2984;758;3.5348~7.0695;258000~318999;1
17862;*;*;9~16;6.417391304;0.969565217;1525;460;3.5348~7.0695;258000~501999;1
17863;*;*;17~24;4.478723404;1.029255319;1224;376;3.5348~7.0695;136000~196999;1
17864;*;*;17~24;5.276053215;1.021064302;3188;902;3.5348~7.0695;197000~257999;1
17865;*;*;25~32;5.714285714;1.142857143;52;7;7.0696~10.6043;*;1
17866;*;*;1~16;3.929141717;1.051896208;2032;1002;0.0000~3.5347;197000~257999;1
17867;*;*;25~32;6.003597122;0.992805755;951;278;3.5348~7.0695;197000~257999;1
17868;*;*;17~24;4.491735537;1;1645;484;3.5348~7.0695;197000~257999;1
17869;*;*;17~24;5.008264463;1.037190083;799;242;3.5348~7.0695;197000~257999;1
17870;*;*;33~40;5.754639175;1.022680412;1714;485;*;197000~257999;1
17871;*;*;17~24;4.876988335;1.045599152;2756;943;0.0000~3.5347;197000~257999;0
17872;*;*;17~24;4.612844037;1.060550459;2205;545;0.0000~3.5347;136000~196999;1
17873;*;*;17~24;5.772727273;1.272727273;219;22;3.5348~7.0695;14000~135999;1
17874;*;*;17~24;4.703216374;1.007309942;1196;684;0.0000~3.5347;197000~257999;1
17875;*;*;33~40;5.820189274;1.025236593;1343;317;*;197000~257999;1
17876;*;*;25~32;4.385194479;1.04642409;2484;797;3.5348~7.0695;197000~257999;1
17877;*;*;33~40;4.809069212;1.155131265;1285;419;*;197000~257999;1
17878;*;*;9~16;9.363636364;2.185686654;813;517;3.5348~7.0695;136000~196999;1
17879;*;*;17~24;5.290289256;1.050619835;1470;968;0.0000~3.5347;75000~135999;1
17880;*;*;17~24;4.885875706;0.964971751;1656;885;3.5348~7.0695;197000~257999;1
17881;*;*;33~40;4.849056604;0.937106918;1164;318;*;197000~257999;1
17882;*;*;17~24;4.59929078;1.053191489;441;282;0.0000~3.5347;14000~74999;1
17883;*;*;33~40;4.963133641;0.933179724;1655;434;*;197000~257999;1
17884;*;*;17~24;5.328903654;1.024916944;2286;602;3.5348~7.0695;197000~257999;1
17885;*;*;17~24;5.510318949;1.046904315;1662;533;3.5348~7.0695;197000~257999;1
17886;*;*;17~24;4.336134454;0.962184874;658;238;3.5348~7.0695;197000~257999;1
17887;*;*;17~24;5.391752577;0.962886598;3795;970;3.5348~7.0695;258000~318999;1
17888;*;*;17~24;4.346590909;1125;390;176;0.0000~3.5347;75000~135999;1
17889;*;*;9~16;5.265206813;1.00243309;1087;411;3.5348~7.0695;136000~196999;1
17890;*;*;9~16;5.118335501;1.024707412;1910;769;3.5348~7.0695;14000~135999;1
17891;*;*;33~40;11.38461538;2.153846154;132;13;0.0000~3.5347;14000~74999;1
17892;*;*;41~48;4.783382789;1.050445104;1940;674;*;197000~257999;1
17893;*;*;41~48;6.1875;1;158;32;*;136000~196999;1
17894;*;*;33~40;3.511811024;1.015748031;317;127;*;197000~257999;1
17895;*;*;25~32;4.055137845;1.042606516;2230;798;3.5348~7.0695;197000~257999;1
17896;*;*;25~32;3.677966102;1.012711864;2267;944;0.0000~3.5347;197000~257999;1
17897;*;*;33~40;4.710594315;1.059431525;1589;387;*;197000~257999;1
17898;*;*;41~48;4.575221239;1.095132743;946;452;*;197000~257999;1
17899;*;*;33~40;4.987915408;1.039274924;1062;331;*;197000~257999;1
17900;*;*;25~32;5.037815126;0.962184874;814;238;3.5348~7.0695;197000~257999;1
17901;*;*;33~40;5;1.015075377;615;199;*;197000~257999;1
17902;*;*;25~32;3.384180791;1.013182674;1610;531;3.5348~7.0695;197000~257999;1
17903;*;*;17~24;5.261956522;0.97173913;2656;920;3.5348~7.0695;197000~257999;1
17904;*;*;33~40;5.74025974;0.993506494;534;154;*;258000~318999;1
17905;*;*;33~40;5.856697819;1.152647975;926;321;*;258000~318999;1
17906;*;*;9~16;4.214046823;1.107859532;3150;1196;3.5348~7.0695;258000~501999;1
17907;*;*;33~40;4.109872611;0.992038217;1598;628;*;258000~318999;1
17908;*;*;33~40;6.680327869;1.032786885;353;122;*;258000~318999;1
17909;*;*;33~40;5625;0.985294118;306;136;*;197000~257999;1
17910;*;*;33~40;5.764119601;1.056478405;1019;301;*;197000~257999;1
17911;*;*;33~40;5.925093633;1.018726592;809;267;*;258000~318999;1
17912;*;*;33~40;5.986111111;1.032407407;701;216;*;258000~318999;1
17913;*;*;33~40;5.55984556;1.030888031;743;259;*;197000~257999;1
17914;*;*;25~32;5.315151515;0.981818182;917;330;3.5348~7.0695;258000~318999;1
17915;*;*;33~40;5.146341463;1.064301552;1230;451;*;258000~318999;1
17916;*;*;33~40;4.22906793;1.017377567;1469;633;*;258000~318999;1
17917;*;*;33~40;5.556768559;1.019650655;1287;458;*;258000~318999;1
17918;*;*;41~48;4.423076923;0.957692308;729;260;*;258000~318999;1
17919;*;*;17~24;3.665952891;1.08993576;972;467;3.5348~7.0695;197000~257999;1
17920;*;*;9~16;3.863258026;1.126040428;1637;841;3.5348~7.0695;197000~257999;1
17921;*;*;25~32;4.504424779;0.958702065;707;339;3.5348~7.0695;197000~257999;1
17922;*;*;33~40;5.636363636;1.032085561;546;187;*;197000~257999;1
17923;*;*;25~32;5.064766839;1.126943005;999;386;3.5348~7.0695;258000~318999;1
17924;*;*;33~40;4.691195795;1.019710907;1922;761;*;197000~257999;1
17925;*;*;17~24;4.027256208;1.036947305;3604;1651;3.5348~7.0695;258000~318999;1
17926;*;*;25~32;4.01878453;1.030939227;2249;905;3.5348~7.0695;258000~318999;1
17927;*;*;33~40;5.46728972;1.012461059;699;321;*;197000~257999;1
17928;*;*;33~40;4.609329446;0.634110787;1553;686;*;258000~318999;1
17929;*;*;33~40;5.056680162;0.939271255;556;247;*;258000~318999;1
17930;*;*;25~32;5.455882353;1.007352941;673;272;3.5348~7.0695;258000~318999;1
17931;*;*;33~40;3.943127962;1;545;211;*;197000~257999;1
17932;*;*;49~56;4.136986301;1.03652968;1662;219;*;197000~257999;1
17933;*;*;17~24;3.526605505;1.029357798;1096;545;0.0000~3.5347;197000~257999;1
17934;*;*;41~48;4.387323944;1.035211268;697;284;*;197000~257999;1
17935;*;*;41~48;4.689768977;1.089108911;659;303;*;197000~257999;1
17936;*;*;49~56;4.841463415;1.06300813;1096;492;*;197000~257999;1
17937;*;*;41~48;4.685344828;0.905172414;1304;464;*;258000~318999;1
17938;*;*;25~32;4.263888889;1.077020202;1674;792;0.0000~3.5347;197000~257999;1
17939;*;*;41~48;4.586353945;1.008528785;1092;469;*;197000~257999;1
17940;*;*;33~40;5.258333333;0.997222222;797;360;*;197000~257999;1
17941;*;*;33~40;5.235632184;0.945402299;845;348;*;197000~257999;1
17942;*;*;33~40;5.610714286;1.128571429;1372;560;*;197000~257999;1
17943;*;*;25~32;4.316570486;1.088211047;2529;1213;0.0000~3.5347;197000~257999;1
17944;*;*;1~32;4.174496644;1.040268456;821;447;0.0000~3.5347;258000~501999;1
17945;*;*;33~40;5.194444444;0.882716049;740;324;*;258000~318999;1
17946;*;*;25~32;4.69683908;1.132183908;1427;696;3.5348~7.0695;258000~318999;1
17947;*;*;33~40;5.109131403;0.915367483;1054;449;*;258000~318999;1
17948;*;*;41~48;5336;1072;942;375;*;197000~257999;1
17949;*;*;33~40;5275;0.95625;373;160;*;197000~257999;1
17950;*;*;17~24;4.958659218;1.049162011;1901;895;3.5348~7.0695;258000~318999;1
17951;*;*;33~40;5.293478261;1.083333333;739;276;*;197000~257999;1
17952;*;*;33~40;5.022727273;0.962121212;293;132;*;197000~257999;1
17953;*;*;25~32;5.510416667;0.9625;1506;480;3.5348~7.0695;319000~379999;1
17954;*;*;25~32;5.930269414;1.003169572;1721;631;3.5348~7.0695;258000~318999;1
17955;*;*;25~32;5.399355878;1.051529791;1571;621;3.5348~7.0695;258000~318999;1
17956;*;*;17~24;5.429790026;1.027559055;3636;1524;3.5348~7.0695;258000~318999;1
17957;*;*;25~32;5.353820598;1.016611296;1529;602;3.5348~7.0695;258000~318999;1
17958;*;*;33~40;6.092651757;1.041533546;912;313;*;258000~318999;1
17959;*;*;33~40;5.720634921;0.923809524;841;315;*;258000~318999;1
17960;*;*;33~40;4.995061728;1.049382716;1016;405;*;258000~318999;1
17961;*;*;25~32;5.80060423;0.950151057;1883;662;3.5348~7.0695;319000~379999;1
17962;*;*;25~32;5.602534562;1.038018433;2110;868;3.5348~7.0695;319000~379999;1
17963;*;*;25~32;5.341719078;1.059748428;2588;954;3.5348~7.0695;319000~379999;1
17964;*;*;17~24;4.437443336;1.156844968;4748;2206;3.5348~7.0695;258000~318999;1
17965;*;*;17~24;5.521039604;1.069306931;2042;808;3.5348~7.0695;197000~257999;1
17966;*;*;25~32;5.365155131;1.097852029;1191;419;3.5348~7.0695;258000~318999;1
17967;*;*;33~40;5424;0.957333333;1016;375;*;258000~318999;1
17968;*;*;25~32;6.198113208;0.947169811;1443;530;3.5348~7.0695;319000~379999;1
17969;*;*;17~24;3.532110092;1.073394495;2672;1308;3.5348~7.0695;197000~257999;1
17970;*;*;9~16;3.151012891;0.907918969;1094;543;3.5348~7.0695;197000~257999;1
17971;*;*;33~40;5.038961039;0.861471861;619;231;*;258000~318999;1
17972;*;*;1~32;6.61849711;1.144508671;431;173;0.0000~3.5347;258000~501999;1
17973;*;*;25~32;4.636058231;0.48712206;2135;893;3.5348~7.0695;258000~318999;1
17974;*;*;25~32;6.282798834;0.988338192;1819;686;3.5348~7.0695;319000~379999;1
17975;*;*;25~32;5.425383543;0.991631799;1898;717;3.5348~7.0695;258000~318999;1
17976;*;*;17~24;4.361349342;1.238421955;3637;1749;3.5348~7.0695;258000~318999;1
17977;*;*;25~32;5.074692443;1.076449912;3580;1138;3.5348~7.0695;258000~318999;1
17978;*;*;1~32;4.170229008;1.03129771;2758;1310;0.0000~3.5347;258000~501999;1
17979;*;*;33~40;4.93877551;1.142857143;351;147;*;258000~318999;1
17980;*;*;25~32;4.360082305;1.03909465;1914;972;3.5348~7.0695;258000~318999;1
17981;*;*;25~32;4.357522124;1.008849558;1278;565;3.5348~7.0695;319000~379999;1
17982;*;*;25~32;6.8671875;0.96875;814;256;3.5348~7.0695;319000~379999;1
17983;*;*;17~24;4.147378833;1.056379822;2487;1011;3.5348~7.0695;258000~318999;1
17984;*;*;1~32;4.395770393;1.117824773;734;331;0.0000~3.5347;258000~501999;1
17985;*;*;1~32;4.00070922;1.075886525;3786;1410;0.0000~3.5347;258000~501999;1
17986;*;*;17~24;4.198609732;0.999006951;2334;1007;3.5348~7.0695;197000~257999;1
17987;*;*;17~24;4.16211878;1.02247191;1249;623;3.5348~7.0695;197000~257999;1
17988;*;*;17~24;4.034090909;1.068181818;363;176;3.5348~7.0695;197000~257999;1
17989;*;*;17~24;5.15503876;1.050387597;408;258;0.0000~3.5347;136000~196999;1
17990;*;*;49~56;5.395833333;1.027777778;362;144;*;258000~318999;1
17991;*;*;9~16;4.306590258;1.091690544;715;349;3.5348~7.0695;197000~257999;1
17992;*;*;1~32;4.531553398;0.986650485;1834;824;0.0000~3.5347;258000~501999;1
17993;*;*;17~24;4.00855676;1.053622362;3759;1753;0.0000~3.5347;197000~257999;1
17994;*;*;25~32;5.377567141;1.09478673;1794;633;3.5348~7.0695;258000~318999;1
17995;*;*;33~40;6.30952381;1.038690476;907;336;*;258000~318999;1
17996;*;*;1~32;4.166666667;1.006060606;1459;660;0.0000~3.5347;258000~501999;1
17997;*;*;33~40;6.178343949;1.041401274;877;314;*;258000~318999;1
17998;*;*;25~32;7.331775701;1.082554517;1995;642;3.5348~7.0695;258000~318999;1
17999;*;*;25~32;5.54109589;0.920091324;1301;438;3.5348~7.0695;258000~318999;1
18000;*;*;1~32;3.862745098;1.009803922;620;306;0.0000~3.5347;258000~501999;1
18001;*;*;25~32;5.948387097;1.020967742;1877;620;3.5348~7.0695;258000~318999;1
18002;*;*;25~32;6.376130199;1.065099458;1725;553;3.5348~7.0695;258000~318999;1
18003;*;*;25~32;5.747553816;0.97260274;1454;511;3.5348~7.0695;258000~318999;1
18004;*;*;25~32;6.091476091;1;1336;481;3.5348~7.0695;319000~379999;1
18005;*;*;17~24;4.792408066;1;2181;843;3.5348~7.0695;258000~318999;1
18006;*;*;25~32;4.868804665;1.071428571;1891;686;3.5348~7.0695;258000~318999;1
18007;*;*;17~24;4.492753623;0.952898551;690;276;3.5348~7.0695;258000~318999;1
18008;*;*;25~32;5.527665317;1.002699055;2027;741;3.5348~7.0695;258000~318999;1
18009;*;*;1~32;4.212074303;1.055727554;1602;646;0.0000~3.5347;258000~501999;1
18010;*;*;17~24;5.873076923;1.026923077;775;260;3.5348~7.0695;258000~318999;1
18011;*;*;25~32;5.662983425;1.038674033;1633;543;3.5348~7.0695;258000~318999;1
18012;*;*;25~32;5.337349398;0.97188755;1318;498;3.5348~7.0695;258000~318999;1
18013;*;*;25~32;5.028056112;1.068136273;2846;998;3.5348~7.0695;258000~318999;1
18014;*;*;17~24;5.257093723;1.041272571;2983;1163;3.5348~7.0695;258000~318999;1
18015;*;*;25~32;5.606365159;0.986599665;1566;597;3.5348~7.0695;258000~318999;1
18016;*;*;17~24;5.103286385;1.0657277;998;426;3.5348~7.0695;197000~257999;1
18017;*;*;1~32;4.789115646;1.193877551;636;294;0.0000~3.5347;258000~501999;1
18018;*;*;25~32;5.478405316;1.053156146;1532;602;3.5348~7.0695;319000~379999;1
18019;*;*;33~40;5.715073529;0.994485294;1566;544;*;380000~440999;1
18020;*;*;25~32;5.505976096;0.952191235;705;251;3.5348~7.0695;380000~501999;1
18021;*;*;25~32;5.395017794;1.076512456;1208;562;3.5348~7.0695;380000~501999;1
18022;*;*;33~40;5.850574713;0.971264368;484;174;*;319000~379999;1
18023;*;*;33~40;5.567049808;1.042145594;1282;522;*;258000~318999;1
18024;*;*;33~40;6.405882353;1.070588235;535;170;*;197000~257999;1
18025;*;*;17~24;4.95970696;1.058608059;639;273;3.5348~7.0695;197000~257999;1
18026;*;*;33~40;6.112328767;0.98630137;1035;365;*;197000~257999;1
18027;*;*;25~32;5.475352113;1.01056338;779;284;3.5348~7.0695;258000~318999;1
18028;*;*;33~40;6.235294118;1.025210084;664;238;*;197000~257999;1
18029;*;*;17~24;5.212809917;1.034090909;2449;968;3.5348~7.0695;258000~318999;1
18030;*;*;25~32;6.255376344;1.126344086;1114;372;3.5348~7.0695;258000~318999;1
18031;*;*;25~32;6.387370405;0.990574929;3319;1061;3.5348~7.0695;258000~318999;1
18032;*;*;17~24;6.240143369;1.053763441;632;279;3.5348~7.0695;258000~318999;1
18033;*;*;25~32;6.51653944;0.987277354;1165;393;7.0696~10.6043;*;1
18034;*;*;25~32;6.014018692;0.96728972;1096;428;3.5348~7.0695;319000~379999;1
18035;*;*;25~32;5.452586207;0.931034483;660;232;3.5348~7.0695;258000~318999;1
18036;*;*;17~24;5.658008658;0.980519481;1240;462;3.5348~7.0695;258000~318999;1
18037;*;*;25~32;7.383915023;1.013657056;1956;659;7.0696~10.6043;*;1
18038;*;*;17~24;8.7;1.060714286;1811;560;7.0696~10.6043;*;1
18039;*;*;33~40;7.274671053;1.039473684;1719;608;*;441000~501999;1
18040;*;*;17~24;5.389534884;1.013565891;1291;516;3.5348~7.0695;380000~501999;1
18041;*;*;41~48;5.664233577;1.072431218;3728;1781;*;380000~501999;1
18042;*;*;33~40;6.785302594;1.041786744;1866;694;*;441000~501999;1
18043;*;*;17~24;8.496376812;1.166666667;890;276;7.0696~10.6043;*;1
18044;*;*;33~40;5.126506024;1.070281124;1117;498;*;380000~440999;1
18045;*;*;33~40;4.293413174;1.119760479;1511;835;*;380000~440999;1
18046;*;*;33~40;7.252272727;0.977272727;1234;440;*;441000~501999;1
18047;*;*;17~24;5.354466859;1.034582133;790;347;3.5348~7.0695;319000~379999;1
18048;*;*;25~32;5.87804878;1.008130081;1193;492;3.5348~7.0695;319000~379999;1
18049;*;*;25~32;5.214765101;1.031319911;1178;447;3.5348~7.0695;319000~379999;1
18050;*;*;17~24;6.562162162;1.037837838;500;185;7.0696~10.6043;*;1
18051;*;*;17~24;7.203571429;1.091071429;1158;560;7.0696~10.6043;*;1
18052;*;*;1~32;7.626262626;0.939393939;267;99;10.6044~16.0000;*;1
18053;*;*;1~32;8715;1.06;604;200;10.6044~16.0000;*;1
18054;*;*;17~24;7.928571429;1.111428571;856;350;7.0696~10.6043;*;1
18055;*;*;1~32;8.249027237;1.035019455;1480;514;10.6044~16.0000;*;1
18056;*;*;33~40;7.508403361;1.018907563;1325;476;*;441000~501999;1
18057;*;*;33~40;6.117647059;0.996323529;759;272;*;380000~440999;1
18058;*;*;25~32;7.472035794;1.008948546;1220;447;7.0696~10.6043;*;1
18059;*;*;17~24;8.063545151;1;847;299;7.0696~10.6043;*;1
18060;*;*;33~40;7.910313901;1.089686099;692;223;*;441000~501999;1
18061;*;*;25~32;8.240837696;1.010471204;551;191;7.0696~10.6043;*;1
18062;*;*;25~32;8.017699115;1.076696165;982;339;7.0696~10.6043;*;1
18063;*;*;1~16;6.775132275;1.068783069;1172;378;7.0696~10.6043;*;1
18064;*;*;33~40;7.923287671;1.131506849;903;365;*;441000~501999;1
18065;*;*;1~32;7.921875;1.088541667;539;192;10.6044~16.0000;*;1
18066;*;*;1~32;7.702479339;1.005509642;1085;363;10.6044~16.0000;*;1
18067;*;*;17~24;7.336470588;1.030588235;1147;425;7.0696~10.6043;*;1
18068;*;*;17~24;7.96875;975;999;320;7.0696~10.6043;*;1
18069;*;*;25~32;8.094736842;1.035789474;1461;475;7.0696~10.6043;*;1
18070;*;*;25~32;7.611650485;1.046116505;1190;412;7.0696~10.6043;*;1
18071;*;*;17~24;7.252669039;0.925266904;773;281;7.0696~10.6043;*;1
18072;*;*;33~40;5.645045045;0.974774775;1449;555;*;319000~379999;1
18073;*;*;33~40;7.161716172;1.02640264;854;303;*;441000~501999;1
18074;*;*;25~32;6.114285714;1.087912088;1092;455;3.5348~7.0695;319000~379999;1
18075;*;*;25~32;7.142857143;1.0591133;1551;609;7.0696~10.6043;*;1
18076;*;*;25~32;7.966029724;0.993630573;1320;471;7.0696~10.6043;*;1
18077;*;*;25~32;8.362530414;1.04136253;1198;411;7.0696~10.6043;*;1
18078;*;*;1~32;7.96875;0.985416667;1415;480;10.6044~16.0000;*;1
18079;*;*;1~16;7.75;1.0625;567;208;7.0696~10.6043;*;1
18080;*;*;1~32;8.863080685;1.056234719;1252;409;10.6044~16.0000;*;1
18081;*;*;1~32;7.950089127;0.98573975;1608;561;10.6044~16.0000;*;1
18082;*;*;17~24;7.145114943;1.018678161;1692;696;7.0696~10.6043;*;1
18083;*;*;25~32;7.072727273;0.978181818;826;275;7.0696~10.6043;*;1
18084;*;*;25~32;5.982248521;1.065088757;1440;507;3.5348~7.0695;380000~501999;1
18085;*;*;25~32;6.908408408;1.045045045;2003;666;7.0696~10.6043;*;1
18086;*;*;25~32;7.237676056;0.947183099;1585;568;7.0696~10.6043;*;1
18087;*;*;1~32;8.561622465;1.101404056;1947;641;10.6044~16.0000;*;1
18088;*;*;1~16;6.298550725;1.011594203;891;345;7.0696~10.6043;*;1
18089;*;*;17~24;6.242382271;1.040166205;2167;722;3.5348~7.0695;380000~501999;1
18090;*;*;17~24;6.424817518;1.018978102;1818;685;7.0696~10.6043;*;1
18091;*;*;25~32;6.096774194;1.086021505;1197;372;7.0696~10.6043;*;1
18092;*;*;17~24;6.4;0.99;959;400;7.0696~10.6043;*;1
18093;*;*;17~24;4.382957884;1.026444662;2271;1021;3.5348~7.0695;380000~501999;1
18094;*;*;9~16;4.717889908;1.068807339;790;436;3.5348~7.0695;258000~501999;1
18095;*;*;17~24;5.846153846;0.985754986;933;351;3.5348~7.0695;380000~501999;1
18096;*;*;25~32;6.27039627;0.934731935;1264;429;7.0696~10.6043;*;1
18097;*;*;17~24;5.293948127;1.187319885;1364;694;3.5348~7.0695;380000~501999;1
18098;*;*;17~24;4.563139932;1.09556314;2206;879;3.5348~7.0695;319000~379999;1
18099;*;*;25~32;6.437357631;1.027334852;1259;439;3.5348~7.0695;380000~501999;1
18100;*;*;25~32;5.951923077;1.043269231;1217;416;3.5348~7.0695;380000~501999;1
18101;*;*;17~24;5.791452991;1.082051282;1627;585;3.5348~7.0695;319000~379999;1
18102;*;*;25~32;6.541984733;1.030534351;778;262;3.5348~7.0695;380000~501999;1
18103;*;*;25~32;5.944723618;1.047738693;1076;398;3.5348~7.0695;319000~379999;1
18104;*;*;25~32;5.394936709;1.037974684;1132;395;3.5348~7.0695;380000~501999;1
18105;*;*;25~32;6345;1;1678;600;3.5348~7.0695;380000~501999;1
18106;*;*;25~32;7.587242026;1.033771107;1699;533;7.0696~10.6043;*;1
18107;*;*;17~24;6.440263405;1.014111007;2951;1063;3.5348~7.0695;319000~379999;1
18108;*;*;25~32;6.559380379;1.006884682;1795;581;7.0696~10.6043;*;1
18109;*;*;25~32;6.594230769;1.007692308;1518;520;7.0696~10.6043;*;1
18110;*;*;1~32;3.679846939;1.095663265;1520;784;0.0000~3.5347;258000~501999;1
18111;*;*;25~32;4.881493506;0.899350649;1551;616;3.5348~7.0695;319000~379999;1
18112;*;*;17~24;5.155395683;1.090647482;1792;695;3.5348~7.0695;319000~379999;1
18113;*;*;33~40;6.099767981;1.004640371;1301;431;*;319000~379999;1
18114;*;*;33~40;6.23015873;1.015873016;1248;378;*;319000~379999;1
18115;*;*;25~32;6.676767677;1.013468013;924;297;3.5348~7.0695;319000~379999;1
18116;*;*;25~32;6.627329193;1.01863354;903;322;3.5348~7.0695;319000~379999;1
18117;*;*;25~32;5.907356948;1.027247956;2009;734;3.5348~7.0695;319000~379999;1
18118;*;*;33~40;6.131578947;1.038277512;1230;418;*;319000~379999;1
18119;*;*;9~16;5.226069246;1.078411405;2156;982;3.5348~7.0695;258000~501999;1
18120;*;*;33~40;5.007256894;1.06095791;1915;689;*;197000~257999;1
18121;*;*;25~32;5.894067797;1.021186441;700;236;3.5348~7.0695;319000~379999;1
18122;*;*;25~32;5.154228856;1.016583748;1577;603;3.5348~7.0695;258000~318999;1
18123;*;*;33~40;4.890824623;1.066202091;2389;861;*;197000~257999;1
18124;*;*;25~32;6.695271454;1.022767075;1689;571;7.0696~10.6043;*;1
18125;*;*;17~24;6.585023401;1.046801872;1782;641;7.0696~10.6043;*;1
18126;*;*;9~16;4.280487805;1;674;410;3.5348~7.0695;197000~257999;1
18127;*;*;25~32;6.641025641;0.967948718;467;156;3.5348~7.0695;319000~379999;1
18128;*;*;25~32;4.997521685;0.983890954;1788;807;3.5348~7.0695;319000~379999;1
18129;*;*;25~32;6.599526066;0.990521327;1221;422;7.0696~10.6043;*;1
18130;*;*;17~24;4.826086957;1.133433283;1479;667;3.5348~7.0695;319000~379999;1
18131;*;*;25~32;5.824561404;0.959064327;980;342;3.5348~7.0695;319000~379999;1
18132;*;*;25~32;6.068292683;0.965853659;1190;410;3.5348~7.0695;319000~379999;1
18133;*;*;25~32;6.1200453;1.026047565;2338;883;3.5348~7.0695;380000~501999;1
18134;*;*;25~32;6.104536489;1.013806706;1251;507;3.5348~7.0695;319000~379999;1
18135;*;*;33~40;5.681715576;1.119638826;1158;443;*;258000~318999;1
18136;*;*;17~24;5.154491018;1.019161677;2059;835;3.5348~7.0695;319000~379999;1
18137;*;*;25~32;5.700996678;0.96345515;817;301;3.5348~7.0695;319000~379999;1
18138;*;*;25~32;5.846153846;1.083916084;1604;572;3.5348~7.0695;319000~379999;1
18139;*;*;25~32;5.29209622;0.903780069;1493;582;3.5348~7.0695;319000~379999;1
18140;*;*;33~40;6.528795812;0.981675393;1399;382;*;380000~440999;1
18141;*;*;33~40;6.303258145;1.005012531;1079;399;*;380000~440999;1
18142;*;*;25~32;6.5;0.968468468;627;222;3.5348~7.0695;380000~501999;1
18143;*;*;17~24;6.211573237;1.072332731;1293;553;3.5348~7.0695;380000~501999;1
18144;*;*;25~32;6.871035941;1.025369979;1328;473;7.0696~10.6043;*;1
18145;*;*;25~32;6.68329718;0.997830803;1260;461;7.0696~10.6043;*;1
18146;*;*;1~16;5.351851852;0.916666667;455;216;7.0696~10.6043;*;1
18147;*;*;25~32;5.859259259;0.977777778;696;270;3.5348~7.0695;319000~379999;1
18148;*;*;25~32;7.045936396;1.014134276;704;283;7.0696~10.6043;*;1
18149;*;*;17~24;4.059233449;0.968641115;598;287;3.5348~7.0695;319000~379999;1
18150;*;*;17~24;3.808823529;1.066176471;1795;680;0.0000~3.5347;197000~257999;1
18151;*;*;17~24;3.746450304;1.050709939;2496;986;3.5348~7.0695;258000~318999;1
18152;*;*;33~40;5.209923664;0.977099237;662;262;*;258000~318999;1
18153;*;*;33~40;6.25;1.091145833;1017;384;*;258000~318999;1
18154;*;*;25~32;5.011472275;0.980879541;1063;523;3.5348~7.0695;380000~501999;1
18155;*;*;25~32;6.365248227;0.996453901;872;282;7.0696~10.6043;*;1
18156;*;*;33~40;5.918681319;1.083516484;1343;455;*;319000~379999;1
18157;*;*;25~32;4.320137694;0.994836489;1160;581;3.5348~7.0695;319000~379999;1
18158;*;*;17~24;5.950173812;1.05561993;2351;863;3.5348~7.0695;380000~501999;1
18159;*;*;25~32;6.897506925;0.95567867;948;361;3.5348~7.0695;380000~501999;1
18160;*;*;17~24;6.503225806;1.009677419;767;310;3.5348~7.0695;380000~501999;1
18161;*;*;25~32;6.23381295;0.917266187;679;278;7.0696~10.6043;*;1
18162;*;*;25~32;6.987288136;0.974576271;1241;472;3.5348~7.0695;380000~501999;1
18163;*;*;25~32;6.410891089;1.090759076;1537;606;3.5348~7.0695;319000~379999;1
18164;*;*;9~16;3.730290456;1.110650069;1369;723;3.5348~7.0695;258000~501999;1
18165;*;*;17~24;5.155979203;1.05372617;1465;577;3.5348~7.0695;319000~379999;1
18166;*;*;17~24;4.505535055;0.94095941;507;271;3.5348~7.0695;197000~257999;1
18167;*;*;1~32;3.305290546;1.064180399;1930;1153;0.0000~3.5347;258000~501999;1
18168;*;*;9~16;3.261744966;1.143815916;1479;1043;3.5348~7.0695;258000~501999;1
18169;*;*;17~24;3.586357039;0.982583454;1486;689;3.5348~7.0695;197000~257999;1
18170;*;*;25~32;5.415143603;1.010443864;1273;383;3.5348~7.0695;319000~379999;1
18171;*;*;9~16;3.410493827;1.092592593;499;324;3.5348~7.0695;197000~257999;1
18172;*;*;17~24;4.18872549;1.071078431;892;408;3.5348~7.0695;319000~379999;1
18173;*;*;25~32;6.563380282;1.007042254;1267;426;3.5348~7.0695;319000~379999;1
18174;*;*;17~24;5.856132075;0.933962264;1194;424;7.0696~10.6043;*;1
18175;*;*;9~16;4.895915679;1.20685112;1551;759;3.5348~7.0695;258000~501999;1
18176;*;*;17~24;5.251173709;1.016431925;1158;426;3.5348~7.0695;319000~379999;1
18177;*;*;17~24;7.527272727;1.581818182;797;275;7.0696~10.6043;*;1
18178;*;*;1~32;4.16254417;1.11778563;1880;849;0.0000~3.5347;258000~501999;1
18179;*;*;17~24;3.699692308;1.068923077;3539;1625;3.5348~7.0695;197000~257999;1
18180;*;*;1~16;4.008108108;1.040540541;1430;740;0.0000~3.5347;197000~257999;1
18181;*;*;41~48;4.88045977;0.977011494;1032;435;*;258000~318999;1
18182;*;*;25~32;4.770676692;1.090225564;556;266;3.5348~7.0695;319000~379999;1
18183;*;*;41~48;4.360465116;1.058139535;616;258;*;197000~257999;1
18184;*;*;33~40;5.731808732;1.016632017;1201;481;*;258000~318999;1
18185;*;*;33~40;5.544747082;1.070038911;1518;514;*;258000~318999;1
18186;*;*;17~24;3.668500688;1.097661623;1433;727;3.5348~7.0695;197000~257999;1
18187;*;*;41~48;3.786786787;0.951951952;836;333;*;197000~257999;1
18188;*;*;25~32;3.57635468;1.004926108;538;203;3.5348~7.0695;197000~257999;1
18189;*;*;1~8;4.278404816;1.120391272;3250;1329;3.5348~7.0695;258000~501999;1
18190;*;*;9~16;3.830838323;1.038922156;1309;668;3.5348~7.0695;136000~196999;1
18191;*;*;25~32;5.674358974;0.923076923;1066;390;7.0696~10.6043;*;1
18192;*;*;9~16;3.972299169;1.030470914;804;361;3.5348~7.0695;136000~196999;1
18193;*;*;17~24;4.125786164;1.173584906;1842;795;3.5348~7.0695;197000~257999;1
18194;*;*;25~32;3.718503937;0.958661417;1321;508;0.0000~3.5347;197000~257999;1
18195;*;*;25~32;2.844141069;1.094425484;2374;879;3.5348~7.0695;197000~257999;1
18196;*;*;33~40;5.326145553;0.973045822;1348;371;*;197000~257999;1
18197;*;*;33~40;5.004048583;0.927125506;880;247;*;197000~257999;1
18198;*;*;33~40;4;1;1994;650;*;197000~257999;1
18199;*;*;33~40;4.714859438;1.06626506;1475;498;*;258000~318999;1
18200;*;*;9~16;3.73605948;1.027261462;1769;807;3.5348~7.0695;197000~257999;1
18201;*;*;33~40;4.621730382;1;1428;497;*;197000~257999;1
18202;*;*;1~8;4.331352155;1.095096582;3959;2019;3.5348~7.0695;258000~501999;1
18203;*;*;17~24;3.695150115;1.047344111;2029;866;3.5348~7.0695;380000~501999;1
18204;*;*;17~24;4.781065089;0.98816568;1367;507;3.5348~7.0695;319000~379999;1
18205;*;*;25~32;5.357142857;0.971428571;816;350;3.5348~7.0695;319000~379999;1
18206;*;*;17~24;3.547933884;1.051239669;2389;1210;3.5348~7.0695;258000~318999;0
18207;*;*;1~32;3.706206897;1.059310345;1362;725;0.0000~3.5347;258000~501999;1
18208;*;*;25~32;4.506493506;1.064935065;148;77;3.5348~7.0695;319000~379999;1
18209;*;*;17~24;4.211992136;1.057011796;7273;3052;3.5348~7.0695;258000~318999;0
18210;*;*;25~32;4.5;1;8;4;3.5348~7.0695;319000~379999;0
18211;*;*;17~24;4.510948905;1.058394161;413;274;3.5348~7.0695;14000~135999;0
18212;*;*;17~24;4.552878179;1.02811245;1497;747;3.5348~7.0695;380000~501999;0
18213;*;*;17~24;4.385365854;0.973170732;837;410;3.5348~7.0695;380000~501999;0
18214;*;*;17~24;4.53037037;0.979259259;1377;675;3.5348~7.0695;380000~501999;1
18215;*;*;17~24;4.694006309;1.208201893;1227;634;3.5348~7.0695;258000~318999;0
18216;*;*;17~24;4.246376812;0.991304348;646;345;3.5348~7.0695;258000~318999;0
18217;*;*;17~24;5.166666667;1.012820513;373;156;3.5348~7.0695;258000~318999;0
18218;*;*;9~16;4.598079561;1.115226337;1440;729;3.5348~7.0695;258000~501999;0
18219;*;*;25~32;5.431192661;1.032110092;815;218;3.5348~7.0695;319000~379999;0
18220;*;*;9~16;4.135021097;1.279887482;943;711;3.5348~7.0695;136000~196999;0
18221;*;*;17~24;4.791666667;1.153225806;1639;744;3.5348~7.0695;258000~318999;0
18222;*;*;25~32;5.485893417;1.068965517;999;319;3.5348~7.0695;258000~318999;0
18223;*;*;17~24;4.348623853;1.04587156;1069;436;3.5348~7.0695;258000~318999;0
18224;*;*;33~40;4.123036649;0.992146597;1036;382;*;258000~318999;0
18225;*;*;33~40;5.183319571;1.052023121;3025;1211;*;319000~379999;0
18226;*;*;1~32;3.325842697;0.930337079;856;445;0.0000~3.5347;258000~501999;0
18227;*;*;9~16;4.921568627;1.261437908;421;153;3.5348~7.0695;258000~501999;0
18228;*;*;17~24;3.556626506;1.139759036;838;415;3.5348~7.0695;258000~318999;0
18229;*;*;17~24;3.168085106;0.927659574;662;470;0.0000~3.5347;197000~257999;0
18230;*;*;1~32;4.155555556;1.022222222;412;180;0.0000~3.5347;258000~501999;0
18231;*;*;17~24;4.190885641;1.07566638;2699;1163;3.5348~7.0695;197000~257999;0
18232;*;*;1~32;3.448043185;1.078947368;2764;1482;0.0000~3.5347;258000~501999;0
18233;*;*;25~32;3.338174274;1.059128631;2087;964;0.0000~3.5347;136000~196999;0
18234;*;*;25~32;3.139963168;1.064456722;2314;1086;0.0000~3.5347;136000~196999;0
18235;*;*;17~24;3.468379447;1.003952569;1374;506;3.5348~7.0695;258000~318999;0
18236;*;*;17~24;3.557377049;0.944262295;1009;305;3.5348~7.0695;258000~318999;0
18237;*;*;9~16;4.224576271;1.036016949;1173;472;3.5348~7.0695;258000~501999;0
18238;*;*;9~16;3.445945946;0.851351351;138;74;3.5348~7.0695;136000~196999;0
18239;*;*;17~24;2.495145631;1.019417476;367;206;0.0000~3.5347;136000~196999;0
18240;*;*;49~56;3.908163265;1.035714286;448;196;*;258000~318999;0
18241;*;*;41~48;4.13;1.07;1029;500;*;319000~379999;0
18242;*;*;25~32;3.330754352;0.947775629;1057;517;3.5348~7.0695;258000~318999;0
18243;*;*;17~24;3.715485075;1.050373134;2645;1072;3.5348~7.0695;258000~318999;0
18244;*;*;41~48;3745;1075;848;400;*;258000~318999;0
18245;*;*;41~48;4.495967742;1;543;248;*;319000~379999;0
18246;*;*;1~8;3.924657534;0.744863014;1050;584;3.5348~7.0695;258000~501999;0
18247;*;*;1~32;3.791946309;1.073825503;932;447;0.0000~3.5347;258000~501999;0
18248;*;*;33~40;4.694779116;0.959839357;589;249;*;319000~379999;0
18249;*;*;25~32;4.478873239;1.077464789;562;284;3.5348~7.0695;258000~318999;0
18250;*;*;33~40;4.911111111;1.073333333;1023;450;*;319000~379999;0
18251;*;*;25~32;3.698675497;1.006622517;591;302;3.5348~7.0695;319000~379999;0
18252;*;*;33~40;5.081967213;1.00273224;794;366;*;319000~379999;0
18253;*;*;33~40;3.404063205;1.090293454;774;443;*;319000~379999;0
18254;*;*;33~40;5.048780488;0.956097561;475;205;*;319000~379999;0
18255;*;*;33~40;5.487394958;0.957983193;849;357;*;380000~440999;0
18256;*;*;33~40;6.309756098;1.014634146;1055;410;*;380000~440999;0
18257;*;*;33~40;4.769363167;1.134251291;1496;581;*;319000~379999;0
18258;*;*;33~40;5.101190476;0.928571429;448;168;*;319000~379999;0
18259;*;*;33~40;6.025125628;0.994974874;485;199;*;319000~379999;0
18260;*;*;33~40;6.109375;1.015625;348;128;*;380000~440999;0
18261;*;*;25~32;6.335051546;2.242268041;707;194;7.0696~10.6043;*;0
18262;*;*;25~32;6.972527473;1.021978022;464;182;3.5348~7.0695;380000~501999;0
18263;*;*;33~40;6.386430678;1.04719764;776;339;*;441000~501999;0
18264;*;*;1~32;4.770114943;1.310344828;368;174;0.0000~3.5347;258000~501999;0
18265;*;*;17~24;4.947506562;0.954068241;1657;762;3.5348~7.0695;380000~501999;0
18266;*;*;25~32;7.216216216;1;1097;407;7.0696~10.6043;*;0
18267;*;*;17~24;7.81686747;1.026506024;1158;415;7.0696~10.6043;*;1
18268;*;*;33~40;6.79766537;0.972762646;662;257;*;441000~501999;1
18269;*;*;25~32;8.134038801;1.072310406;1686;567;7.0696~10.6043;*;1
18270;*;*;25~32;7.131233596;0.98687664;1001;381;7.0696~10.6043;*;0
18271;*;*;33~40;6.2;952;805;250;*;441000~501999;0
18272;*;*;33~40;7.068535826;1.012461059;930;321;*;441000~501999;0
18273;*;*;25~32;9.163865546;1.193277311;728;238;7.0696~10.6043;*;0
18274;*;*;25~32;7.338129496;1.057553957;787;278;7.0696~10.6043;*;1
18275;*;*;33~40;5.592592593;0.916666667;495;216;*;441000~501999;1
18276;*;*;33~40;6.697142857;1.051428571;512;175;*;441000~501999;1
18277;*;*;33~40;7.024271845;0.995145631;619;206;*;441000~501999;1
18278;*;*;33~40;8.056122449;1.071428571;570;196;*;441000~501999;1
18279;*;*;33~40;7.126984127;1.095238095;548;189;*;441000~501999;0
18280;*;*;25~32;7.843220339;1.008474576;631;236;7.0696~10.6043;*;1
18281;*;*;17~24;7.683431953;0.99112426;922;338;7.0696~10.6043;*;1
18282;*;*;1~32;8.014634146;1.053658537;594;205;10.6044~16.0000;*;1
18283;*;*;33~40;7.636942675;1.00955414;832;314;*;441000~501999;0
18284;*;*;33~40;6.979899497;1.025125628;1577;597;*;441000~501999;0
18285;*;*;33~40;7.215517241;1.017241379;945;348;*;441000~501999;0
18286;*;*;33~40;6.446376812;1.026086957;929;345;*;441000~501999;0
18287;*;*;17~24;7.898395722;1.042780749;520;187;7.0696~10.6043;*;0
18288;*;*;33~40;6.750469043;0.938086304;1296;533;*;441000~501999;0
18289;*;*;17~24;5.596923077;1.106153846;1329;650;3.5348~7.0695;380000~501999;0
18290;*;*;49~56;6.245614035;1.111111111;410;171;*;441000~501999;0
18291;*;*;17~24;7.283783784;1.040540541;555;222;7.0696~10.6043;*;0
18292;*;*;25~32;5.896049896;1.018711019;1138;481;3.5348~7.0695;380000~501999;0
18293;*;*;33~40;6.666666667;1.048192771;655;249;*;441000~501999;0
18294;*;*;33~40;7.225146199;1.020467836;881;342;*;441000~501999;0
18295;*;*;25~32;6.581005587;1.131284916;921;358;3.5348~7.0695;380000~501999;0
18296;*;*;33~40;7.107784431;0.992015968;1336;501;*;441000~501999;0
18297;*;*;33~40;7215;1.09;504;200;*;441000~501999;0
18298;*;*;25~32;7.320833333;0.985416667;1583;480;7.0696~10.6043;*;0
18299;*;*;25~32;5.146883006;1.020495303;2687;1171;3.5348~7.0695;380000~501999;0
18300;*;*;33~40;5.378651685;1.011235955;2039;890;*;380000~440999;0
18301;*;*;33~40;5.586605081;0.983833718;949;433;*;380000~440999;0
18302;*;*;41~48;4.039215686;0.862745098;134;51;*;258000~318999;0
18303;*;*;33~40;4.00201005;1.050251256;2251;995;*;258000~318999;0
18304;*;*;33~40;4.977624785;1.061962134;1250;581;*;319000~379999;0
18305;*;*;33~40;6.661710037;0.994423792;1405;538;*;441000~501999;0
18306;*;*;33~40;7.061482821;1.021699819;1562;553;*;441000~501999;0
18307;*;*;25~32;5.662962963;1.101851852;1267;540;3.5348~7.0695;380000~501999;0
18308;*;*;33~40;6.381176471;1.007058824;1084;425;*;441000~501999;0
18309;*;*;33~40;5.819148936;1.007092199;659;282;*;380000~440999;0
18310;*;*;33~40;4.710982659;1.026974952;1187;519;*;319000~379999;0
18311;*;*;33~40;4.984703633;1.053537285;1165;523;*;319000~379999;0
18312;*;*;33~40;5.338485317;1.001545595;1498;647;*;380000~440999;0
18313;*;*;25~32;5.553030303;1.108585859;1799;792;3.5348~7.0695;380000~501999;0
18314;*;*;33~40;5.595818815;0.963414634;1455;574;*;380000~440999;0
18315;*;*;33~40;5.057823129;1.05952381;1435;588;*;380000~440999;0
18316;*;*;41~48;5.106837607;0.987179487;1146;468;*;380000~501999;0
18317;*;*;33~40;5.630597015;1.130597015;748;268;*;319000~379999;0
18318;*;*;33~40;5.361702128;0.928191489;1023;376;*;319000~379999;0
18319;*;*;33~40;5.21086262;1.067092652;1411;626;*;380000~440999;0
18320;*;*;33~40;6.912650602;1;933;332;*;441000~501999;0
18321;*;*;33~40;6.247572816;0.95631068;510;206;*;441000~501999;0
18322;*;*;41~48;6.389328063;1.067193676;1251;506;*;380000~501999;0
18323;*;*;41~48;7.035128806;1.030444965;1088;427;*;380000~501999;0
18324;*;*;33~40;6.356502242;1.002242152;1148;446;*;441000~501999;0
18325;*;*;33~40;8.089285714;0.973214286;353;112;*;441000~501999;0
18326;*;*;49~56;5675;1095;441;200;*;441000~501999;0
18327;*;*;49~56;6.961389961;0.992277992;683;259;*;441000~501999;0
18328;*;*;49~56;7.112962963;0.994444444;1391;540;*;441000~501999;0
18329;*;*;49~56;6.454268293;1.076219512;734;328;*;441000~501999;0
18330;*;*;41~48;7.433691756;1.064516129;700;279;*;380000~501999;0
18331;*;*;49~56;7.573333333;1.213333333;219;75;*;441000~501999;0
18332;*;*;41~48;3.873741995;0.397987191;1808;1093;*;380000~501999;0
18333;*;*;1~32;2.847741935;1.04516129;1304;775;0.0000~3.5347;258000~501999;0
18334;*;*;33~40;3.590184049;1.072392638;1363;815;*;319000~379999;0
18335;*;*;33~40;4.133458647;0.994360902;1193;532;*;380000~440999;0
18336;*;*;49~56;6.676375405;1.035598706;774;309;*;441000~501999;0
18337;*;*;49~56;6.167400881;0.955947137;522;227;*;441000~501999;0
18338;*;*;49~56;7.072727273;1.065454545;708;275;*;441000~501999;0
18339;*;*;49~56;7.403800475;1.111638955;1114;421;*;441000~501999;0
18340;*;*;49~56;6.634812287;1.051194539;696;293;*;441000~501999;0
18341;*;*;49~56;7.021164021;1.005291005;467;189;*;441000~501999;0
18342;*;*;49~56;5.554216867;0.911646586;551;249;*;441000~501999;0
18343;*;*;41~48;5.591397849;1.053763441;1149;465;*;380000~501999;0
18344;*;*;41~48;4.276442308;1.008413462;1779;832;*;380000~501999;0
18345;*;*;17~24;3.433333333;0.938333333;1144;600;3.5348~7.0695;319000~379999;0
18346;*;*;1~32;3.262468654;0.121203678;7604;3589;0.0000~3.5347;258000~501999;0
18347;*;*;33~40;7.655765921;1.049913941;2571;581;*;441000~501999;0
18348;*;*;1~16;7.07967033;0.989010989;979;364;7.0696~10.6043;*;0
18349;*;*;17~24;4.130526316;1.202105263;7174;950;3.5348~7.0695;380000~501999;0
18350;*;*;25~32;5.436781609;1.183908046;359;87;3.5348~7.0695;380000~501999;0
18351;*;*;1~32;8.837606838;1;323;117;10.6044~16.0000;*;0
18352;*;*;1~32;8.276283619;1.04400978;1248;409;10.6044~16.0000;*;0
18353;*;*;33~40;7.610526316;0.952631579;549;190;*;441000~501999;0
18354;*;*;33~40;8.75;1.016666667;511;180;*;441000~501999;0
18355;*;*;1~32;8.838842975;1.074380165;742;242;10.6044~16.0000;*;0
18356;*;*;25~32;8.508928571;1.020833333;951;336;7.0696~10.6043;*;0
18357;*;*;25~32;7.129353234;0.990049751;498;201;7.0696~10.6043;*;0
18358;*;*;33~40;8.186507937;1.055555556;676;252;*;441000~501999;0
18359;*;*;33~40;6.877394636;1.091954023;791;261;*;441000~501999;0
18360;*;*;25~32;8.344444444;1.033333333;501;180;7.0696~10.6043;*;0
18361;*;*;1~32;8.261887345;1.007315289;3840;1367;10.6044~16.0000;*;0
18362;*;*;1~32;8.219827586;1.045258621;1344;464;10.6044~16.0000;*;0
18363;*;*;1~32;6.517241379;0.896551724;84;29;10.6044~16.0000;*;1
18364;*;*;1~16;5.813333333;0.933333333;212;75;7.0696~10.6043;*;1
18365;*;*;17~24;6.232142857;1.142857143;149;56;3.5348~7.0695;319000~379999;1
18366;*;*;1~32;6.1;0.9;182;70;10.6044~16.0000;*;1
18367;*;*;33~40;6.793650794;1.149911817;1534;567;*;258000~318999;1
18368;*;*;41~48;6.364321608;1.087939698;957;398;*;258000~318999;1
18369;*;*;41~48;6116;1244;570;250;*;258000~318999;1
18370;*;*;33~40;6.424581006;1.134078212;511;179;*;380000~440999;1
18371;*;*;17~24;4.533333333;1.021538462;2981;975;0.0000~3.5347;197000~257999;1
18372;*;*;17~24;5.706373293;1.034901366;3970;1318;3.5348~7.0695;197000~257999;1
18373;*;*;17~24;6.906577693;0.980934223;2893;1049;3.5348~7.0695;319000~379999;1
18374;*;*;17~24;6.651840491;1.027607362;1936;652;3.5348~7.0695;258000~318999;1
18375;*;*;17~24;7.75375;0.9975;2494;800;7.0696~10.6043;*;1
18376;*;*;1~16;8.288235294;1025;2281;680;7.0696~10.6043;*;1
18377;*;*;1~16;8.063268893;1.055360281;3637;1138;7.0696~10.6043;*;1
18378;*;*;17~24;8.188405797;1.057971014;1052;345;7.0696~10.6043;*;1
18379;*;*;25~32;7.592885375;0.988142292;725;253;7.0696~10.6043;*;1
18380;*;*;17~24;8.075949367;0.965189873;916;316;7.0696~10.6043;*;1
18381;*;*;17~24;8.925619835;1.008264463;382;121;7.0696~10.6043;*;1
18382;*;*;1~8;6.532121212;1.094545455;2232;825;3.5348~7.0695;258000~501999;1
18383;*;*;41~48;6.395017794;1.078291815;870;281;*;380000~501999;1
18384;*;*;1~16;8.100740741;1.001481481;2221;675;7.0696~10.6043;*;1
18385;*;*;1~8;7.009487666;1.089184061;1554;527;3.5348~7.0695;258000~501999;1
18386;*;*;1~16;7.237333333;0.962666667;1259;375;7.0696~10.6043;*;1
18387;*;*;1~16;7.338809035;0.95687885;1503;487;7.0696~10.6043;*;1
18388;*;*;17~24;8.240170032;1.037194474;3094;941;7.0696~10.6043;*;1
18389;*;*;1~16;7.979977753;1.0567297;2782;899;7.0696~10.6043;*;1
18390;*;*;17~24;7.499490316;0.981651376;3018;981;3.5348~7.0695;319000~379999;1
18391;*;*;9~16;7.796690307;1.066193853;1542;423;3.5348~7.0695;258000~501999;1
18392;*;*;25~32;7.119341564;0.930041152;721;243;7.0696~10.6043;*;1
18393;*;*;17~24;6.808823529;0.985294118;866;272;3.5348~7.0695;258000~318999;1
18394;*;*;17~24;6.439421338;1.012658228;1753;553;3.5348~7.0695;258000~318999;1
18395;*;*;17~24;6.348265896;1.024566474;2292;692;3.5348~7.0695;197000~257999;1
18396;*;*;9~16;6.057840617;0.988431877;2519;778;3.5348~7.0695;197000~257999;1
18397;*;*;9~16;6125;1.159090909;667;264;3.5348~7.0695;136000~196999;1
18398;*;*;9~16;7.192792793;0.972972973;2097;555;3.5348~7.0695;258000~501999;1
18399;*;*;9~16;6.071022727;1.015625;2240;704;3.5348~7.0695;197000~257999;1
18400;*;*;25~32;6.225366876;1.036687631;3275;954;3.5348~7.0695;197000~257999;1
18401;*;*;17~24;6.494103774;0.991745283;2785;848;3.5348~7.0695;197000~257999;1
18402;*;*;17~24;6.667910448;0.940298507;1803;536;3.5348~7.0695;258000~318999;1
18403;*;*;17~24;6.587798846;1.060181369;4017;1213;3.5348~7.0695;197000~257999;1
18404;*;*;17~24;5.189822294;1.024232633;3934;1238;3.5348~7.0695;197000~257999;1
18405;*;*;9~16;5.717337716;1.068200493;2965;1217;3.5348~7.0695;258000~501999;1
18406;*;*;17~24;5.07807309;1.006644518;2030;602;3.5348~7.0695;197000~257999;1
18407;*;*;17~24;6.91684435;1.108742004;1769;469;3.5348~7.0695;197000~257999;1
18408;*;*;17~24;5.243967828;0.987935657;2693;746;3.5348~7.0695;197000~257999;1
18409;*;*;9~16;5.561643836;0.879452055;1343;365;3.5348~7.0695;258000~501999;1
18410;*;*;17~24;4.935749588;1.144975288;2169;607;3.5348~7.0695;197000~257999;1
18411;*;*;25~32;4.425396825;0.755555556;990;315;3.5348~7.0695;136000~196999;1
18412;*;*;17~24;4.79656539;1.250990753;2357;757;0.0000~3.5347;136000~196999;1
18413;*;*;17~24;7.275092937;0.970260223;863;269;7.0696~10.6043;*;1
18414;*;*;9~16;5.026352288;1.126213592;1856;721;3.5348~7.0695;197000~257999;1
18415;*;*;17~24;5.523715415;0.95256917;1904;506;3.5348~7.0695;197000~257999;1
18416;*;*;1~8;4.336903603;1.030185005;2595;1027;3.5348~7.0695;258000~501999;1
18417;*;*;9~16;6.691460055;1.066115702;1293;363;3.5348~7.0695;197000~257999;1
18418;*;*;9~16;7.454308094;0.992167102;1420;383;3.5348~7.0695;258000~501999;1
18419;*;*;9~16;5.144312394;0.974533107;1623;589;3.5348~7.0695;197000~257999;1
18420;*;*;9~16;5.853300733;0.985330073;1393;409;3.5348~7.0695;258000~501999;1
18421;*;*;9~16;5.45;1.101612903;1465;620;3.5348~7.0695;197000~257999;1
18422;*;*;9~16;5.756024096;0.984939759;1158;332;3.5348~7.0695;197000~257999;1
18423;*;*;1~32;4.567204301;1.036290323;1231;744;0.0000~3.5347;258000~501999;1
18424;*;*;9~16;3.890977444;1.103383459;1216;532;3.5348~7.0695;197000~257999;1
18425;*;*;1~8;5.291788856;1.101173021;1739;682;3.5348~7.0695;197000~257999;1
18426;*;*;9~16;4.5221843;1.023890785;1969;586;3.5348~7.0695;136000~196999;1
18427;*;*;17~24;3.74317817;1.02247191;1636;623;0.0000~3.5347;75000~135999;1
18428;*;*;17~24;6.075144509;0.994219653;446;173;3.5348~7.0695;197000~257999;1
18429;*;*;9~16;6.051612903;1.043010753;1305;465;3.5348~7.0695;197000~257999;1
18430;*;*;17~24;6.988269795;1.005865103;1146;341;3.5348~7.0695;258000~318999;1
18431;*;*;9~16;6.673400673;0.942760943;1030;297;3.5348~7.0695;258000~501999;1
18432;*;*;1~16;7.837288136;1.027118644;1158;295;7.0696~10.6043;*;1
18433;*;*;9~16;7.760683761;1.02991453;793;234;3.5348~7.0695;258000~501999;1
18434;*;*;1~8;5.333333333;1.002949853;825;339;3.5348~7.0695;136000~196999;1
18435;*;*;9~16;5.885662432;1;1752;551;3.5348~7.0695;197000~257999;1
18436;*;*;17~24;5.346153846;1.070135747;1369;442;3.5348~7.0695;136000~196999;1
18437;*;*;1~8;3.958795563;1.228209192;1213;631;3.5348~7.0695;136000~196999;1
18438;*;*;17~24;6.215815486;1.02800659;1965;607;3.5348~7.0695;197000~257999;1
18439;*;*;17~24;6.605194805;1.007792208;1297;385;3.5348~7.0695;197000~257999;1
18440;*;*;17~24;5.721830986;1.073943662;1978;568;3.5348~7.0695;197000~257999;1
18441;*;*;17~24;6.232597623;0.962648557;1944;589;3.5348~7.0695;197000~257999;1
18442;*;*;17~24;6.181146026;0.981515712;1768;541;3.5348~7.0695;197000~257999;1
18443;*;*;25~32;6.186153846;0.975384615;2178;650;3.5348~7.0695;197000~257999;1
18444;*;*;1~8;4.488636364;1.181818182;861;440;3.5348~7.0695;136000~196999;1
18445;*;*;25~32;6.627831715;1.008090615;2128;618;3.5348~7.0695;197000~257999;1
18446;*;*;17~24;7.736206897;1.006896552;2024;580;7.0696~10.6043;*;1
18447;*;*;25~32;6.133159269;1.028720627;1266;383;3.5348~7.0695;197000~257999;1
18448;*;*;9~16;6.590551181;1.106299213;850;254;3.5348~7.0695;197000~257999;1
18449;*;*;17~24;6.426829268;1.041463415;1497;410;3.5348~7.0695;197000~257999;1
18450;*;*;17~24;6.333333333;0.968503937;1237;381;3.5348~7.0695;197000~257999;1
18451;*;*;17~24;6.860946746;0.958579882;1076;338;3.5348~7.0695;258000~318999;1
18452;*;*;17~24;6.262536873;1.005899705;1067;339;3.5348~7.0695;258000~318999;1
18453;*;*;17~24;5.291044776;0.962686567;1547;402;3.5348~7.0695;197000~257999;1
18454;*;*;17~24;6.129824561;1.112280702;1055;285;3.5348~7.0695;197000~257999;1
18455;*;*;9~16;7.344262295;0.983606557;1221;305;3.5348~7.0695;258000~501999;1
18456;*;*;17~24;5.789340102;0.911167513;1226;394;3.5348~7.0695;258000~318999;1
18457;*;*;17~24;6.270216963;1.037475345;1663;507;3.5348~7.0695;258000~318999;1
18458;*;*;17~24;6.846153846;0.949602122;1284;377;3.5348~7.0695;258000~318999;1
18459;*;*;9~16;5.740869565;1.031304348;2190;575;3.5348~7.0695;258000~501999;1
18460;*;*;9~16;6.577464789;1.003521127;995;284;3.5348~7.0695;258000~501999;1
18461;*;*;17~24;4.901960784;1.019607843;141;51;3.5348~7.0695;380000~501999;1
18462;*;*;9~16;5.636563877;1.034140969;5674;1816;3.5348~7.0695;258000~501999;1
18463;*;*;9~16;3.425806452;0.993548387;469;155;3.5348~7.0695;258000~501999;1
18464;*;*;9~16;6.753926702;1.031413613;881;191;3.5348~7.0695;258000~501999;1
18465;*;*;17~24;5.740540541;0.967567568;631;185;3.5348~7.0695;380000~501999;1
18466;*;*;17~24;6.570539419;0.902489627;1414;482;3.5348~7.0695;380000~501999;1
18467;*;*;17~24;6.825454545;1.069090909;1692;550;3.5348~7.0695;380000~501999;1
18468;*;*;1~16;7.922190202;1.050432277;2051;694;7.0696~10.6043;*;1
18469;*;*;1~16;7.402810304;1.06245121;4108;1281;7.0696~10.6043;*;1
18470;*;*;9~16;6.256544503;1.044502618;2795;764;3.5348~7.0695;258000~501999;1
18471;*;*;9~16;5.604698672;1.045965271;2823;979;3.5348~7.0695;197000~257999;1
18472;*;*;17~24;4.716494845;1.025773196;1110;388;0.0000~3.5347;197000~257999;1
18473;*;*;9~16;7.55;1.092592593;1618;540;3.5348~7.0695;258000~501999;1
18474;*;*;17~24;5.140068886;1.060849598;2656;871;3.5348~7.0695;197000~257999;1
18475;*;*;9~16;5.316441441;1125;2648;888;3.5348~7.0695;197000~257999;1
18476;*;*;17~24;6.204918033;1.001639344;2198;610;3.5348~7.0695;380000~501999;1
18477;*;*;9~16;6.688195991;1.017817372;2915;898;3.5348~7.0695;258000~501999;1
18478;*;*;9~16;6.372151899;1.008860759;2124;790;3.5348~7.0695;258000~501999;1
18479;*;*;17~24;7.232300885;1.068584071;1383;452;3.5348~7.0695;258000~318999;1
18480;*;*;17~24;6.548198637;1.023369036;3439;1027;3.5348~7.0695;380000~501999;1
18481;*;*;17~24;5.946368715;1.01452514;3011;895;3.5348~7.0695;380000~501999;1
18482;*;*;17~24;5.174657534;1.089041096;1052;292;3.5348~7.0695;319000~379999;1
18483;*;*;33~40;5.550522648;1.055749129;1030;287;*;258000~318999;1
18484;*;*;41~48;5.61971831;0.99471831;1439;568;*;197000~257999;2
18485;*;*;17~24;6.362917399;1.076449912;4168;1138;3.5348~7.0695;258000~318999;2
18486;*;*;9~16;6.546933667;1.02252816;2634;799;3.5348~7.0695;258000~501999;2
18487;*;*;9~16;5.0670194;0.964726631;1582;567;3.5348~7.0695;258000~501999;2
18488;*;*;9~16;6.653846154;0.946153846;403;130;3.5348~7.0695;258000~501999;2
18489;*;*;9~16;5.711703959;1.007745267;3575;1162;3.5348~7.0695;197000~257999;2
18490;*;*;1~8;6.682702149;1.033776868;3071;977;3.5348~7.0695;258000~501999;1
18491;*;*;9~16;4.581497797;1.005873715;2383;681;3.5348~7.0695;197000~257999;2
18492;*;*;25~32;4.931477516;1.00856531;1447;467;0.0000~3.5347;197000~257999;2
18493;*;*;9~16;5.191993464;1.044934641;3704;1224;3.5348~7.0695;197000~257999;2
18494;*;*;17~24;4.751644737;1.026315789;2681;608;0.0000~3.5347;136000~196999;2
18495;*;*;41~48;4.056022409;1.100840336;1066;357;*;136000~196999;2
18496;*;*;17~24;4.185263158;1.003157895;3866;950;0.0000~3.5347;136000~196999;2
18497;*;*;1~32;5.947103275;1.130982368;1782;397;0.0000~3.5347;258000~501999;2
18498;*;*;17~24;6.498630137;1.079452055;1142;365;3.5348~7.0695;319000~379999;2
18499;*;*;33~40;4.731182796;0.967741935;217;93;*;441000~501999;1
18500;*;*;33~40;7.160377358;1.330188679;252;106;*;258000~318999;2
18501;*;*;49~56;8.461538462;1.230769231;55;26;*;14000~135999;1
18502;*;*;25~32;4.557692308;0.884615385;300;104;3.5348~7.0695;319000~379999;2
18503;*;*;9~16;10.0952381;1.80952381;78;21;3.5348~7.0695;258000~501999;1
18504;*;*;1~32;12.5;1.25;17;4;10.6044~16.0000;*;1
18505;*;*;33~40;4.352941176;1.117647059;63;17;*;319000~379999;1
18506;*;*;1~16;6.4;0.8;36;5;0.0000~3.5347;136000~196999;0
18507;*;*;25~32;5.536585366;1.097560976;112;41;3.5348~7.0695;258000~318999;0
18508;*;*;25~32;5.527196653;1.0041841;652;239;3.5348~7.0695;258000~318999;0
18509;*;*;25~32;6.404517454;1.041067762;1476;487;3.5348~7.0695;258000~318999;0
18510;*;*;33~40;5.134883721;1.041860465;669;215;*;197000~257999;0
18511;*;*;41~48;5.033846154;0.996923077;792;325;*;197000~257999;0
18512;*;*;41~48;5.221311475;1.040983607;1290;488;*;197000~257999;0
18513;*;*;41~48;5.341880342;1.064102564;607;234;*;258000~318999;0
18514;*;*;25~32;4.707423581;1.063318777;1023;458;0.0000~3.5347;197000~257999;0
18515;*;*;17~24;3.905263158;1.036842105;984;380;0.0000~3.5347;136000~196999;0
18516;*;*;41~48;5.264840183;1.086757991;657;219;*;197000~257999;0
18517;*;*;33~40;6.432835821;1.059701493;866;335;*;380000~440999;0
18518;*;*;33~40;5.992481203;0.939849624;385;133;*;319000~379999;0
18519;*;*;25~32;6.416666667;1.00952381;1098;420;3.5348~7.0695;319000~379999;0
18520;*;*;9~16;4.445402299;1.074712644;4731;348;0.0000~3.5347;75000~135999;0
18521;*;*;17~24;5.348017621;1.04185022;1145;454;3.5348~7.0695;258000~318999;0
18522;*;*;9~16;6.048561151;1.098920863;1603;556;3.5348~7.0695;258000~501999;0
18523;*;*;9~16;5.504065041;1.087804878;1571;615;3.5348~7.0695;258000~501999;0
18524;*;*;49~56;5.353233831;1.024875622;495;201;*;258000~318999;0
18525;*;*;41~48;5.046511628;0.949612403;621;258;*;258000~318999;0
18526;*;*;49~56;6.315614618;1.112956811;955;301;*;197000~257999;0
18527;*;*;49~56;5.781021898;0.99270073;331;137;*;197000~257999;0
18528;*;*;41~48;4.996138996;1.038610039;645;259;*;197000~257999;0
18529;*;*;33~40;4.255287009;1.081570997;1341;662;*;197000~257999;0
18530;*;*;41~48;5.281318681;1.136263736;1144;455;*;197000~257999;0
18531;*;*;33~40;4.443037975;1.109704641;552;237;*;197000~257999;0
18532;*;*;17~24;4.463235294;1.139705882;226;136;0.0000~3.5347;136000~196999;0
18533;*;*;25~32;3.896813354;1.13353566;1743;659;0.0000~3.5347;136000~196999;0
18534;*;*;41~48;4.659482759;1.096982759;1208;464;*;258000~318999;0
18535;*;*;49~56;3.484848485;0.765151515;525;264;*;197000~257999;0
18536;*;*;33~40;4.201570681;1.02617801;743;382;*;197000~257999;0
18537;*;*;17~24;6.270676692;1.137844612;981;399;3.5348~7.0695;258000~318999;0
18538;*;*;25~32;3.785234899;0.979865772;1511;745;0.0000~3.5347;197000~257999;0
18539;*;*;25~32;4.13253012;0.97188755;753;249;0.0000~3.5347;197000~257999;0
18540;*;*;49~56;5.350993377;1.238410596;608;302;*;380000~440999;0
18541;*;*;49~56;5.135021097;1.371308017;508;237;*;319000~379999;0
18542;*;*;49~56;4.052631579;1.01754386;488;228;*;197000~257999;0
18543;*;*;33~40;4.955882353;1.014705882;223;68;*;197000~257999;0
18544;*;*;49~56;5.520547945;0.98630137;200;73;*;258000~318999;0
18545;*;*;33~40;5.848039216;1.112745098;570;204;*;197000~257999;0
18546;*;*;17~24;4.080792683;1.196646341;1391;656;0.0000~3.5347;197000~257999;0
18547;*;*;41~48;4.273381295;1.215827338;325;139;*;197000~257999;0
18548;*;*;33~40;3.504950495;1.090759076;1365;606;*;258000~318999;0
18549;*;*;49~56;2.540983607;1;1054;305;*;14000~135999;0
18550;*;*;33~40;4.201438849;0.90647482;316;139;*;197000~257999;0
18551;*;*;25~32;4.174025974;1.093506494;926;385;0.0000~3.5347;197000~257999;0
18552;*;*;25~32;4.907849829;1.044368601;802;293;3.5348~7.0695;197000~257999;0
18553;*;*;41~48;5.173076923;1.028846154;200;104;*;136000~196999;0
18554;*;*;41~48;4.952586207;1.137931034;703;232;*;197000~257999;0
18555;*;*;1~32;5.897297297;1.097297297;1122;370;0.0000~3.5347;258000~501999;0
18556;*;*;33~40;5.115384615;1;1080;364;*;258000~318999;0
18557;*;*;1~32;4.137724551;1.143712575;324;167;0.0000~3.5347;258000~501999;0
18558;*;*;25~32;5.612716763;1.069364162;644;173;3.5348~7.0695;197000~257999;0
18559;*;*;49~56;6.5;1.7;24;10;*;258000~318999;0
18560;*;*;17~24;4.873362445;0.96069869;1091;458;3.5348~7.0695;258000~318999;0
18561;*;*;25~32;5.793002915;1.090379009;961;343;3.5348~7.0695;258000~318999;0
18562;*;*;49~56;10.10510511;1.933933934;796;333;*;14000~135999;0
18563;*;*;25~32;3.512019231;1.014423077;1494;416;0.0000~3.5347;136000~196999;1
18564;*;*;25~32;4.618320611;1.072519084;863;262;0.0000~3.5347;136000~196999;1
18565;*;*;17~24;4.903703704;1.090740741;1193;540;0.0000~3.5347;136000~196999;1
18566;*;*;1~16;4.81348637;0.99713056;1350;697;0.0000~3.5347;136000~196999;1
18567;*;*;17~24;4.665121669;1.020857474;2264;863;0.0000~3.5347;197000~257999;1
18568;*;*;41~48;4.988919668;0.977839335;1071;361;*;136000~196999;1
18569;*;*;41~48;4.46557377;1.052459016;1068;305;*;136000~196999;1
18570;*;*;33~40;5.319796954;1.038071066;1454;394;*;197000~257999;1
18571;*;*;41~48;3.587121212;0.973484848;1120;264;*;136000~196999;1
18572;*;*;49~56;3.089285714;1.140306122;1102;392;*;136000~196999;1
18573;*;*;17~24;3.393617021;1.162234043;1359;376;0.0000~3.5347;136000~196999;1
18574;*;*;41~48;2.826446281;0.966942149;2312;484;*;136000~196999;1
18575;*;*;1~16;3.781337047;1.044568245;2580;718;0.0000~3.5347;136000~196999;1
18576;*;*;41~48;3.053156146;1.026578073;1321;301;0.0000~3.5347;75000~135999;1
18577;*;*;17~24;4.790740741;1.012962963;1534;540;0.0000~3.5347;136000~196999;1
18578;*;*;17~24;4.214750542;0.969631236;1844;461;0.0000~3.5347;136000~196999;1
18579;*;*;33~40;4.671096346;1.053156146;1075;301;*;136000~196999;1
18580;*;*;17~24;4.404918033;1.044262295;2154;610;0.0000~3.5347;136000~196999;1
18581;*;*;1~16;5.050153531;1.138178096;3198;977;0.0000~3.5347;136000~196999;1
18582;*;*;17~24;4.677839851;0.947858473;1856;537;0.0000~3.5347;136000~196999;1
18583;*;*;17~24;5.695488722;0.95112782;975;266;3.5348~7.0695;197000~257999;1
18584;*;*;17~24;4.945132743;1.171681416;2236;565;0.0000~3.5347;136000~196999;1
18585;*;*;17~24;3.396166134;1.089456869;1033;313;0.0000~3.5347;136000~196999;1
18586;*;*;33~40;5.575129534;1.113989637;1516;386;*;136000~196999;1
18587;*;*;25~32;4.763527054;0.953907816;1669;499;0.0000~3.5347;136000~196999;1
18588;*;*;17~24;5.132478632;1.205128205;601;234;0.0000~3.5347;136000~196999;0
18589;*;*;17~24;5.817307692;1.055288462;1278;416;3.5348~7.0695;319000~379999;0
18590;*;*;17~24;6.429672447;1.057803468;1449;519;3.5348~7.0695;258000~318999;0
18591;*;*;25~32;6.393548387;1.251612903;543;155;3.5348~7.0695;319000~379999;0
18592;*;*;25~32;5.663316583;1;543;199;3.5348~7.0695;197000~257999;0
18593;*;*;41~48;4.695945946;0.918918919;408;148;*;197000~257999;0
18594;*;*;25~32;6.431707317;1.192682927;1031;410;3.5348~7.0695;197000~257999;0
18595;*;*;33~40;5.748971193;1.189300412;661;243;*;197000~257999;0
18596;*;*;33~40;5.401206637;1.107088989;1780;663;*;197000~257999;0
18597;*;*;33~40;5.563176895;1.072202166;791;277;*;197000~257999;0
18598;*;*;33~40;6.035714286;1.296992481;2755;1064;*;197000~257999;0
18599;*;*;49~56;5.56091954;1.114942529;1078;435;*;197000~257999;0
18600;*;*;17~24;6.2;1.229787234;591;235;3.5348~7.0695;258000~318999;0
18601;*;*;25~32;5.825454545;1.152727273;752;275;3.5348~7.0695;136000~196999;0
18602;*;*;17~24;5.572413793;0.937931034;420;145;7.0696~10.6043;*;0
18603;*;*;17~24;5.685393258;1.078651685;264;89;7.0696~10.6043;*;0
18604;*;*;41~48;6.094801223;1.235474006;850;327;*;197000~257999;0
18605;*;*;25~32;5.615789474;1.122807018;1722;570;3.5348~7.0695;197000~257999;0
18606;*;*;33~40;5.50965251;1.183397683;1338;518;*;136000~196999;0
18607;*;*;1~16;6.077160494;1.024691358;822;324;7.0696~10.6043;*;1
18608;*;*;17~24;7.258223684;1.105263158;1674;608;3.5348~7.0695;380000~501999;1
18609;*;*;25~32;5.685258964;1.239043825;686;251;3.5348~7.0695;136000~196999;0
18610;*;*;33~40;6.005813953;1.165697674;942;344;*;136000~196999;0
18611;*;*;33~40;5.120192308;1.192307692;497;208;*;136000~196999;0
18612;*;*;17~24;6.474167623;1.026406429;2670;871;3.5348~7.0695;258000~318999;0
18613;*;*;41~48;6.617486339;1.371584699;915;366;*;197000~257999;0
18614;*;*;25~32;4.921686747;1.114457831;939;332;3.5348~7.0695;197000~257999;0
18615;*;*;33~40;5.46875;1.126953125;1353;512;*;197000~257999;0
18616;*;*;33~40;5.627403846;1.080528846;2143;832;*;197000~257999;0
18617;*;*;17~24;5.255543823;1.049630412;1987;947;3.5348~7.0695;258000~318999;0
18618;*;*;17~24;6.605113636;1.041193182;2014;704;3.5348~7.0695;319000~379999;0
18619;*;*;17~24;7.790697674;1.069767442;345;129;7.0696~10.6043;*;0
18620;*;*;25~32;6.332317073;1.042682927;816;328;3.5348~7.0695;380000~501999;0
18621;*;*;17~24;5.430232558;1.104651163;229;86;3.5348~7.0695;258000~318999;0
18622;*;*;33~40;7.157480315;1.448818898;682;254;*;197000~257999;0
18623;*;*;9~16;4.938574939;1.036855037;784;407;3.5348~7.0695;136000~196999;0
18624;*;*;17~24;5.618852459;1.047814208;2006;732;3.5348~7.0695;258000~318999;0
18625;*;*;17~24;5.994227994;1.066378066;2149;693;3.5348~7.0695;319000~379999;0
18626;*;*;17~24;7;1.046920821;913;341;7.0696~10.6043;*;1
18627;*;*;17~24;6.82962963;1.148148148;361;135;3.5348~7.0695;319000~379999;1
18628;*;*;17~24;6.350993377;1.006622517;798;302;7.0696~10.6043;*;1
18629;*;*;17~24;7.176470588;1.205882353;670;238;3.5348~7.0695;319000~379999;1
18630;*;*;33~40;7.388349515;1.116504854;677;206;*;319000~379999;1
18631;*;*;17~24;7.259459459;1.097297297;511;185;3.5348~7.0695;380000~501999;0
18632;*;*;9~16;6.008849558;0.955752212;306;113;3.5348~7.0695;258000~501999;1
18633;*;*;9~16;6.412621359;1.087378641;650;206;3.5348~7.0695;258000~501999;0
18634;*;*;17~24;6.167682927;1.195121951;955;328;3.5348~7.0695;319000~379999;0
18635;*;*;17~24;6.512195122;1.01897019;1149;369;3.5348~7.0695;258000~318999;0
18636;*;*;17~24;6.445414847;1.043668122;2616;916;3.5348~7.0695;319000~379999;0
18637;*;*;17~24;5.905982906;1.017094017;1044;351;3.5348~7.0695;319000~379999;0
18638;*;*;9~16;5.001473839;1.071481209;3416;1357;3.5348~7.0695;258000~501999;0
18639;*;*;25~32;5.351351351;0.897297297;522;185;3.5348~7.0695;258000~318999;0
18640;*;*;25~32;4.324193548;1.019354839;1652;620;0.0000~3.5347;197000~257999;0
18641;*;*;9~16;4.535612536;1.051282051;1039;351;3.5348~7.0695;197000~257999;0
18642;*;*;25~32;4.813211845;0.961275626;1365;439;3.5348~7.0695;197000~257999;0
18643;*;*;17~24;4.426656151;1.041798107;3018;1268;0.0000~3.5347;197000~257999;0
18644;*;*;17~24;4.664345404;1.026462396;1952;718;3.5348~7.0695;197000~257999;0
18645;*;*;1~32;4.527202073;1.059585492;2186;772;0.0000~3.5347;258000~501999;0
18646;*;*;1~16;4.392496392;1.134199134;1306;693;0.0000~3.5347;197000~257999;0
18647;*;*;33~40;5.50305499;1.315682281;1136;491;*;197000~257999;0
18648;*;*;41~48;6375;1.36;451;200;*;380000~501999;0
18649;*;*;1~32;5.573248408;1.280254777;300;157;0.0000~3.5347;258000~501999;0
18650;*;*;33~40;6.572748268;1.277136259;939;433;*;258000~318999;0
18651;*;*;17~24;4.399759904;1.044417767;1954;833;0.0000~3.5347;197000~257999;0
18652;*;*;25~32;4.233862434;1.057142857;1808;945;0.0000~3.5347;197000~257999;0
18653;*;*;25~32;4.637283237;1.044797688;1489;692;3.5348~7.0695;197000~257999;0
18654;*;*;1~16;4.682251908;1.065839695;2265;1048;0.0000~3.5347;197000~257999;0
18655;*;*;17~24;5.897274633;1.041928721;1337;477;3.5348~7.0695;197000~257999;0
18656;*;*;1~16;4.895189003;1.147766323;1546;582;0.0000~3.5347;197000~257999;0
18657;*;*;1~32;4.941714286;1.181714286;1844;875;0.0000~3.5347;258000~501999;0
18658;*;*;17~24;5.972222222;1.115079365;1360;504;3.5348~7.0695;258000~318999;0
18659;*;*;1~32;4.674634794;1.103585657;1486;753;0.0000~3.5347;258000~501999;0
18660;*;*;33~40;4.66957606;1.194513716;1622;802;*;258000~318999;0
18661;*;*;1~32;4.895774648;1.188732394;746;355;0.0000~3.5347;258000~501999;0
18662;*;*;17~24;5.940186916;1.028037383;2954;1070;3.5348~7.0695;258000~318999;0
18663;*;*;25~32;5.580808081;1.075757576;1082;396;3.5348~7.0695;258000~318999;0
18664;*;*;1~32;5.219810041;0.986431479;1725;737;0.0000~3.5347;258000~501999;0
18665;*;*;17~24;4.818318318;1.123123123;1423;666;0.0000~3.5347;197000~257999;0
18666;*;*;9~16;5.396694215;1.090909091;2004;847;3.5348~7.0695;197000~257999;0
18667;*;*;9~16;6.904876099;1.112709832;3706;1251;3.5348~7.0695;258000~501999;1
18668;*;*;17~24;6.448863636;1.095454545;2197;880;3.5348~7.0695;319000~379999;0
18669;*;*;1~16;5.303523035;1.105691057;865;369;0.0000~3.5347;197000~257999;0
18670;*;*;17~24;5.395806029;0.985583224;2001;763;3.5348~7.0695;258000~318999;0
18671;*;*;17~24;5.336225597;1.184381779;1807;922;0.0000~3.5347;197000~257999;0
18672;*;*;25~32;6.140319716;1.241563055;1327;563;3.5348~7.0695;197000~257999;0
18673;*;*;17~24;6.351875809;1.056921087;1971;773;3.5348~7.0695;258000~318999;0
18674;*;*;17~24;6.097039474;1.235197368;1420;608;3.5348~7.0695;258000~318999;0
18675;*;*;17~24;6.538065844;1.131687243;2304;972;3.5348~7.0695;319000~379999;0
18676;*;*;17~24;8.751201923;1.481971154;1849;832;3.5348~7.0695;319000~379999;0
18677;*;*;1~8;6.090460526;1.116776316;1375;608;3.5348~7.0695;258000~501999;0
18678;*;*;25~32;5.979343864;1.174969623;2319;823;3.5348~7.0695;258000~318999;0
18679;*;*;17~24;7.858356941;1.393767705;1283;353;3.5348~7.0695;319000~379999;0
18680;*;*;1~32;8.420689655;2.151724138;1301;290;0.0000~3.5347;258000~501999;0
18681;*;*;1~32;28.6;4.945454545;142;55;0.0000~3.5347;258000~501999;0
18682;*;*;25~32;7.033678756;1.168393782;1154;386;3.5348~7.0695;258000~318999;1
18683;*;*;17~24;6.525773196;1.038291605;1764;679;3.5348~7.0695;258000~318999;1
18684;*;*;9~16;5.840449438;0.966292135;1417;445;3.5348~7.0695;258000~501999;1
18685;*;*;1~32;5.909937888;1.086956522;760;322;0.0000~3.5347;258000~501999;1
18686;*;*;1~32;7.08;1345;779;200;0.0000~3.5347;258000~501999;1
18687;*;*;17~24;5.268156425;1.189944134;544;179;3.5348~7.0695;197000~257999;1
18688;*;*;17~24;5.297413793;1.094827586;687;232;3.5348~7.0695;258000~318999;1
18689;*;*;17~24;5.701812191;1.044481054;2790;607;3.5348~7.0695;136000~196999;1
18690;*;*;25~32;5.163398693;0.990196078;1066;306;3.5348~7.0695;197000~257999;1
18691;*;*;17~24;5.009478673;0.966824645;2389;844;0.0000~3.5347;197000~257999;1
18692;*;*;25~32;5.792490119;1.057312253;1954;506;0.0000~3.5347;197000~257999;1
18693;*;*;17~24;4552;1056;542;125;0.0000~3.5347;136000~196999;1
18694;*;*;25~32;3.045238095;1.042857143;1276;420;0.0000~3.5347;75000~135999;2
18695;*;*;41~48;4.682997118;1.129682997;944;347;0.0000~3.5347;14000~74999;2
18696;*;*;25~32;4.324210526;1.042105263;835;475;0.0000~3.5347;75000~135999;2
18697;*;*;33~40;4.872586873;1.030888031;520;259;0.0000~3.5347;14000~74999;2
18698;*;*;33~40;4.720626632;1.002610966;807;383;0.0000~3.5347;14000~74999;2
18699;*;*;17~24;4.674329502;1.053639847;800;261;0.0000~3.5347;75000~135999;2
18700;*;*;1~8;5.196351931;1.064377682;2223;932;0.0000~3.5347;14000~135999;2
18701;*;*;17~24;5.504672897;0.906542056;338;107;0.0000~3.5347;75000~135999;2
18702;*;*;17~24;5.244299674;1;748;307;0.0000~3.5347;75000~135999;2
18703;*;*;41~48;4.396484375;1.05859375;1479;512;0.0000~3.5347;14000~74999;2
18704;*;*;17~24;5.430952381;0.971428571;1164;420;0.0000~3.5347;75000~135999;2
18705;*;*;33~40;5.333333333;1.052631579;647;228;0.0000~3.5347;75000~135999;2
18706;*;*;25~32;5.854497354;1.031746032;1096;378;3.5348~7.0695;14000~135999;2
18707;*;*;33~40;4.28021978;1.020879121;1782;910;0.0000~3.5347;75000~135999;2
18708;*;*;33~40;5.525333333;1.026666667;1029;375;0.0000~3.5347;75000~135999;2
18709;*;*;41~48;5.215053763;1.075268817;747;279;0.0000~3.5347;75000~135999;2
18710;*;*;33~40;5.7;1.146666667;468;150;0.0000~3.5347;75000~135999;2
18711;*;*;17~24;5.153217569;0.992849847;2220;979;0.0000~3.5347;136000~196999;2
18712;*;*;17~24;5.772058824;1.139705882;417;136;0.0000~3.5347;14000~74999;2
18713;*;*;17~24;5.203647416;0.933130699;963;329;3.5348~7.0695;136000~196999;2
18714;*;*;9~16;6.834909716;1.125537403;3176;1163;3.5348~7.0695;14000~135999;2
18715;*;*;17~24;5.95045045;1.166666667;749;222;0.0000~3.5347;75000~135999;2
18716;*;*;9~16;5.542196532;1.027745665;2162;865;0.0000~3.5347;75000~135999;2
18717;*;*;1~8;6.360097324;1.053527981;1275;411;0.0000~3.5347;14000~135999;2
18718;*;*;17~24;4.77173913;1.063043478;1021;460;0.0000~3.5347;14000~74999;2
18719;*;*;9~16;4.452425373;1.056902985;2101;1072;0.0000~3.5347;75000~135999;2
18720;*;*;1~8;4.035853468;1.041309431;2557;1283;0.0000~3.5347;14000~135999;2
18721;*;*;9~16;5.379104478;1.050746269;1598;670;0.0000~3.5347;75000~135999;2
18722;*;*;9~16;4.621589561;1.051008304;1902;843;0.0000~3.5347;75000~135999;2
18723;*;*;9~16;6.716923077;1.135384615;1061;325;3.5348~7.0695;136000~196999;2
18724;*;*;1~8;5.5942156;1.056967572;2965;1141;3.5348~7.0695;14000~135999;2
18725;*;*;1~8;7.069343066;1.277372263;756;274;0.0000~3.5347;14000~135999;2
18726;*;*;17~24;5.699453552;1.114754098;505;183;0.0000~3.5347;75000~135999;2
18727;*;*;17~24;4.599231754;1.111395647;1865;781;0.0000~3.5347;14000~74999;2
18728;*;*;25~32;6.185344828;1.00862069;544;232;0.0000~3.5347;136000~196999;2
18729;*;*;17~24;4.980079681;0.928286853;1428;502;0.0000~3.5347;75000~135999;2
18730;*;*;9~16;6.261261261;0.966966967;1077;333;3.5348~7.0695;136000~196999;2
18731;*;*;17~24;5.085365854;1.031165312;1952;738;0.0000~3.5347;75000~135999;2
18732;*;*;25~32;5.418269231;1.177884615;538;208;0.0000~3.5347;14000~74999;2
18733;*;*;25~32;5.007017544;1.066666667;692;285;0.0000~3.5347;75000~135999;2
18734;*;*;17~24;6.228915663;1.042168675;951;332;3.5348~7.0695;14000~135999;2
18735;*;*;17~24;5.147058824;1.035294118;834;340;0.0000~3.5347;75000~135999;2
18736;*;*;17~24;5.936031332;1.010443864;2269;766;3.5348~7.0695;14000~135999;2
18737;*;*;9~16;4.975133215;1.090586146;1695;563;0.0000~3.5347;75000~135999;2
18738;*;*;9~16;4.513888889;0.998842593;2145;864;0.0000~3.5347;75000~135999;2
18739;*;*;17~24;5.253456221;1.043778802;976;434;0.0000~3.5347;75000~135999;2
18740;*;*;25~32;5.525641026;1.153846154;231;78;0.0000~3.5347;75000~135999;2
18741;*;*;17~24;4.935698448;1.086474501;859;451;0.0000~3.5347;14000~74999;2
18742;*;*;25~32;4.723542117;1.019438445;1339;463;0.0000~3.5347;14000~74999;2
18743;*;*;9~16;5554;1006;1432;500;0.0000~3.5347;75000~135999;2
18744;*;*;9~16;5.404710921;0.961456103;1374;467;0.0000~3.5347;75000~135999;2
18745;*;*;9~16;6.049404499;1.015438906;6511;2267;3.5348~7.0695;14000~135999;2
18746;*;*;9~16;4.853131749;1.084233261;1206;463;0.0000~3.5347;75000~135999;2
18747;*;*;17~24;6.169603524;1.116740088;1318;454;0.0000~3.5347;75000~135999;2
18748;*;*;17~24;5.710638298;1.018439716;1731;705;0.0000~3.5347;75000~135999;2
18749;*;*;17~24;5.837378641;1.155339806;1197;412;0.0000~3.5347;75000~135999;2
18750;*;*;17~24;5.287610619;1.07079646;1131;452;0.0000~3.5347;75000~135999;2
18751;*;*;9~16;5.626666667;1.017777778;1183;450;0.0000~3.5347;75000~135999;2
18752;*;*;17~24;5.063063063;1.101351351;1132;444;0.0000~3.5347;75000~135999;2
18753;*;*;17~24;5.011299435;1.04519774;875;354;0.0000~3.5347;14000~74999;2
18754;*;*;25~32;4.757575758;1.0171278;2060;759;0.0000~3.5347;14000~74999;2
18755;*;*;33~40;4.56641604;1.125313283;930;399;0.0000~3.5347;14000~74999;2
18756;*;*;25~32;4.716216216;1.024324324;1011;370;0.0000~3.5347;14000~74999;2
18757;*;*;9~16;5.207762557;1.01369863;1274;438;0.0000~3.5347;14000~74999;2
18758;*;*;17~24;5.388781431;1.081237911;1528;517;0.0000~3.5347;75000~135999;2
18759;*;*;1~16;5.977161501;1.055464927;1686;613;0.0000~3.5347;136000~196999;2
18760;*;*;9~16;5.997821351;1.076252723;1414;459;3.5348~7.0695;14000~135999;2
18761;*;*;9~16;5705;1.1;563;200;0.0000~3.5347;75000~135999;2
18762;*;*;9~16;5.487128713;1.081188119;1423;505;3.5348~7.0695;14000~135999;2
18763;*;*;17~24;4.912969283;0.986348123;1399;586;0.0000~3.5347;75000~135999;2
18764;*;*;17~24;6.215859031;1.453744493;494;227;0.0000~3.5347;75000~135999;2
18765;*;*;17~24;5.486618005;1.01216545;1171;411;0.0000~3.5347;75000~135999;2
18766;*;*;9~16;5.796803653;1.063926941;1271;438;3.5348~7.0695;136000~196999;2
18767;*;*;17~24;6.48015873;0.964285714;750;252;3.5348~7.0695;136000~196999;2
18768;*;*;17~24;6.556213018;1.118343195;1006;338;3.5348~7.0695;14000~135999;2
18769;*;*;9~16;4.786290323;0.951612903;728;248;0.0000~3.5347;14000~74999;2
18770;*;*;25~32;4.72859745;1.014571949;1536;549;0.0000~3.5347;14000~74999;2
18771;*;*;25~32;3.919753086;1.12654321;840;324;0.0000~3.5347;14000~74999;2
18772;*;*;17~24;4.674342105;1.052631579;1658;608;0.0000~3.5347;14000~74999;2
18773;*;*;17~24;4.85229202;1.039049236;1422;589;0.0000~3.5347;14000~74999;2
18774;*;*;25~32;4.978062157;1.007312614;1326;547;0.0000~3.5347;14000~74999;2
18775;*;*;25~32;5.449152542;1.148305085;694;236;0.0000~3.5347;14000~74999;2
18776;*;*;9~16;5.132553606;1.033138402;1324;513;0.0000~3.5347;75000~135999;2
18777;*;*;25~32;6.013333333;1.07;782;300;3.5348~7.0695;14000~135999;2
18778;*;*;17~24;5.832653061;1.081632653;692;245;0.0000~3.5347;75000~135999;2
18779;*;*;17~24;5.473958333;0.981770833;1059;384;0.0000~3.5347;75000~135999;2
18780;*;*;25~32;4.492647059;1.034313725;939;408;0.0000~3.5347;14000~74999;2
18781;*;*;17~24;5.32278481;1.050632911;887;316;0.0000~3.5347;75000~135999;2
18782;*;*;25~32;5.60483871;1.016129032;319;124;0.0000~3.5347;75000~135999;2
18783;*;*;25~32;5.201663202;1.087318087;1296;481;0.0000~3.5347;14000~74999;2
18784;*;*;17~24;4.583497053;1.009823183;1308;509;0.0000~3.5347;14000~74999;2
18785;*;*;17~24;5.345565749;1.03058104;921;327;0.0000~3.5347;75000~135999;2
18786;*;*;9~16;5.491712707;2.403314917;495;181;0.0000~3.5347;75000~135999;2
18787;*;*;9~16;5.398176292;1.069908815;1801;658;0.0000~3.5347;75000~135999;2
18788;*;*;9~16;5.648760331;1.035123967;1413;484;0.0000~3.5347;75000~135999;2
18789;*;*;9~16;5.920187793;1.098591549;1970;639;0.0000~3.5347;75000~135999;2
18790;*;*;17~24;5.539449541;1.060550459;1538;545;0.0000~3.5347;75000~135999;2
18791;*;*;17~24;5.628571429;1.19047619;512;210;0.0000~3.5347;14000~74999;2
18792;*;*;25~32;4.797507788;0.981308411;883;321;0.0000~3.5347;75000~135999;2
18793;*;*;9~16;5.850485437;0.94368932;1361;515;3.5348~7.0695;136000~196999;2
18794;*;*;17~24;6.856687898;1.468152866;903;314;0.0000~3.5347;75000~135999;2
18795;*;*;33~40;7.871794872;1.824175824;631;273;0.0000~3.5347;14000~74999;2
18796;*;*;17~24;7.046728972;1.504672897;247;107;0.0000~3.5347;75000~135999;2
18797;*;*;17~24;7.544692737;1.600558659;892;358;0.0000~3.5347;75000~135999;2
18798;*;*;9~16;5.814102564;1.33974359;1356;468;0.0000~3.5347;14000~74999;2
18799;*;*;25~32;5.742718447;1.339805825;513;206;0.0000~3.5347;14000~74999;2
18800;*;*;17~24;6.935960591;1.573891626;1027;406;0.0000~3.5347;14000~74999;2
18801;*;*;9~16;6.364341085;1.317829457;477;129;0.0000~3.5347;75000~135999;2
18802;*;*;9~16;6.273279352;1.050607287;1447;494;3.5348~7.0695;136000~196999;2
18803;*;*;17~24;5.498201439;1.037769784;1497;556;0.0000~3.5347;75000~135999;2
18804;*;*;9~16;6.241144414;1.20027248;1799;734;0.0000~3.5347;75000~135999;2
18805;*;*;1~8;8.117845118;1.558922559;786;297;0.0000~3.5347;14000~135999;2
18806;*;*;9~16;7.334346505;1.592705167;805;329;0.0000~3.5347;75000~135999;2
18807;*;*;17~24;7.034591195;1.364779874;834;318;0.0000~3.5347;75000~135999;2
18808;*;*;25~32;5.508710801;1.041811847;776;287;0.0000~3.5347;75000~135999;2
18809;*;*;9~16;5.572796935;1.051724138;1537;522;0.0000~3.5347;14000~74999;2
18810;*;*;17~24;5.527114967;1.164859002;1118;461;0.0000~3.5347;14000~74999;2
18811;*;*;17~24;5.491428571;1.174285714;872;350;0.0000~3.5347;14000~74999;2
18812;*;*;9~16;7.370165746;1.425414365;915;362;0.0000~3.5347;75000~135999;2
18813;*;*;17~24;6.192307692;1.158371041;1168;442;0.0000~3.5347;75000~135999;2
18814;*;*;33~40;5.915451895;1.102040816;936;343;0.0000~3.5347;75000~135999;2
18815;*;*;25~32;6.985074627;1.228855721;544;201;0.0000~3.5347;14000~74999;2
18816;*;*;9~16;6.205574913;1.205574913;734;287;0.0000~3.5347;75000~135999;2
18817;*;*;25~32;11.57251908;2.20610687;304;131;0.0000~3.5347;14000~74999;2
18818;*;*;33~40;6.272727273;1.172727273;305;110;0.0000~3.5347;14000~74999;2
18819;*;*;17~24;9.426315789;1.873684211;432;190;3.5348~7.0695;14000~135999;2
18820;*;*;49~56;5.285714286;1125;143;56;*;14000~135999;2
18821;*;*;41~48;8.8;2.013793103;358;145;0.0000~3.5347;14000~74999;2
18822;*;*;25~32;10.58333333;2.055555556;498;216;0.0000~3.5347;75000~135999;2
18823;*;*;33~40;5.91681736;1.198915009;1467;553;0.0000~3.5347;14000~74999;2
18824;*;*;25~32;6.158892128;1.217201166;1908;686;0.0000~3.5347;14000~74999;2
18825;*;*;17~24;5.988352745;1.15640599;1572;601;0.0000~3.5347;14000~74999;2
18826;*;*;17~24;5.417607223;1.094808126;1109;443;0.0000~3.5347;14000~74999;2
18827;*;*;17~24;5.74695122;1.067073171;953;328;0.0000~3.5347;14000~74999;2
18828;*;*;17~24;5.945859873;1.350318471;802;314;0.0000~3.5347;14000~74999;2
18829;*;*;25~32;5.528301887;1.254716981;1117;424;0.0000~3.5347;14000~74999;2
18830;*;*;25~32;4.976923077;1.223076923;1000;390;0.0000~3.5347;14000~74999;2
18831;*;*;17~24;6.058608059;1.351648352;669;273;0.0000~3.5347;14000~74999;2
18832;*;*;17~24;6.489499192;1.279483037;1634;619;0.0000~3.5347;14000~74999;2
18833;*;*;17~24;6.568627451;1.176470588;947;306;0.0000~3.5347;14000~74999;2
18834;*;*;9~16;4.84004603;1.060989643;1863;869;0.0000~3.5347;14000~74999;2
18835;*;*;33~40;5.474120083;0.950310559;1113;483;0.0000~3.5347;75000~135999;2
18836;*;*;33~40;5.259904913;1.05229794;1492;631;0.0000~3.5347;14000~74999;2
18837;*;*;49~56;5.350877193;1.080701754;661;285;*;14000~135999;2
18838;*;*;9~16;4.903095559;1.078061911;1784;743;0.0000~3.5347;14000~74999;2
18839;*;*;17~24;5.994550409;1.128065395;950;367;0.0000~3.5347;75000~135999;2
18840;*;*;17~24;6.330232558;1.113953488;1108;430;0.0000~3.5347;75000~135999;2
18841;*;*;25~32;5.271341463;1.082317073;848;328;0.0000~3.5347;14000~74999;2
18842;*;*;17~24;6.496969697;1.195454545;1800;660;0.0000~3.5347;75000~135999;2
18843;*;*;25~32;5.298755187;1.091286307;600;241;0.0000~3.5347;14000~74999;2
18844;*;*;33~40;6.54009434;1.601415094;1066;424;0.0000~3.5347;14000~74999;2
18845;*;*;9~16;6.500729927;1.16350365;1817;685;0.0000~3.5347;75000~135999;2
18846;*;*;17~24;6.517667845;1.137809187;1544;566;0.0000~3.5347;75000~135999;2
18847;*;*;41~48;5.332541568;1.064133017;1155;421;0.0000~3.5347;14000~74999;2
18848;*;*;25~32;4.672972973;1.132432432;929;370;0.0000~3.5347;14000~74999;2
18849;*;*;17~24;5.384615385;1.177514793;370;169;0.0000~3.5347;75000~135999;2
18850;*;*;41~48;5.59437751;1.180722892;521;249;0.0000~3.5347;14000~74999;2
18851;*;*;9~16;4.713114754;1.051229508;1151;488;0.0000~3.5347;75000~135999;2
18852;*;*;25~32;5.782051282;1.121082621;1700;702;0.0000~3.5347;75000~135999;2
18853;*;*;9~16;5.950282486;1.164971751;2147;885;0.0000~3.5347;75000~135999;2
18854;*;*;9~16;6.157303371;1.130337079;1188;445;0.0000~3.5347;75000~135999;2
18855;*;*;25~32;7.12;1.6;55;25;0.0000~3.5347;14000~74999;2
18856;*;*;33~40;5.915407855;1.166163142;725;331;0.0000~3.5347;14000~74999;2
18857;*;*;49~56;5.537423313;1.208588957;1926;815;*;14000~135999;2
18858;*;*;25~32;12.80851064;3.255319149;112;47;0.0000~3.5347;14000~74999;2
18859;*;*;49~56;5.692634561;1.16713881;1728;706;*;14000~135999;2
18860;*;*;9~16;6.578947368;1.091755939;6456;2147;3.5348~7.0695;136000~196999;0
18861;*;*;1~8;5.630107527;1.03655914;4361;1395;3.5348~7.0695;197000~257999;0
18862;*;*;25~32;5.010869565;1.094202899;1441;552;0.0000~3.5347;75000~135999;0
18863;*;*;33~40;5.200980392;0.980392157;1189;408;0.0000~3.5347;75000~135999;0
18864;*;*;33~48;5.428057554;1.001798561;1445;556;3.5348~7.0695;14000~135999;0
18865;*;*;41~48;4.946428571;0.900510204;968;392;0.0000~3.5347;75000~135999;0
18866;*;*;33~40;4.497584541;0.874396135;566;207;0.0000~3.5347;75000~135999;0
18867;*;*;33~40;5.159919028;0.967611336;1275;494;0.0000~3.5347;75000~135999;0
18868;*;*;41~48;5.295774648;1.058685446;1057;426;0.0000~3.5347;75000~135999;0
18869;*;*;41~48;5.884765625;1.099609375;1353;512;0.0000~3.5347;75000~135999;0
18870;*;*;41~48;6.002777778;1.222222222;966;360;0.0000~3.5347;75000~135999;0
18871;*;*;33~48;5.894736842;1.051282051;2083;741;3.5348~7.0695;14000~135999;0
18872;*;*;17~24;6.483931947;1.019848771;3205;1058;3.5348~7.0695;136000~196999;0
18873;*;*;33~40;5.447674419;0.843023256;1574;516;0.0000~3.5347;75000~135999;0
18874;*;*;33~40;5.516826923;1.030048077;2920;832;0.0000~3.5347;75000~135999;0
18875;*;*;1~8;7.220479705;1.104243542;7025;2168;3.5348~7.0695;197000~257999;0
18876;*;*;41~48;5.048484848;1.139393939;652;165;0.0000~3.5347;75000~135999;0
18877;*;*;25~32;4.556476684;1.033160622;2539;965;0.0000~3.5347;75000~135999;0
18878;*;*;1~16;5.042553191;1.10453284;2957;1081;0.0000~3.5347;136000~196999;0
18879;*;*;17~24;3.142487047;1.023316062;699;386;0.0000~3.5347;75000~135999;0
18880;*;*;25~32;3.350505051;1.068686869;1794;990;0.0000~3.5347;75000~135999;0
18881;*;*;49~56;3.594202899;1.246376812;173;69;*;14000~135999;0
18882;*;*;49~56;5.615141956;1.176656151;824;317;*;14000~135999;0
18883;*;*;49~56;4.763374486;1.144032922;1113;486;*;136000~196999;0
18884;*;*;49~56;4.456582633;1.042016807;817;357;*;14000~135999;0
18885;*;*;41~48;4.891381346;1.056670602;2240;847;0.0000~3.5347;75000~135999;0
18886;*;*;49~56;6.029315961;1.159609121;849;307;*;14000~135999;0
18887;*;*;49~56;4.427645788;1.062634989;1277;463;*;14000~135999;0
18888;*;*;41~48;5.11143695;1.137829912;889;341;0.0000~3.5347;75000~135999;0
18889;*;*;41~48;4.843866171;1.033457249;694;269;0.0000~3.5347;75000~135999;0
18890;*;*;49~56;6.328671329;1.013986014;1006;429;*;136000~196999;0
18891;*;*;41~48;6.187242798;1.0781893;1152;486;*;136000~196999;0
18892;*;*;49~56;6.535603715;0.959752322;772;323;*;136000~196999;0
18893;*;*;25~32;5.057899902;1.063788027;2459;1019;0.0000~3.5347;136000~196999;0
18894;*;*;33~48;5.979591837;1.046382189;1325;539;3.5348~7.0695;14000~135999;0
18895;*;*;33~40;5.673040153;0.956022945;1243;523;*;136000~196999;0
18896;*;*;41~48;6.687242798;1.049382716;578;243;*;136000~196999;0
18897;*;*;41~48;4.681818182;1.041958042;794;286;0.0000~3.5347;75000~135999;0
18898;*;*;49~56;5.163755459;1.100436681;1131;458;*;14000~135999;0
18899;*;*;49~56;4.590322581;1.137096774;1519;620;*;14000~135999;0
18900;*;*;49~56;4.087628866;1.113402062;505;194;*;14000~135999;0
18901;*;*;49~56;5.43554007;1.229965157;670;287;*;14000~135999;0
18902;*;*;49~56;4.86389414;1.207939509;1238;529;*;14000~135999;0
18903;*;*;25~32;4.854460094;1.148669797;1623;639;0.0000~3.5347;75000~135999;0
18904;*;*;41~48;5.060640732;1.145308924;2109;874;0.0000~3.5347;75000~135999;0
18905;*;*;41~48;5.137560976;1.138536585;3124;1025;0.0000~3.5347;75000~135999;0
18906;*;*;25~32;5.291845494;0.959942775;2388;699;3.5348~7.0695;14000~135999;0
18907;*;*;33~48;5.471590909;0.903409091;392;176;3.5348~7.0695;14000~135999;0
18908;*;*;9~16;5.766176471;1.069117647;2830;680;3.5348~7.0695;14000~135999;0
18909;*;*;9~16;5.843648208;1.007600434;3928;921;3.5348~7.0695;136000~196999;0
18910;*;*;25~32;4.357446809;1.120567376;1375;705;0.0000~3.5347;75000~135999;0
18911;*;*;9~16;5.15127582;1.068651276;5008;1646;3.5348~7.0695;14000~135999;0
18912;*;*;9~16;6.006167401;1.046696035;4163;1135;3.5348~7.0695;136000~196999;0
18913;*;*;17~24;5.493408663;1.02259887;1878;531;3.5348~7.0695;14000~135999;0
18914;*;*;1~8;6.949864499;0.589430894;2824;738;3.5348~7.0695;136000~196999;0
18915;*;*;33~40;5.309322034;1.008474576;753;236;0.0000~3.5347;75000~135999;0
18916;*;*;33~40;5.268656716;0.970149254;792;268;0.0000~3.5347;75000~135999;0
18917;*;*;1~16;4.893542757;1.02443281;1083;573;0.0000~3.5347;136000~196999;0
18918;*;*;49~56;4.62745098;1.120098039;830;408;*;136000~196999;0
18919;*;*;33~40;5.754137116;1.011820331;926;423;*;197000~257999;0
18920;*;*;17~24;6.109979633;1.069246436;1207;491;3.5348~7.0695;197000~257999;0
18921;*;*;9~16;6.196762142;1.057285181;2089;803;3.5348~7.0695;197000~257999;0
18922;*;*;9~16;7.8125;1.022058824;857;272;3.5348~7.0695;197000~257999;0
18923;*;*;9~16;5.643300799;1.096716948;2876;1127;3.5348~7.0695;136000~196999;0
18924;*;*;9~16;5.615015974;1;1764;626;3.5348~7.0695;136000~196999;0
18925;*;*;9~16;5.762452107;1.019157088;1381;522;3.5348~7.0695;136000~196999;0
18926;*;*;1~8;6.707512764;1.014587892;8276;2742;3.5348~7.0695;197000~257999;0
18927;*;*;1~8;6.055063291;1.094303797;4620;1580;3.5348~7.0695;197000~257999;0
18928;*;*;1~8;5.339130435;1.026086957;278;115;3.5348~7.0695;136000~196999;0
18929;*;*;25~32;5.240331492;1.066298343;1756;724;0.0000~3.5347;136000~196999;0
18930;*;*;25~32;5.649501661;1.023255814;1750;602;3.5348~7.0695;136000~196999;0
18931;*;*;9~16;4.912408759;1.058394161;318;137;0.0000~3.5347;75000~135999;0
18932;*;*;33~40;5.847908745;0.969581749;669;263;*;136000~196999;0
18933;*;*;17~24;7.254464286;1.066964286;703;224;3.5348~7.0695;319000~379999;0
18934;*;*;17~24;7.233333333;0.981481481;658;270;7.0696~10.6043;*;0
18935;*;*;17~24;8.035714286;1.107142857;812;308;7.0696~10.6043;*;0
18936;*;*;1~8;7.209251101;1.09030837;1497;454;3.5348~7.0695;136000~196999;0
18937;*;*;1~8;6.335913313;1.007739938;2228;646;3.5348~7.0695;136000~196999;0
18938;*;*;9~16;7.616883117;0.948051948;450;154;3.5348~7.0695;197000~257999;2
18939;*;*;9~16;7.494404883;1.060020346;3193;983;3.5348~7.0695;136000~196999;0
18940;*;*;9~16;7.075664622;1.018404908;3196;978;3.5348~7.0695;136000~196999;2
18941;*;*;1~8;5.744265081;1.048428207;3237;1177;3.5348~7.0695;136000~196999;2
18942;*;*;1~8;10.27217125;1.311926606;2012;654;3.5348~7.0695;258000~501999;2
18943;*;*;9~16;4.790322581;0.986352357;2129;806;3.5348~7.0695;14000~135999;2
18944;*;*;25~32;6.770491803;1.010245902;1464;488;3.5348~7.0695;14000~135999;2
18945;*;*;9~16;6.573264781;1.070694087;2418;778;3.5348~7.0695;136000~196999;2
18946;*;*;1~8;7.507177033;0.95215311;713;209;3.5348~7.0695;197000~257999;2
18947;*;*;1~8;6.663507109;1.128909953;3238;1055;3.5348~7.0695;136000~196999;2
18948;*;*;1~8;7.388888889;1.086700337;4010;1188;3.5348~7.0695;136000~196999;2
18949;*;*;33~40;6.261904762;1.738095238;88;42;*;136000~196999;2
18950;*;*;25~32;5.487179487;1.020512821;631;195;0.0000~3.5347;75000~135999;2
18951;*;*;33~48;5.783549784;1.086580087;680;231;3.5348~7.0695;14000~135999;2
18952;*;*;33~40;6.100671141;1.083892617;953;298;0.0000~3.5347;75000~135999;2
18953;*;*;33~40;5.087947883;0.941368078;898;307;0.0000~3.5347;75000~135999;2
18954;*;*;33~40;5.621621622;0.995495495;672;222;0.0000~3.5347;75000~135999;2
18955;*;*;9~16;5.065092534;1.043395022;4390;1567;3.5348~7.0695;14000~135999;2
18956;*;*;33~40;4.779527559;0.960629921;632;254;0.0000~3.5347;75000~135999;2
18957;*;*;33~48;5.236842105;0.947368421;101;38;3.5348~7.0695;14000~135999;2
18958;*;*;33~40;4.384068279;0.998577525;1795;703;0.0000~3.5347;75000~135999;2
18959;*;*;33~40;4.339483395;1.073800738;648;271;0.0000~3.5347;75000~135999;2
18960;*;*;25~32;4.717647059;1.125490196;571;255;0.0000~3.5347;75000~135999;2
18961;*;*;49~56;5.490566038;1.235849057;241;106;*;14000~135999;2
18962;*;*;17~24;5.225127088;1.02832244;3927;1377;0.0000~3.5347;75000~135999;2
18963;*;*;9~16;4.636363636;1.039738704;4508;1837;0.0000~3.5347;75000~135999;2
18964;*;*;17~24;4.897400821;1.005471956;1959;731;0.0000~3.5347;75000~135999;2
18965;*;*;25~32;4.566765579;1.034619189;2685;1011;0.0000~3.5347;75000~135999;2
18966;*;*;25~32;4.598930481;1.052139037;2085;748;0.0000~3.5347;75000~135999;2
18967;*;*;33~40;4.813895782;0.952853598;1177;403;0.0000~3.5347;75000~135999;2
18968;*;*;17~24;5.263529412;1.091764706;1169;425;0.0000~3.5347;75000~135999;2
18969;*;*;17~24;5.005134788;0.979460847;2198;779;0.0000~3.5347;75000~135999;2
18970;*;*;17~24;5.979605263;1.014473684;4758;1520;3.5348~7.0695;14000~135999;2
18971;*;*;1~8;5.059440559;1.052447552;1566;572;3.5348~7.0695;14000~135999;2
18972;*;*;1~8;7.694029851;1.279850746;872;268;3.5348~7.0695;136000~196999;2
18973;*;*;9~16;7.076923077;1.051282051;495;156;3.5348~7.0695;136000~196999;2
18974;*;*;17~24;4.307332293;1.180967239;2612;641;0.0000~3.5347;75000~135999;2
18975;*;*;25~32;4.751141553;1.04109589;1005;438;0.0000~3.5347;75000~135999;2
18976;*;*;9~16;6.197026022;1.005576208;1923;538;3.5348~7.0695;14000~135999;2
18977;*;*;9~16;5.832591273;1.023152271;3570;1123;3.5348~7.0695;136000~196999;2
18978;*;*;9~16;5875;0.983695652;792;184;3.5348~7.0695;14000~135999;2
18979;*;*;9~16;5.214452214;1.058275058;1255;429;0.0000~3.5347;75000~135999;2
18980;*;*;1~8;6.279615795;1.010138741;6657;1874;3.5348~7.0695;136000~196999;2
18981;*;*;1~8;5.502212389;0.973451327;1545;452;3.5348~7.0695;136000~196999;2
18982;*;*;9~16;6.52764613;1.12164297;2087;633;3.5348~7.0695;136000~196999;2
18983;*;*;1~16;5.723374827;1.048409405;1762;723;0.0000~3.5347;136000~196999;2
18984;*;*;17~24;7675;1.05;368;120;3.5348~7.0695;258000~318999;2
18985;*;*;33~40;5.050650558;1.034386617;9879;2152;0.0000~3.5347;75000~135999;2
18986;*;*;17~24;5.308255659;1.059254328;2899;1502;0.0000~3.5347;75000~135999;2
18987;*;*;1~16;5.092511013;0.95154185;574;227;0.0000~3.5347;136000~196999;2
18988;*;*;25~32;3.5;0.923076923;71;52;0.0000~3.5347;75000~135999;2
18989;*;*;1~8;8.81316726;1.307829181;1791;562;3.5348~7.0695;197000~257999;2
18990;*;*;17~24;5.980327869;1.140983607;934;305;3.5348~7.0695;197000~257999;2
18991;*;*;9~16;7.302180685;1.102803738;1035;321;3.5348~7.0695;258000~501999;2
18992;*;*;9~16;6.661971831;1.007042254;1331;426;3.5348~7.0695;258000~501999;2
18993;*;*;17~24;5.481149013;1.068222621;1434;557;0.0000~3.5347;197000~257999;2
18994;*;*;17~24;5.628037383;1.029906542;1665;535;3.5348~7.0695;197000~257999;2
18995;*;*;9~16;6.072115385;1.014423077;665;208;3.5348~7.0695;258000~501999;2
18996;*;*;25~32;5.602179837;1.125340599;933;367;0.0000~3.5347;136000~196999;2
18997;*;*;9~16;7.95821727;1.038997214;1325;359;3.5348~7.0695;136000~196999;2
18998;*;*;9~16;4.577677225;1.025641026;1597;663;3.5348~7.0695;136000~196999;2
18999;*;*;9~16;7.136986301;1;1099;292;3.5348~7.0695;136000~196999;2
19000;*;*;1~8;5.548330404;0.982425308;1758;569;3.5348~7.0695;136000~196999;2
19001;*;*;1~8;7.153277932;1.046168052;3481;1083;3.5348~7.0695;136000~196999;2
19002;*;*;9~16;6.11872705;1.069767442;2687;817;3.5348~7.0695;136000~196999;2
19003;*;*;1~8;6.572016461;1.034567901;3664;1215;3.5348~7.0695;136000~196999;2
19004;*;*;9~16;5.25307377;1.022540984;2749;976;3.5348~7.0695;14000~135999;2
19005;*;*;25~32;5.78125;1;85;32;3.5348~7.0695;197000~257999;2
19006;*;*;41~48;3.166666667;0.833333333;7460;6;*;136000~196999;2
19007;*;*;33~40;5.334975369;1.068965517;562;203;0.0000~3.5347;75000~135999;2
19008;*;*;41~48;5.573667712;1.062695925;839;319;0.0000~3.5347;75000~135999;2
19009;*;*;33~40;5.511494253;1.045977011;745;348;0.0000~3.5347;75000~135999;2
19010;*;*;33~48;5.474747475;0.944444444;561;198;3.5348~7.0695;14000~135999;2
19011;*;*;17~24;6.47826087;1.008695652;300;115;3.5348~7.0695;136000~196999;2
19012;*;*;17~24;6.43615495;1.037302726;1600;697;3.5348~7.0695;136000~196999;2
19013;*;*;1~16;6.520547945;0.917808219;213;73;7.0696~10.6043;*;2
19014;*;*;25~32;4;1;103;35;3.5348~7.0695;14000~135999;2
19015;*;*;17~24;5.002643172;0.983259912;3182;1135;3.5348~7.0695;14000~135999;2
19016;*;*;9~16;4.934210526;1.049342105;899;304;3.5348~7.0695;14000~135999;2
19017;*;*;17~24;5.66;1064;667;250;3.5348~7.0695;14000~135999;2
19018;*;*;1~8;4.689458689;0.994301994;1911;702;3.5348~7.0695;136000~196999;2
19019;*;*;1~16;4.622478386;1.13832853;1772;694;0.0000~3.5347;197000~257999;2
19020;*;*;9~16;6.126353791;0.963898917;832;277;3.5348~7.0695;14000~135999;2
19021;*;*;9~16;5.54601227;1.030674847;2022;652;3.5348~7.0695;14000~135999;2
19022;*;*;9~16;5.8275;1125;1074;400;3.5348~7.0695;14000~135999;2
19023;*;*;17~24;4.470588235;1.056516724;2386;867;0.0000~3.5347;75000~135999;2
19024;*;*;9~16;5.7421875;1.01953125;748;256;3.5348~7.0695;14000~135999;2
19025;*;*;9~16;5.153724247;0.966719493;1915;631;3.5348~7.0695;136000~196999;2
19026;*;*;33~40;6.084507042;0.915492958;208;71;*;136000~196999;2
19027;*;*;9~16;7.401179941;1.079646018;1043;339;3.5348~7.0695;136000~196999;2
19028;*;*;9~16;7.413729128;1.020408163;1673;539;3.5348~7.0695;136000~196999;2
19029;*;*;25~32;6.759450172;1.082474227;734;291;3.5348~7.0695;136000~196999;2
19030;*;*;9~16;5.572413793;0.944827586;371;145;3.5348~7.0695;197000~257999;2
19031;*;*;9~16;7.381656805;0.979289941;1118;338;3.5348~7.0695;197000~257999;2
19032;*;*;9~16;6.877192982;0.970760234;485;171;3.5348~7.0695;197000~257999;2
19033;*;*;1~8;7.107116105;1.061423221;4095;1335;3.5348~7.0695;136000~196999;2
19034;*;*;17~24;4.714953271;1.051401869;2018;642;0.0000~3.5347;75000~135999;2
19035;*;*;17~24;4.240418118;1.097560976;1538;574;0.0000~3.5347;75000~135999;2
19036;*;*;17~24;6.469135802;1.141975309;469;162;3.5348~7.0695;14000~135999;2
19037;*;*;33~40;6.03539823;0.997787611;1290;452;0.0000~3.5347;75000~135999;2
19038;*;*;33~40;5.570264766;1.097759674;1390;491;0.0000~3.5347;75000~135999;2
19039;*;*;33~40;4.709677419;1;75;31;0.0000~3.5347;75000~135999;2
19040;*;*;33~40;5.057239057;0.949494949;860;297;0.0000~3.5347;75000~135999;2
19041;*;*;25~32;5.453038674;1.005524862;1002;362;0.0000~3.5347;197000~257999;2
19042;*;*;17~24;6.318881119;1.156643357;2230;715;3.5348~7.0695;136000~196999;2
19043;*;*;17~24;6.293577982;0.981651376;348;109;3.5348~7.0695;14000~135999;2
19044;*;*;17~24;5.772189349;1.00887574;1140;338;3.5348~7.0695;14000~135999;2
19045;*;*;9~16;5.703603604;1.063963964;3419;1110;3.5348~7.0695;136000~196999;2
19046;*;*;1~8;9.08045977;1.551724138;235;87;3.5348~7.0695;136000~196999;2
19047;*;*;9~16;6.442065491;0.977329975;2540;794;3.5348~7.0695;136000~196999;2
19048;*;*;25~32;5.204379562;1.070559611;1154;411;0.0000~3.5347;75000~135999;2
19049;*;*;33~40;5.023952096;0.946107784;446;167;0.0000~3.5347;75000~135999;2
19050;*;*;17~24;4.491408935;1.079037801;917;291;0.0000~3.5347;75000~135999;2
19051;*;*;25~32;5.732876712;1.017123288;756;292;3.5348~7.0695;14000~135999;2
19052;*;*;25~32;5.320284698;1.185053381;905;281;0.0000~3.5347;197000~257999;2
19053;*;*;33~40;5.317647059;1.067647059;824;340;0.0000~3.5347;75000~135999;2
19054;*;*;41~48;5.317865429;1.09512761;970;431;0.0000~3.5347;75000~135999;2
19055;*;*;33~40;5.125506073;1.04048583;547;247;*;136000~196999;2
19056;*;*;17~24;5.536231884;0.944927536;1001;345;3.5348~7.0695;14000~135999;2
19057;*;*;33~48;6.340425532;1.117021277;212;94;3.5348~7.0695;14000~135999;2
19058;*;*;25~32;6.795031056;1.17184265;1244;483;3.5348~7.0695;258000~318999;0
19059;*;*;33~40;5.423357664;1.058394161;781;274;*;197000~257999;0
19060;*;*;33~40;5.632727273;1.581818182;863;275;*;197000~257999;0
19061;*;*;17~24;5.121052632;1.052631579;718;380;3.5348~7.0695;197000~257999;0
19062;*;*;1~16;5.286796537;1.069264069;2175;924;0.0000~3.5347;197000~257999;1
19063;*;*;17~24;6.815668203;1.133640553;550;217;3.5348~7.0695;319000~379999;0
19064;*;*;25~32;4.670676692;1.07518797;1262;665;0.0000~3.5347;197000~257999;1
19065;*;*;17~24;4.817097416;1.11332008;1098;503;0.0000~3.5347;136000~196999;0
19066;*;*;33~40;5.197640118;1.032448378;686;339;*;258000~318999;0
19067;*;*;17~24;7.186956522;1.093478261;1374;460;3.5348~7.0695;258000~318999;0
19068;*;*;1~16;4.815483871;1.091612903;1277;775;0.0000~3.5347;197000~257999;0
19069;*;*;25~32;5.99522673;1.051312649;1994;838;3.5348~7.0695;258000~318999;0
19070;*;*;17~24;6.553133515;1.0626703;872;367;3.5348~7.0695;197000~257999;1
19071;*;*;17~24;7.139720559;0.868263473;1371;501;3.5348~7.0695;319000~379999;1
19072;*;*;25~32;5.742957746;1;788;284;0.0000~3.5347;136000~196999;1
19073;*;*;25~32;5.252559727;1.018771331;1411;586;0.0000~3.5347;136000~196999;1
19074;*;*;1~16;5.227941176;1.106617647;1613;544;0.0000~3.5347;136000~196999;1
19075;*;*;17~24;5.248543689;1.067961165;1241;515;0.0000~3.5347;136000~196999;1
19076;*;*;25~32;6.876494024;1.151394422;672;251;3.5348~7.0695;197000~257999;1
19077;*;*;1~8;5.44017094;1.055555556;1657;936;3.5348~7.0695;197000~257999;0
19078;*;*;9~16;5.923832924;1.095823096;1144;407;3.5348~7.0695;258000~501999;1
19079;*;*;17~24;5.234177215;1.139240506;1587;632;0.0000~3.5347;136000~196999;1
19080;*;*;25~32;5.25;1.12037037;680;324;0.0000~3.5347;136000~196999;1
19081;*;*;25~32;4.731075697;1.115537849;1124;502;0.0000~3.5347;136000~196999;1
19082;*;*;17~24;5.091295117;1.106157113;1266;471;0.0000~3.5347;136000~196999;1
19083;*;*;41~48;4.73258427;1.197752809;1141;445;*;136000~196999;1
19084;*;*;17~24;6.082191781;1.126027397;894;365;3.5348~7.0695;197000~257999;1
19085;*;*;25~32;6.280991736;1.203305785;1587;605;3.5348~7.0695;258000~318999;1
19086;*;*;33~40;5.486725664;1.073746313;777;339;*;258000~318999;1
19087;*;*;25~32;4.325966851;0.972375691;784;362;0.0000~3.5347;136000~196999;1
19088;*;*;33~40;5.949781659;1.159388646;1167;458;*;197000~257999;1
19089;*;*;25~32;6.889400922;1.036866359;1335;434;3.5348~7.0695;136000~196999;1
19090;*;*;17~24;6.084507042;0.954225352;897;284;0.0000~3.5347;136000~196999;1
19091;*;*;17~24;5105;1.05;914;400;0.0000~3.5347;136000~196999;1
19092;*;*;17~24;6.564202335;0.984435798;893;257;3.5348~7.0695;197000~257999;1
19093;*;*;17~24;6.923990499;0.992874109;1340;421;3.5348~7.0695;197000~257999;1
19094;*;*;9~16;6.15720524;0.912663755;741;229;3.5348~7.0695;197000~257999;1
19095;*;*;17~24;6.620767494;1.085778781;1279;443;3.5348~7.0695;136000~196999;1
19096;*;*;9~16;6.79015544;1.077720207;1247;386;3.5348~7.0695;197000~257999;1
19097;*;*;17~24;6.091549296;1.059859155;1707;568;3.5348~7.0695;136000~196999;1
19098;*;*;33~40;5.56504065;1.138211382;758;246;*;136000~196999;1
19099;*;*;33~40;6.130801688;1.054852321;677;237;*;136000~196999;1
19100;*;*;17~24;5.23583181;0.890310786;1482;547;3.5348~7.0695;197000~257999;1
19101;*;*;17~24;4.767676768;1.037878788;826;396;0.0000~3.5347;136000~196999;1
19102;*;*;17~24;6.596685083;0.988950276;1187;362;3.5348~7.0695;136000~196999;1
19103;*;*;1~8;6.443564356;1.017821782;2902;1010;3.5348~7.0695;197000~257999;1
19104;*;*;1~8;5.709426628;1.083576288;2808;1029;3.5348~7.0695;197000~257999;0
19105;*;*;9~16;6.309933775;1.080794702;2077;755;3.5348~7.0695;197000~257999;1
19106;*;*;1~8;5.609195402;0.998563218;3551;1392;3.5348~7.0695;197000~257999;1
19107;*;*;9~16;4.834920635;0.977777778;477;315;0.0000~3.5347;75000~135999;1
19108;*;*;41~48;4.93883792;1.033639144;823;327;*;136000~196999;1
19109;*;*;41~48;4.796610169;1.06779661;1076;472;*;136000~196999;1
19110;*;*;49~56;5.119047619;1.185714286;519;210;*;197000~257999;1
19111;*;*;49~56;5.361305361;1.079254079;1061;429;*;197000~257999;1
19112;*;*;33~40;5.25748503;0.958083832;372;167;*;197000~257999;1
19113;*;*;17~24;7.577142857;0.977142857;1199;350;3.5348~7.0695;258000~318999;1
19114;*;*;17~24;6.532293987;1.026726058;1283;449;3.5348~7.0695;258000~318999;1
19115;*;*;33~40;5.160104987;0.913385827;875;381;*;197000~257999;1
19116;*;*;49~56;5.058309038;1.011661808;712;343;*;197000~257999;1
19117;*;*;49~56;4.616702355;1.004282655;1070;467;*;197000~257999;1
19118;*;*;49~56;5.573913043;1.139130435;910;345;*;197000~257999;1
19119;*;*;33~40;5.90797546;1.057259714;1351;489;*;197000~257999;1
19120;*;*;49~56;4.64469914;1.126074499;635;349;*;197000~257999;1
19121;*;*;33~40;4.959798995;1.030150754;1039;398;*;136000~196999;1
19122;*;*;17~24;5.179948586;0.559125964;1852;778;0.0000~3.5347;136000~196999;1
19123;*;*;17~24;6.223642173;0.990415335;922;313;3.5348~7.0695;197000~257999;1
19124;*;*;49~56;6.072356215;1.074211503;1431;539;*;197000~257999;1
19125;*;*;25~32;4.791744841;0.966228893;1507;533;3.5348~7.0695;136000~196999;1
19126;*;*;25~32;6.104166667;1.130208333;1066;384;3.5348~7.0695;258000~318999;1
19127;*;*;25~32;6.470873786;1.140776699;660;206;3.5348~7.0695;258000~318999;1
19128;*;*;25~32;5.76754386;1.052631579;650;228;3.5348~7.0695;258000~318999;1
19129;*;*;25~32;5.875555556;1.031111111;1372;450;3.5348~7.0695;258000~318999;1
19130;*;*;1~32;6.167630058;1.044315992;1869;519;0.0000~3.5347;258000~501999;1
19131;*;*;33~40;6.356451613;1.040322581;1668;620;*;258000~318999;1
19132;*;*;41~48;5.543766578;1.026525199;1053;377;*;258000~318999;1
19133;*;*;1~16;4.933656958;0.985436893;1675;618;0.0000~3.5347;136000~196999;1
19134;*;*;25~32;5.649484536;1.010309278;801;291;3.5348~7.0695;197000~257999;1
19135;*;*;25~32;5.599415205;1.225146199;930;342;3.5348~7.0695;258000~318999;1
19136;*;*;1~32;5.655122655;1.072150072;1693;693;0.0000~3.5347;258000~501999;1
19137;*;*;41~48;4.586419753;0.956790123;434;162;*;197000~257999;1
19138;*;*;9~16;5.685410334;1.060790274;1938;658;3.5348~7.0695;136000~196999;1
19139;*;*;9~16;4.388402626;1.024070022;2064;914;3.5348~7.0695;136000~196999;1
19140;*;*;9~16;6.29740519;1.157684631;1208;501;3.5348~7.0695;258000~501999;1
19141;*;*;9~16;5.271186441;1.025423729;696;236;3.5348~7.0695;136000~196999;1
19142;*;*;9~16;5.953051643;0.971830986;1400;426;3.5348~7.0695;136000~196999;1
19143;*;*;17~24;5.784552846;1.048780488;1526;492;3.5348~7.0695;136000~196999;1
19144;*;*;25~32;5.184065934;1.046703297;1060;364;0.0000~3.5347;136000~196999;1
19145;*;*;17~24;4.055194805;1.087662338;699;308;0.0000~3.5347;75000~135999;1
19146;*;*;25~32;5.369491525;1;846;295;0.0000~3.5347;136000~196999;1
19147;*;*;1~16;8.244680851;0.994680851;685;188;7.0696~10.6043;*;1
19148;*;*;9~16;4.532258065;1.021994135;1602;682;3.5348~7.0695;14000~135999;1
19149;*;*;9~16;3.492211838;1.088785047;1203;642;0.0000~3.5347;75000~135999;1
19150;*;*;9~16;5.826196474;1.095717884;954;397;3.5348~7.0695;136000~196999;1
19151;*;*;9~16;4.641791045;1.101492537;493;335;0.0000~3.5347;14000~74999;1
19152;*;*;17~24;4.341569767;0.98255814;1782;688;0.0000~3.5347;136000~196999;1
19153;*;*;17~24;4.926391382;1.055655296;1493;557;0.0000~3.5347;136000~196999;1
19154;*;*;1~8;6.061361457;0.959731544;2969;1043;3.5348~7.0695;197000~257999;1
19155;*;*;9~16;6.767241379;0.99137931;1014;348;3.5348~7.0695;197000~257999;1
19156;*;*;9~16;6.255555556;0.940740741;921;270;3.5348~7.0695;136000~196999;1
19157;*;*;1~16;4.622371741;1.155592935;2502;1189;0.0000~3.5347;136000~196999;1
19158;*;*;9~16;6.741116751;0.949238579;607;197;3.5348~7.0695;197000~257999;1
19159;*;*;9~16;6.640410959;1.002283105;2538;876;3.5348~7.0695;197000~257999;1
19160;*;*;9~16;6.426865672;1.029850746;979;335;3.5348~7.0695;258000~501999;1
19161;*;*;1~8;5.843045843;1.038073038;3833;1287;3.5348~7.0695;136000~196999;1
19162;*;*;9~16;5.073298429;1.023560209;2146;764;3.5348~7.0695;136000~196999;1
19163;*;*;1~8;5.472542373;1.088813559;4323;1475;3.5348~7.0695;197000~257999;1
19164;*;*;1~16;5.146788991;1.042813456;880;327;0.0000~3.5347;136000~196999;1
19165;*;*;25~32;4.5;0.998407643;1767;628;0.0000~3.5347;136000~196999;1
19166;*;*;25~32;3.738207547;0.971698113;1362;424;0.0000~3.5347;75000~135999;1
19167;*;*;17~24;4.263586957;1125;1031;368;0.0000~3.5347;75000~135999;1
19168;*;*;17~24;3.797752809;1.042696629;833;445;0.0000~3.5347;136000~196999;1
19169;*;*;1~16;4.523897059;1.113051471;2557;1088;0.0000~3.5347;136000~196999;1
19170;*;*;9~16;7.867954911;1.053140097;3741;1242;3.5348~7.0695;258000~501999;1
19171;*;*;17~24;6.555806088;1.012401353;2614;887;3.5348~7.0695;197000~257999;1
19172;*;*;25~32;5.594298246;0.98245614;1165;456;3.5348~7.0695;136000~196999;1
19173;*;*;17~24;5.236538462;1.017307692;1150;520;3.5348~7.0695;136000~196999;1
19174;*;*;17~24;6.876623377;0.974025974;400;154;3.5348~7.0695;319000~379999;1
19175;*;*;9~16;6.553191489;0.992907801;786;282;3.5348~7.0695;258000~501999;1
19176;*;*;17~24;6.053691275;1.020134228;750;298;3.5348~7.0695;136000~196999;1
19177;*;*;17~24;4.980148883;0.992555831;895;403;0.0000~3.5347;197000~257999;1
19178;*;*;9~16;5.594736842;1.091578947;2228;950;3.5348~7.0695;197000~257999;1
19179;*;*;25~32;7.870967742;1.016129032;161;62;3.5348~7.0695;319000~379999;1
19180;*;*;1~16;5.860279441;1.031936128;1182;501;0.0000~3.5347;197000~257999;1
19181;*;*;9~16;6.189751801;1.088871097;2543;1249;3.5348~7.0695;258000~501999;1
19182;*;*;9~16;5.629107981;1.034428795;1132;639;3.5348~7.0695;258000~501999;1
19183;*;*;1~16;4.784482759;1.120689655;505;348;0.0000~3.5347;197000~257999;1
19184;*;*;17~24;5.451171875;1.06640625;785;512;0.0000~3.5347;197000~257999;1
19185;*;*;17~24;6.289617486;1.153005464;478;183;3.5348~7.0695;380000~501999;1
19186;*;*;1~16;3.7824;1.0096;1300;625;0.0000~3.5347;197000~257999;1
19187;*;*;25~32;6.442724458;1.049535604;906;323;3.5348~7.0695;258000~318999;1
19188;*;*;17~24;5.141176471;1.029411765;1027;510;0.0000~3.5347;197000~257999;1
19189;*;*;25~32;5.230235784;1.027739251;1786;721;0.0000~3.5347;136000~196999;1
19190;*;*;25~32;4.975088968;1.046263345;1346;562;0.0000~3.5347;136000~196999;1
19191;*;*;41~48;6.277777778;1.069444444;310;144;*;136000~196999;1
19192;*;*;33~40;5.546052632;0.996710526;744;304;*;136000~196999;1
19193;*;*;33~40;4.911864407;0.952542373;636;295;*;136000~196999;1
19194;*;*;33~40;6.277777778;1.115740741;620;216;*;136000~196999;1
19195;*;*;33~40;4.891791045;0.96641791;648;268;*;136000~196999;1
19196;*;*;41~48;4.551546392;1.041237113;401;194;*;136000~196999;1
19197;*;*;33~40;6.110062893;1.059748428;711;318;*;136000~196999;1
19198;*;*;25~32;6.457142857;1125;691;280;3.5348~7.0695;136000~196999;1
19199;*;*;41~48;4.122093023;1.058139535;547;172;*;136000~196999;1
19200;*;*;33~40;4.289473684;1.128289474;822;304;*;136000~196999;1
19201;*;*;49~56;4.553797468;1.028481013;738;316;*;14000~135999;1
19202;*;*;33~40;3.192816635;0.994328922;1071;529;0.0000~3.5347;75000~135999;1
19203;*;*;49~56;3.879120879;1.029304029;627;273;*;136000~196999;1
19204;*;*;49~56;4.082644628;1.169421488;475;242;*;258000~318999;1
19205;*;*;1~32;4.2;1.091304348;462;230;0.0000~3.5347;258000~501999;1
19206;*;*;25~32;4.329949239;1.053299492;990;394;0.0000~3.5347;136000~196999;1
19207;*;*;33~40;4.691558442;1.003246753;795;308;*;136000~196999;1
19208;*;*;41~48;4.882352941;1.044817927;780;357;*;136000~196999;1
19209;*;*;41~48;4.265582656;1.01897019;844;369;*;136000~196999;1
19210;*;*;41~48;4.310043668;1.052401747;965;458;*;136000~196999;1
19211;*;*;33~40;4.559748428;1.081761006;1087;477;*;136000~196999;1
19212;*;*;33~40;4.81370826;1.007029877;1223;569;*;136000~196999;1
19213;*;*;41~48;5.883018868;1.058490566;1275;530;*;197000~257999;1
19214;*;*;25~32;3.794339623;1.050943396;855;530;0.0000~3.5347;197000~257999;1
19215;*;*;49~56;4.344230769;1.032692308;957;520;*;136000~196999;1
19216;*;*;9~16;6.081081081;1.011583012;716;259;3.5348~7.0695;197000~257999;1
19217;*;*;1~16;4.722298222;1.082079343;1567;731;0.0000~3.5347;136000~196999;1
19218;*;*;17~24;6.466666667;1.064646465;1244;495;3.5348~7.0695;197000~257999;1
19219;*;*;17~24;4.267898383;0.988452656;1130;433;0.0000~3.5347;136000~196999;1
19220;*;*;1~16;4.493796526;1.007444169;718;403;0.0000~3.5347;136000~196999;1
19221;*;*;17~24;5.448392555;1.020304569;1299;591;3.5348~7.0695;197000~257999;1
19222;*;*;25~32;6.555555556;1.040816327;1012;441;3.5348~7.0695;197000~257999;1
19223;*;*;25~32;5.80078125;0.984375;1117;512;3.5348~7.0695;258000~318999;1
19224;*;*;33~40;6.396825397;1.063492063;640;315;*;197000~257999;1
19225;*;*;17~24;6.874251497;1.065868263;902;334;3.5348~7.0695;258000~318999;1
19226;*;*;17~24;7.9616;1.1376;1926;625;7.0696~10.6043;*;1
19227;*;*;9~16;7.340702211;1.079323797;2324;769;3.5348~7.0695;258000~501999;1
19228;*;*;9~16;5.236893204;0.951456311;1462;515;3.5348~7.0695;136000~196999;1
19229;*;*;1~16;4.648464164;1.011945392;1124;586;0.0000~3.5347;136000~196999;1
19230;*;*;17~24;5.81865285;1.132124352;1035;386;3.5348~7.0695;136000~196999;1
19231;*;*;9~16;5.279596977;1.057934509;926;397;3.5348~7.0695;136000~196999;1
19232;*;*;17~24;5.230379747;0.994936709;919;395;0.0000~3.5347;136000~196999;1
19233;*;*;17~24;6.1;1.036956522;1369;460;3.5348~7.0695;136000~196999;1
19234;*;*;17~24;6.648221344;0.990118577;1442;506;3.5348~7.0695;258000~318999;1
19235;*;*;17~24;7.145374449;0.988986784;1174;454;3.5348~7.0695;197000~257999;1
19236;*;*;17~24;7.662162162;1.114864865;847;296;3.5348~7.0695;197000~257999;1
19237;*;*;17~24;6.087649402;1.051792829;606;251;3.5348~7.0695;319000~379999;1
19238;*;*;17~24;5.977667494;1.151364764;1006;403;3.5348~7.0695;258000~318999;1
19239;*;*;17~24;6.17888563;0.973607038;874;341;3.5348~7.0695;258000~318999;1
19240;*;*;17~24;6.687116564;1.006134969;473;163;3.5348~7.0695;197000~257999;1
19241;*;*;1~8;6.739217653;1.019057172;2699;997;3.5348~7.0695;197000~257999;1
19242;*;*;17~24;4.764705882;1.041745731;1052;527;0.0000~3.5347;136000~196999;1
19243;*;*;17~24;5.753864447;1.091557669;2755;841;3.5348~7.0695;197000~257999;1
19244;*;*;1~16;5528;1.034666667;826;375;0.0000~3.5347;197000~257999;1
19245;*;*;9~16;6.822764228;1.037398374;1713;615;3.5348~7.0695;197000~257999;1
19246;*;*;9~16;3.490500864;1.1208981;2323;1158;0.0000~3.5347;75000~135999;1
19247;*;*;9~16;4.702564103;1.002564103;994;390;3.5348~7.0695;136000~196999;1
19248;*;*;1~16;5.484615385;1.103846154;525;260;0.0000~3.5347;136000~196999;1
19249;*;*;9~16;3.876923077;1.015384615;1311;585;0.0000~3.5347;75000~135999;1
19250;*;*;9~16;6.451313756;1.035548686;1882;647;3.5348~7.0695;136000~196999;1
19251;*;*;1~8;5.735632184;0.983200707;2958;1131;3.5348~7.0695;197000~257999;1
19252;*;*;1~16;4.866192171;0.309608541;3468;1405;0.0000~3.5347;136000~196999;1
19253;*;*;25~32;6.313932981;1.077601411;1634;567;3.5348~7.0695;197000~257999;1
19254;*;*;1~16;5.938186813;1.401098901;2566;728;0.0000~3.5347;136000~196999;1
19255;*;*;1~16;4.527303754;1.034129693;1693;586;0.0000~3.5347;136000~196999;1
19256;*;*;9~16;6.478142077;1.032786885;2149;732;3.5348~7.0695;197000~257999;1
19257;*;*;9~16;6.2421875;0.998697917;2252;768;3.5348~7.0695;197000~257999;1
19258;*;*;1~16;3.432791728;1.113737075;1026;677;0.0000~3.5347;136000~196999;1
19259;*;*;17~24;5.193220339;0.996610169;1704;590;3.5348~7.0695;136000~196999;1
19260;*;*;25~32;5.245136187;0.964980545;1296;514;3.5348~7.0695;136000~196999;1
19261;*;*;17~24;5.163003663;1.120879121;1644;546;0.0000~3.5347;136000~196999;1
19262;*;*;17~24;5838;1016;1711;500;3.5348~7.0695;136000~196999;1
19263;*;*;41~48;4.110465116;0.965116279;458;172;*;136000~196999;1
19264;*;*;33~40;4.087591241;1.083941606;659;274;*;136000~196999;1
19265;*;*;25~32;4.508403361;1.012605042;652;238;0.0000~3.5347;136000~196999;1
19266;*;*;49~56;2.611111111;0.861111111;301;72;*;14000~135999;1
19267;*;*;17~24;4.638945233;1.00811359;1240;493;3.5348~7.0695;136000~196999;1
19268;*;*;1~16;4.854469854;1.046777547;2430;962;0.0000~3.5347;136000~196999;1
19269;*;*;9~16;5.190779014;1.096979332;1629;629;3.5348~7.0695;136000~196999;1
19270;*;*;1~8;5.593659942;1.060518732;2864;1041;3.5348~7.0695;136000~196999;1
19271;*;*;17~24;6.382716049;0.971193416;555;243;3.5348~7.0695;258000~318999;1
19272;*;*;9~16;5.421348315;0.981273408;1633;534;3.5348~7.0695;136000~196999;1
19273;*;*;9~16;5.865951743;1.068364611;1809;746;3.5348~7.0695;136000~196999;1
19274;*;*;9~16;6.586645469;1.042925278;1569;629;3.5348~7.0695;258000~501999;1
19275;*;*;9~16;5.428415301;0.967213115;2581;915;3.5348~7.0695;136000~196999;1
19276;*;*;41~48;4.927884615;1.043269231;1073;416;*;136000~196999;1
19277;*;*;25~32;4.031626506;1.040662651;1880;664;0.0000~3.5347;136000~196999;1
19278;*;*;25~32;4.622425629;1.089244851;1408;437;0.0000~3.5347;75000~135999;1
19279;*;*;25~32;4.709677419;1.02016129;937;248;0.0000~3.5347;136000~196999;1
19280;*;*;25~32;5.119318182;1.042613636;2605;704;0.0000~3.5347;136000~196999;1
19281;*;*;25~32;4.901694915;1.003389831;884;295;3.5348~7.0695;136000~196999;1
19282;*;*;25~32;5.234413965;1.012468828;1156;401;0.0000~3.5347;136000~196999;1
19283;*;*;25~32;5.292682927;1.070301291;2250;697;0.0000~3.5347;136000~196999;1
19284;*;*;33~40;4.822916667;1.072916667;841;288;*;136000~196999;1
19285;*;*;33~40;5.092356688;1.098726115;1086;314;*;136000~196999;1
19286;*;*;41~48;4.548821549;0.932659933;1011;297;*;136000~196999;1
19287;*;*;33~40;5.639308855;1.025917927;1293;463;*;197000~257999;1
19288;*;*;17~24;5.163934426;0.963934426;1857;610;3.5348~7.0695;136000~196999;1
19289;*;*;25~32;4.172619048;1.083333333;489;168;0.0000~3.5347;136000~196999;1
19290;*;*;25~32;5.190207156;1.037664783;1381;531;0.0000~3.5347;197000~257999;1
19291;*;*;33~40;5.182222222;0.991111111;584;225;*;197000~257999;1
19292;*;*;17~24;5.423267327;0.967821782;1065;404;3.5348~7.0695;197000~257999;1
19293;*;*;33~40;5.179906542;1.053738318;1019;428;*;136000~196999;1
19294;*;*;9~16;5.141903172;1.030050083;1446;599;3.5348~7.0695;136000~196999;1
19295;*;*;17~24;4.907407407;1.00617284;414;162;3.5348~7.0695;136000~196999;1
19296;*;*;33~40;5.647887324;0.992957746;1054;426;*;197000~257999;1
19297;*;*;25~32;5.154574132;0.993690852;909;317;3.5348~7.0695;197000~257999;1
19298;*;*;25~32;5.411904762;1.128571429;1124;420;0.0000~3.5347;136000~196999;1
19299;*;*;9~16;6.028571429;1.042857143;793;280;3.5348~7.0695;197000~257999;1
19300;*;*;1~32;4.548969072;1.015463918;868;388;0.0000~3.5347;258000~501999;1
19301;*;*;17~24;5.854545455;1.104545455;593;220;3.5348~7.0695;197000~257999;1
19302;*;*;25~32;5.865306122;1.048979592;752;245;3.5348~7.0695;197000~257999;1
19303;*;*;25~32;5.492505353;1.025695931;1227;467;3.5348~7.0695;258000~318999;1
19304;*;*;25~32;6.295264624;1.04178273;958;359;3.5348~7.0695;197000~257999;1
19305;*;*;33~40;6.322222222;1.138888889;541;180;*;258000~318999;1
19306;*;*;25~32;6.712418301;1.058823529;843;306;3.5348~7.0695;258000~318999;1
19307;*;*;25~32;5.576363636;1.034545455;1602;550;3.5348~7.0695;197000~257999;1
19308;*;*;17~24;5.818803419;1.073504274;1641;585;3.5348~7.0695;258000~318999;1
19309;*;*;17~24;6.135549872;0.99488491;1131;391;3.5348~7.0695;258000~318999;1
19310;*;*;9~16;5.932659933;0.986531987;810;297;3.5348~7.0695;258000~501999;1
19311;*;*;9~16;6.00297619;1.098214286;931;336;3.5348~7.0695;258000~501999;1
19312;*;*;25~32;5.326388889;1.013888889;716;288;0.0000~3.5347;197000~257999;1
19313;*;*;25~32;6.267716535;1.146981627;1015;381;3.5348~7.0695;258000~318999;1
19314;*;*;33~40;5.726224784;1.115273775;1065;347;*;136000~196999;1
19315;*;*;17~24;6.38961039;1.136363636;852;308;3.5348~7.0695;258000~318999;1
19316;*;*;17~24;5.631067961;1.044660194;1445;515;3.5348~7.0695;258000~318999;1
19317;*;*;25~32;6.833333333;1.597938144;1387;582;0.0000~3.5347;75000~135999;0
19318;*;*;49~56;8.316602317;1.926640927;524;259;*;14000~135999;0
19319;*;*;25~32;7.542372881;1.591525424;1328;590;0.0000~3.5347;136000~196999;1
19320;*;*;33~40;6.698863636;1.602272727;354;176;0.0000~3.5347;75000~135999;0
19321;*;*;33~40;6.698757764;1.51242236;768;322;*;136000~196999;1
19322;*;*;33~40;5.032154341;1.254019293;759;311;*;136000~196999;0
19323;*;*;41~48;6.880851064;1.587234043;1112;470;0.0000~3.5347;75000~135999;1
19324;*;*;41~48;6.898423818;1.506129597;1257;571;0.0000~3.5347;75000~135999;1
19325;*;*;49~56;6.201086957;1.298913043;505;184;*;136000~196999;1
19326;*;*;41~48;6.229508197;1.344262295;807;366;0.0000~3.5347;75000~135999;1
19327;*;*;33~40;5.208860759;1.094936709;1137;474;*;136000~196999;1
19328;*;*;25~32;5.446153846;1.085314685;1832;715;0.0000~3.5347;136000~196999;1
19329;*;*;25~32;5.124590164;1.029508197;737;305;0.0000~3.5347;197000~257999;1
19330;*;*;17~24;6.5;1.07421875;1309;512;3.5348~7.0695;258000~318999;1
19331;*;*;33~40;9.212209302;2.090116279;777;344;0.0000~3.5347;75000~135999;1
19332;*;*;17~24;6.142857143;1.32218845;912;329;3.5348~7.0695;197000~257999;1
19333;*;*;1~8;6.751677852;1.054650048;2936;1043;3.5348~7.0695;197000~257999;1
19334;*;*;1~8;6.19;1088;2967;1000;3.5348~7.0695;136000~196999;1
19335;*;*;9~16;6.309711286;1.112860892;2568;762;3.5348~7.0695;136000~196999;1
19336;*;*;9~16;5.789556962;1.03164557;1889;632;3.5348~7.0695;197000~257999;1
19337;*;*;1~16;4.238888889;1.131481481;919;540;0.0000~3.5347;136000~196999;1
19338;*;*;25~32;5.750788644;1.135646688;907;317;0.0000~3.5347;136000~196999;1
19339;*;*;1~8;5.802037846;1.072780204;1887;687;3.5348~7.0695;197000~257999;1
19340;*;*;17~24;5352;1042;1456;500;3.5348~7.0695;136000~196999;1
19341;*;*;49~56;4.276836158;0.983050847;767;354;*;136000~196999;1
19342;*;*;49~56;4.613157895;1;982;380;*;136000~196999;1
19343;*;*;33~40;5.204408818;1.046092184;1231;499;*;136000~196999;1
19344;*;*;17~24;5.048237477;1.033395176;1667;539;0.0000~3.5347;136000~196999;1
19345;*;*;25~32;5.818181818;1.029411765;1117;374;3.5348~7.0695;136000~196999;1
19346;*;*;17~24;5.841573034;1.149438202;2036;890;0.0000~3.5347;136000~196999;1
19347;*;*;41~48;7.472527473;1.376373626;987;364;*;197000~257999;1
19348;*;*;9~16;6.338593974;1.010043042;1908;697;3.5348~7.0695;197000~257999;1
19349;*;*;33~40;6.924242424;1.113636364;394;132;*;197000~257999;1
19350;*;*;33~40;6.12;1064;728;250;*;258000~318999;1
19351;*;*;25~32;6.367924528;1.119496855;2072;636;3.5348~7.0695;258000~318999;1
19352;*;*;33~40;5.393728223;1.142857143;863;287;*;136000~196999;1
19353;*;*;25~32;6.475357711;1.141494436;2053;629;3.5348~7.0695;197000~257999;1
19354;*;*;17~24;7.051851852;1.266666667;1027;405;3.5348~7.0695;197000~257999;1
19355;*;*;41~48;6.178571429;1.267857143;582;224;*;197000~257999;1
19356;*;*;1~16;6.013372957;1.142644874;1998;673;0.0000~3.5347;136000~196999;1
19357;*;*;33~40;4.446511628;0.990697674;488;215;*;136000~196999;1
19358;*;*;41~48;4.678474114;1.059945504;916;367;*;136000~196999;1
19359;*;*;17~24;4.864864865;1.297297297;131;74;0.0000~3.5347;75000~135999;1
19360;*;*;25~32;5.041121495;0.988785047;1417;535;0.0000~3.5347;75000~135999;1
19361;*;*;17~24;4.873040752;1.115987461;1643;638;0.0000~3.5347;136000~196999;1
19362;*;*;1~32;16.5412844;3.116207951;594;327;0.0000~3.5347;258000~501999;0
19363;*;*;33~40;8.295454545;1.767045455;569;176;0.0000~3.5347;75000~135999;0
19364;*;*;25~32;7.061776062;1.474903475;1278;518;0.0000~3.5347;136000~196999;0
19365;*;*;25~32;8.839142091;1.81233244;923;373;3.5348~7.0695;197000~257999;0
19366;*;*;49~56;7.008310249;1.451523546;940;361;*;14000~135999;1
19367;*;*;25~32;6.151079137;1.561151079;280;139;0.0000~3.5347;75000~135999;0
19368;*;*;17~24;6.188405797;1.207729469;1128;414;3.5348~7.0695;258000~318999;1
19369;*;*;9~16;5.267605634;1.049295775;778;284;3.5348~7.0695;258000~501999;0
19370;*;*;1~8;7.710526316;1.523923445;851;418;3.5348~7.0695;258000~501999;0
19371;*;*;25~32;6.541666667;1.166666667;195;72;0.0000~3.5347;197000~257999;2
19372;*;*;1~32;6.22533137;1.073637703;1809;679;0.0000~3.5347;258000~501999;2
19373;*;*;25~32;5.647453083;1.00536193;2142;746;3.5348~7.0695;136000~196999;2
19374;*;*;17~24;5.277777778;1.037037037;304;108;0.0000~3.5347;136000~196999;2
19375;*;*;25~32;6.271604938;1.148148148;263;81;0.0000~3.5347;136000~196999;2
19376;*;*;9~16;7.104627767;1.022132797;1505;497;3.5348~7.0695;258000~501999;2
19377;*;*;9~16;6.887179487;1.235897436;732;195;3.5348~7.0695;136000~196999;2
19378;*;*;41~48;5.3875;1075;239;80;*;258000~318999;2
19379;*;*;9~16;5.241603467;0.996749729;2460;923;3.5348~7.0695;136000~196999;2
19380;*;*;49~56;6.411764706;1.191176471;197;68;*;14000~135999;2
19381;*;*;41~48;5.008064516;1.040322581;257;124;0.0000~3.5347;75000~135999;2
19382;*;*;33~48;5.808270677;1.04887218;662;266;3.5348~7.0695;14000~135999;2
19383;*;*;25~32;5.206896552;1;535;232;0.0000~3.5347;75000~135999;2
19384;*;*;9~16;4.851239669;1.02892562;601;242;0.0000~3.5347;75000~135999;2
19385;*;*;17~24;4.311258278;1.039735099;421;151;0.0000~3.5347;75000~135999;2
19386;*;*;33~40;4.74863388;1.101092896;936;366;0.0000~3.5347;75000~135999;2
19387;*;*;25~32;4.7960199;0.985074627;623;201;0.0000~3.5347;75000~135999;2
19388;*;*;9~16;4.955882353;1.012254902;1126;408;0.0000~3.5347;75000~135999;2
19389;*;*;25~32;5.6;0.8;9;5;0.0000~3.5347;75000~135999;2
19390;*;*;9~16;5.815057283;1.078559738;1684;611;0.0000~3.5347;75000~135999;2
19391;*;*;25~32;3.971698113;4.103773585;303;106;0.0000~3.5347;14000~74999;2
19392;*;*;33~40;4.04;0.96;261;100;0.0000~3.5347;75000~135999;2
19393;*;*;25~32;4.725738397;1.046413502;609;237;0.0000~3.5347;75000~135999;2
19394;*;*;17~24;4.281795511;1.004987531;1062;401;0.0000~3.5347;75000~135999;2
19395;*;*;9~16;4.5;1.170212766;295;94;0.0000~3.5347;75000~135999;2
19396;*;*;17~24;5.240963855;1.156626506;219;83;0.0000~3.5347;75000~135999;2
19397;*;*;9~16;5.761290323;1.058064516;548;155;3.5348~7.0695;14000~135999;2
19398;*;*;33~40;4.926952141;1.012594458;1265;397;0.0000~3.5347;75000~135999;2
19399;*;*;33~40;4.383458647;1.007518797;515;266;0.0000~3.5347;75000~135999;2
19400;*;*;17~24;5.745424293;1.108153078;1958;601;0.0000~3.5347;136000~196999;2
19401;*;*;9~16;4.863881402;0.959568733;2650;742;0.0000~3.5347;75000~135999;2
19402;*;*;9~16;4.696308725;0.729865772;2294;596;0.0000~3.5347;75000~135999;2
19403;*;*;17~24;5.507042254;1;247;71;3.5348~7.0695;136000~196999;2
19404;*;*;1~32;5.046511628;1.034883721;195;86;0.0000~3.5347;258000~501999;2
19405;*;*;9~16;5.533146067;1.06011236;4356;1780;3.5348~7.0695;136000~196999;2
19406;*;*;9~16;5.684536082;0.937113402;2819;970;3.5348~7.0695;136000~196999;2
19407;*;*;17~24;5.709459459;1.10472973;855;296;0.0000~3.5347;136000~196999;2
19408;*;*;25~32;5.6;1.026666667;429;150;0.0000~3.5347;136000~196999;2
19409;*;*;17~24;4.705357143;1;270;112;0.0000~3.5347;136000~196999;2
19410;*;*;25~32;7.230215827;1.143884892;390;139;3.5348~7.0695;136000~196999;2
19411;*;*;17~24;8.045356371;1.172786177;1412;463;3.5348~7.0695;197000~257999;2
19412;*;*;1~16;7.867109635;0.986710963;796;301;7.0696~10.6043;*;2
19413;*;*;17~24;5.604081633;1.07755102;677;245;0.0000~3.5347;136000~196999;2
19414;*;*;1~8;5.682619647;1.057934509;1246;397;3.5348~7.0695;136000~196999;2
19415;*;*;33~40;6.027027027;1;92;37;*;197000~257999;2
19416;*;*;17~24;5.764024933;1.079252004;3559;1123;0.0000~3.5347;75000~135999;2
19417;*;*;25~32;5.968888889;0.991111111;751;225;0.0000~3.5347;136000~196999;2
19418;*;*;25~32;5.680412371;0.979381443;800;291;0.0000~3.5347;197000~257999;2
19419;*;*;41~48;6.226480836;1.031358885;921;287;*;136000~196999;2
19420;*;*;41~48;6.314720812;1.060913706;611;197;*;136000~196999;2
19421;*;*;1~16;5.443670151;1.072590012;4827;1722;0.0000~3.5347;136000~196999;2
19422;*;*;49~56;8725;1475;121;40;*;197000~257999;2
19423;*;*;1~8;6.095873016;1.040634921;4449;1575;3.5348~7.0695;136000~196999;2
19424;*;*;25~32;4.813953488;0.953488372;87;43;3.5348~7.0695;14000~135999;2
19425;*;*;1~16;5.488421053;1.172631579;1266;475;0.0000~3.5347;136000~196999;2
19426;*;*;9~16;5.227067669;0.977443609;2126;665;0.0000~3.5347;75000~135999;2
19427;*;*;49~56;3.090909091;0.696969697;35;33;*;136000~196999;2
19428;*;*;1~16;4.936859147;1.028602267;4656;1853;0.0000~3.5347;136000~196999;2
19429;*;*;25~32;7.023255814;1.131782946;383;129;0.0000~3.5347;136000~196999;2
19430;*;*;1~8;6.132550336;1.003355705;1993;596;3.5348~7.0695;136000~196999;2
19431;*;*;1~8;5.965317919;1.050096339;1760;519;3.5348~7.0695;136000~196999;2
19432;*;*;9~16;5.563758389;1.010067114;913;298;3.5348~7.0695;136000~196999;2
19433;*;*;1~8;5.367123288;1.038356164;995;365;0.0000~3.5347;14000~135999;2
19434;*;*;33~40;10.13513514;1.567567568;120;37;*;136000~196999;2
19435;*;*;1~16;2.111111111;2.111111111;166;9;0.0000~3.5347;136000~196999;2
19436;*;*;17~24;5.52388535;1.052547771;1452;628;0.0000~3.5347;136000~196999;2
19437;*;*;17~24;4.645390071;1.078014184;1538;705;0.0000~3.5347;75000~135999;2
19438;*;*;33~40;6.22556391;0.92481203;373;133;*;136000~196999;2
19439;*;*;9~16;6.285714286;0.918367347;408;196;3.5348~7.0695;136000~196999;2
19440;*;*;25~32;6.32826087;0.967391304;1170;460;3.5348~7.0695;136000~196999;2
19441;*;*;33~48;5.767857143;1.048214286;1579;560;3.5348~7.0695;14000~135999;2
19442;*;*;25~32;5;1;47;18;0.0000~3.5347;75000~135999;2
19443;*;*;17~24;4.546985816;1.038120567;3622;1128;0.0000~3.5347;75000~135999;2
19444;*;*;25~32;5.023684211;1.047368421;1140;380;0.0000~3.5347;75000~135999;2
19445;*;*;17~24;4.743781095;0.982587065;2219;804;0.0000~3.5347;136000~196999;2
19446;*;*;1~8;5.436657682;1.039083558;1967;742;3.5348~7.0695;136000~196999;2
19447;*;*;1~16;5.006324111;1.071146245;3265;1265;0.0000~3.5347;136000~196999;2
19448;*;*;25~32;5.643598616;1.017301038;1834;578;3.5348~7.0695;14000~135999;2
19449;*;*;17~24;5.295867769;1.033057851;2016;605;0.0000~3.5347;75000~135999;2
19450;*;*;25~32;6.371335505;1.06514658;1004;307;3.5348~7.0695;14000~135999;2
19451;*;*;25~32;5.152329749;1.003584229;1608;558;3.5348~7.0695;14000~135999;2
19452;*;*;1~8;5.816950633;1.05897772;6420;2289;3.5348~7.0695;136000~196999;2
19453;*;*;9~16;5.691449814;1.085501859;1624;538;3.5348~7.0695;136000~196999;2
19454;*;*;9~16;6.17039801;1.121890547;2654;804;3.5348~7.0695;136000~196999;2
19455;*;*;9~16;6.663690476;0.962797619;1990;672;3.5348~7.0695;136000~196999;2
19456;*;*;33~40;6.181818182;0.909090909;72;22;*;197000~257999;2
19457;*;*;1~16;5.420807453;1.020186335;2075;644;0.0000~3.5347;136000~196999;2
19458;*;*;9~16;6.310258549;1.124270225;3227;1199;3.5348~7.0695;136000~196999;2
19459;*;*;17~24;8.433823529;1.029411765;327;136;3.5348~7.0695;258000~318999;2
19460;*;*;17~24;6.743099788;0.993630573;1296;471;3.5348~7.0695;136000~196999;2
19461;*;*;25~32;7.278215223;1.007874016;1060;381;3.5348~7.0695;197000~257999;2
19462;*;*;25~32;6.058282209;1.150306748;732;326;0.0000~3.5347;75000~135999;2
19463;*;*;17~24;5;0.808510638;347;141;0.0000~3.5347;136000~196999;2
19464;*;*;1~16;5.855345912;0.997903564;1279;477;0.0000~3.5347;136000~196999;2
19465;*;*;9~16;5.977941176;1.236764706;1986;680;0.0000~3.5347;75000~135999;2
19466;*;*;9~16;5.992346939;1.137755102;1302;392;0.0000~3.5347;75000~135999;2
19467;*;*;9~16;6.402298851;0.988505747;529;174;3.5348~7.0695;136000~196999;2
19468;*;*;25~32;5.579387187;1.061281337;1806;718;0.0000~3.5347;75000~135999;2
19469;*;*;25~32;5.29821718;1.048622366;1595;617;0.0000~3.5347;75000~135999;2
19470;*;*;9~16;4.896551724;1.068965517;307;116;0.0000~3.5347;75000~135999;2
19471;*;*;9~16;4.44;0.945454545;682;275;3.5348~7.0695;136000~196999;2
19472;*;*;9~16;4.946428571;1.061507937;1370;504;0.0000~3.5347;75000~135999;2
19473;*;*;17~24;4.802059497;1.151029748;2203;874;0.0000~3.5347;75000~135999;2
19474;*;*;9~16;5.531365314;0.922509225;1292;271;3.5348~7.0695;14000~135999;2
19475;*;*;17~24;4.457875458;0.935897436;1558;546;0.0000~3.5347;75000~135999;2
19476;*;*;17~24;6.554545455;1.040909091;538;220;3.5348~7.0695;136000~196999;2
19477;*;*;25~32;5.605442177;0.996598639;792;294;0.0000~3.5347;75000~135999;2
19478;*;*;17~24;5.236074271;1.042440318;799;377;0.0000~3.5347;136000~196999;2
19479;*;*;9~16;5.725806452;1;1296;434;3.5348~7.0695;136000~196999;2
19480;*;*;17~24;5.140350877;1.031578947;1448;570;3.5348~7.0695;14000~135999;2
19481;*;*;17~24;4.791666667;1.097222222;1260;576;0.0000~3.5347;136000~196999;2
19482;*;*;33~48;5.502808989;0.960674157;984;356;3.5348~7.0695;14000~135999;2
19483;*;*;33~40;5.062184874;1.035294118;1423;595;0.0000~3.5347;75000~135999;2
19484;*;*;33~40;5.506666667;1.113333333;432;150;0.0000~3.5347;75000~135999;2
19485;*;*;9~16;3.662745098;1.705882353;401;255;0.0000~3.5347;75000~135999;2
19486;*;*;33~40;4.745033113;0.986754967;824;302;0.0000~3.5347;75000~135999;2
19487;*;*;25~32;4.510204082;1.079081633;1066;392;0.0000~3.5347;75000~135999;2
19488;*;*;25~32;4295;0.9875;914;400;0.0000~3.5347;75000~135999;2
19489;*;*;33~40;5.78807947;1.089403974;831;302;0.0000~3.5347;75000~135999;2
19490;*;*;41~48;4.915730337;0.974719101;754;356;0.0000~3.5347;75000~135999;2
19491;*;*;41~48;4.944444444;1.081597222;1408;576;0.0000~3.5347;75000~135999;2
19492;*;*;49~56;4.989730424;1.030808729;1768;779;*;14000~135999;2
19493;*;*;25~32;5.073496659;1.066815145;995;449;0.0000~3.5347;75000~135999;2
19494;*;*;33~40;5.579775281;1.031460674;1072;445;0.0000~3.5347;75000~135999;2
19495;*;*;33~40;6.332185886;1.055077453;1366;581;*;136000~196999;2
19496;*;*;41~48;5.613744076;0.978672986;944;422;*;136000~196999;2
19497;*;*;41~48;5.961988304;0.967836257;875;342;*;136000~196999;2
19498;*;*;41~48;5.767676768;1.124579125;570;297;*;136000~196999;2
19499;*;*;25~32;5.339189189;1.077027027;1916;740;0.0000~3.5347;75000~135999;2
19500;*;*;17~24;4.902494331;1.040816327;1468;441;0.0000~3.5347;75000~135999;2
19501;*;*;25~32;4.457286432;1.090452261;614;199;0.0000~3.5347;75000~135999;2
19502;*;*;33~40;5.109649123;0.937134503;1688;684;0.0000~3.5347;75000~135999;2
19503;*;*;25~32;4.25147929;1.183431953;806;338;0.0000~3.5347;75000~135999;2
19504;*;*;17~24;5.215789474;1.087719298;1996;570;0.0000~3.5347;75000~135999;2
19505;*;*;17~24;5.170542636;1;1520;387;0.0000~3.5347;75000~135999;2
19506;*;*;1~8;5.054385965;1.024561404;1490;570;0.0000~3.5347;14000~135999;2
19507;*;*;33~40;6.913461538;1.139423077;569;208;*;136000~196999;2
19508;*;*;33~40;5.294416244;0.994923858;555;197;0.0000~3.5347;75000~135999;2
19509;*;*;41~48;5.059859155;1.080985915;1035;284;0.0000~3.5347;75000~135999;2
19510;*;*;33~40;4.519886364;1.034090909;1290;352;0.0000~3.5347;75000~135999;2
19511;*;*;25~32;4.505235602;1.044502618;1878;382;0.0000~3.5347;75000~135999;2
19512;*;*;33~40;4.209169054;1.06017192;1318;349;0.0000~3.5347;14000~74999;2
19513;*;*;41~48;4.665413534;0.902255639;612;266;0.0000~3.5347;75000~135999;2
19514;*;*;41~48;4.816115702;1.049586777;1210;484;0.0000~3.5347;75000~135999;2
19515;*;*;9~16;4.741322314;1.062809917;4722;1210;0.0000~3.5347;75000~135999;2
19516;*;*;49~56;9.136363636;1.590909091;74;22;*;14000~135999;2
19517;*;*;33~40;4.232905983;1.083333333;1998;468;0.0000~3.5347;14000~74999;2
19518;*;*;33~40;3.609375;1.078125;598;192;0.0000~3.5347;75000~135999;2
19519;*;*;41~48;3.308510638;1.010638298;293;94;0.0000~3.5347;14000~74999;2
19520;*;*;41~48;4.376731302;1.066481994;881;361;0.0000~3.5347;75000~135999;2
19521;*;*;49~56;3.502564103;0.969230769;459;195;*;14000~135999;2
19522;*;*;17~24;2.37254902;0.990196078;198;204;0.0000~3.5347;136000~196999;2
19523;*;*;49~56;2.870967742;0.85483871;152;62;*;14000~135999;2
19524;*;*;17~24;2.951219512;1;658;41;0.0000~3.5347;136000~196999;2
19525;*;*;49~56;3.35443038;1.120253165;325;158;*;14000~135999;2
19526;*;*;9~16;5.46961326;0.988950276;1776;724;3.5348~7.0695;136000~196999;2
19527;*;*;41~48;4.732258065;1.058064516;673;310;0.0000~3.5347;75000~135999;2
19528;*;*;41~48;4.914583333;1.05;1131;480;0.0000~3.5347;75000~135999;2
19529;*;*;33~40;6.698412698;1;158;63;*;136000~196999;2
19530;*;*;41~48;5.744744745;1.006006006;839;333;0.0000~3.5347;75000~135999;2
19531;*;*;33~40;5.562111801;1.114906832;679;322;0.0000~3.5347;75000~135999;2
19532;*;*;17~24;5.093514329;1.009049774;2426;663;0.0000~3.5347;75000~135999;2
19533;*;*;33~40;5.689655172;1.099137931;720;232;0.0000~3.5347;75000~135999;2
19534;*;*;25~32;5.720779221;1.357142857;855;308;0.0000~3.5347;75000~135999;2
19535;*;*;9~16;6.056085919;1.167064439;3033;838;0.0000~3.5347;75000~135999;2
19536;*;*;1~8;20125;2.928571429;402;112;3.5348~7.0695;136000~196999;2
19537;*;*;1~32;3.914728682;0.96124031;163;129;0.0000~3.5347;258000~501999;2
19538;*;*;9~16;4.718693285;1.015426497;3221;1102;0.0000~3.5347;75000~135999;2
19539;*;*;33~40;5.214723926;0.996932515;972;326;0.0000~3.5347;75000~135999;2
19540;*;*;25~32;5.090510949;1.080291971;1957;685;0.0000~3.5347;75000~135999;2
19541;*;*;41~48;4.066666667;0.866666667;176;60;0.0000~3.5347;14000~74999;2
19542;*;*;33~40;5;0.888888889;22;9;*;441000~501999;2
19543;*;*;33~48;4.285714286;0.857142857;51;14;3.5348~7.0695;14000~135999;2
19544;*;*;33~40;4.076323988;1.026479751;2052;642;0.0000~3.5347;14000~74999;2
19545;*;*;33~40;3.900826446;1.003305785;2047;605;0.0000~3.5347;14000~74999;2
19546;*;*;25~32;3.257575758;0.939393939;192;66;0.0000~3.5347;14000~74999;2
19547;*;*;49~56;4.391862955;1.070663812;1525;467;*;14000~135999;2
19548;*;*;41~48;4.606666667;1065;2122;600;0.0000~3.5347;14000~74999;2
19549;*;*;33~40;3.917241379;1.034482759;622;145;0.0000~3.5347;75000~135999;2
19550;*;*;33~40;4.812064965;1.106728538;1687;431;0.0000~3.5347;14000~74999;2
19551;*;*;25~32;4.097639485;1.024678112;3010;932;0.0000~3.5347;75000~135999;2
19552;*;*;17~24;3.752941176;1.411764706;276;85;0.0000~3.5347;14000~74999;2
19553;*;*;25~32;3.229691877;1.176470588;1043;357;0.0000~3.5347;75000~135999;2
19554;*;*;33~40;3.910679612;0.980582524;1787;515;0.0000~3.5347;14000~74999;2
19555;*;*;1~8;5.649149923;1.075734158;2316;647;0.0000~3.5347;14000~135999;2
19556;*;*;33~40;4.812727273;1.098181818;2045;550;0.0000~3.5347;14000~74999;2
19557;*;*;17~24;5.400244798;1.132190942;3116;817;0.0000~3.5347;75000~135999;2
19558;*;*;33~40;4.101626016;0.967479675;1027;246;0.0000~3.5347;14000~74999;2
19559;*;*;33~40;4.490625;1.359375;1073;320;0.0000~3.5347;14000~74999;2
19560;*;*;33~40;4.031496063;1.039370079;443;127;0.0000~3.5347;14000~74999;2
19561;*;*;1~8;6.40660737;1.059720457;2784;787;3.5348~7.0695;136000~196999;2
19562;*;*;9~16;4.983529412;1.034117647;2410;850;0.0000~3.5347;75000~135999;2
19563;*;*;25~32;4.474093264;1.137305699;1063;386;0.0000~3.5347;14000~74999;2
19564;*;*;9~16;5.962162162;1.086486486;1796;555;3.5348~7.0695;14000~135999;2
19565;*;*;17~24;6.077961019;0.980509745;2034;667;3.5348~7.0695;136000~196999;2
19566;*;*;17~24;4.285539216;1.087009804;2467;816;0.0000~3.5347;75000~135999;2
19567;*;*;9~16;3536;1;884;375;0.0000~3.5347;75000~135999;2
19568;*;*;33~40;5.570895522;1.037313433;729;268;0.0000~3.5347;75000~135999;2
19569;*;*;25~32;5.539115646;0.976190476;1804;588;0.0000~3.5347;75000~135999;2
19570;*;*;41~48;4.701807229;1.06626506;862;332;0.0000~3.5347;75000~135999;2
19571;*;*;9~16;5.174934726;1.075718016;2622;766;0.0000~3.5347;75000~135999;2
19572;*;*;17~24;4.186486486;0.997297297;770;370;0.0000~3.5347;75000~135999;2
19573;*;*;9~16;7.260932945;1.186588921;1934;686;3.5348~7.0695;136000~196999;2
19574;*;*;1~8;5.38984127;1.062222222;5807;1575;0.0000~3.5347;14000~135999;2
19575;*;*;17~24;5;1.134328358;189;67;0.0000~3.5347;75000~135999;2
19576;*;*;1~16;6.173913043;1.108695652;239;46;0.0000~3.5347;136000~196999;2
19577;*;*;17~24;5.733668342;1.06281407;1167;398;3.5348~7.0695;14000~135999;2
19578;*;*;1~16;6.126954922;1.119595216;3012;1087;0.0000~3.5347;136000~196999;2
19579;*;*;33~40;6.433121019;0.987261146;488;157;*;136000~196999;2
19580;*;*;17~24;5.643812709;1.053511706;1505;598;0.0000~3.5347;197000~257999;2
19581;*;*;1~8;5.052147239;1.023006135;2277;652;0.0000~3.5347;14000~135999;2
19582;*;*;25~32;5.021875;1.065625;2319;640;0.0000~3.5347;75000~135999;2
19583;*;*;17~24;5.431034483;1.534482759;130;58;0.0000~3.5347;75000~135999;2
19584;*;*;33~40;6.191489362;1.021276596;124;47;*;136000~196999;2
19585;*;*;25~32;5.27027027;1.022522523;660;222;0.0000~3.5347;75000~135999;2
19586;*;*;25~32;5.551020408;1.081632653;531;147;0.0000~3.5347;75000~135999;2
19587;*;*;25~32;6.604316547;1.107913669;469;139;3.5348~7.0695;136000~196999;2
19588;*;*;33~40;5.513833992;1.043478261;756;253;*;136000~196999;2
19589;*;*;25~32;6.3625;1.066666667;757;240;3.5348~7.0695;136000~196999;2
19590;*;*;25~32;5.46;1.046666667;451;150;0.0000~3.5347;136000~196999;2
19591;*;*;17~24;5.78313253;1.072289157;774;249;3.5348~7.0695;197000~257999;2
19592;*;*;25~32;6.594202899;1.014492754;220;69;3.5348~7.0695;136000~196999;2
19593;*;*;25~32;5.349299065;1.067757009;2742;856;0.0000~3.5347;75000~135999;2
19594;*;*;25~32;5.504672897;0.962616822;709;214;3.5348~7.0695;14000~135999;2
19595;*;*;33~40;4.861244019;0.985645933;617;209;*;136000~196999;2
19596;*;*;9~16;5.390625;0.967548077;2445;832;3.5348~7.0695;14000~135999;2
19597;*;*;25~32;7.224576271;1.18220339;642;236;0.0000~3.5347;136000~196999;2
19598;*;*;25~32;4.893371758;1.015850144;2446;694;0.0000~3.5347;14000~74999;2
19599;*;*;17~24;5.425149701;1.080838323;672;334;0.0000~3.5347;136000~196999;2
19600;*;*;25~32;4.851851852;1.024691358;672;243;0.0000~3.5347;136000~196999;2
19601;*;*;25~32;5.505952381;1.047619048;449;168;0.0000~3.5347;75000~135999;2
19602;*;*;33~40;4.706959707;0.989010989;706;273;0.0000~3.5347;75000~135999;2
19603;*;*;25~32;5.412429379;1.039548023;580;177;0.0000~3.5347;75000~135999;2
19604;*;*;25~32;5.592833876;1.058631922;1356;307;0.0000~3.5347;75000~135999;2
19605;*;*;25~32;5.468208092;1.144508671;624;173;0.0000~3.5347;75000~135999;2
19606;*;*;33~40;5.284482759;1.060344828;343;116;0.0000~3.5347;75000~135999;2
19607;*;*;25~32;5.626506024;5.240963855;244;83;3.5348~7.0695;136000~196999;2
19608;*;*;1~8;5.762973352;1.150070126;3062;713;0.0000~3.5347;14000~135999;2
19609;*;*;33~40;5.120253165;0.949367089;1272;474;0.0000~3.5347;75000~135999;2
19610;*;*;1~8;5.35347432;1.003021148;1011;331;3.5348~7.0695;14000~135999;2
19611;*;*;33~40;4.503386005;1.011286682;1559;443;0.0000~3.5347;75000~135999;2
19612;*;*;9~16;6.857575758;1.242424242;913;330;3.5348~7.0695;136000~196999;2
19613;*;*;1~8;5.945010183;1.024439919;1592;491;3.5348~7.0695;136000~196999;2
19614;*;*;25~32;6.115942029;1.176811594;1301;345;0.0000~3.5347;75000~135999;2
19615;*;*;25~32;4.991836735;1.346938776;1067;245;0.0000~3.5347;75000~135999;2
19616;*;*;33~40;4.928571429;2;47;14;0.0000~3.5347;75000~135999;2
19617;*;*;33~40;6.255319149;1.042553191;147;47;*;136000~196999;2
19618;*;*;33~40;6.345794393;1.079439252;586;214;*;136000~196999;2
19619;*;*;33~40;4.968085106;1.060283688;915;282;*;136000~196999;2
19620;*;*;49~56;5.195876289;0.989690722;295;97;*;14000~135999;2
19621;*;*;41~48;5.493333333;1;227;75;0.0000~3.5347;14000~74999;2
19622;*;*;33~48;6;1.5;27;8;3.5348~7.0695;14000~135999;2
19623;*;*;33~40;5.458333333;1.166666667;329;96;0.0000~3.5347;75000~135999;2
19624;*;*;41~48;4.543478261;1.013043478;632;230;0.0000~3.5347;75000~135999;2
19625;*;*;17~24;6;1.277258567;1054;321;0.0000~3.5347;14000~74999;2
19626;*;*;25~32;5.820960699;1.004366812;730;229;0.0000~3.5347;75000~135999;2
19627;*;*;41~48;5.272232305;1.01814882;1457;551;0.0000~3.5347;75000~135999;2
19628;*;*;1~8;6.778061224;1.239795918;1409;392;0.0000~3.5347;14000~135999;2
19629;*;*;1~16;5.226685796;1.012912482;2070;697;0.0000~3.5347;136000~196999;2
19630;*;*;17~24;3.973314607;1.028089888;1751;712;0.0000~3.5347;136000~196999;2
19631;*;*;17~24;6.638888889;1.083333333;92;36;3.5348~7.0695;136000~196999;2
19632;*;*;41~48;5.555555556;0.984126984;187;63;*;258000~318999;2
19633;*;*;25~32;4.426086957;1;275;115;0.0000~3.5347;197000~257999;2
19634;*;*;41~48;6.25;1.151041667;647;192;*;136000~196999;2
19635;*;*;25~32;6.354978355;1.060606061;747;231;0.0000~3.5347;75000~135999;2
19636;*;*;25~32;5.527896996;1.017167382;720;233;0.0000~3.5347;136000~196999;2
19637;*;*;25~32;5.322033898;0.898305085;682;236;0.0000~3.5347;75000~135999;2
19638;*;*;25~32;5.267175573;1.660305344;810;262;0.0000~3.5347;136000~196999;2
19639;*;*;17~24;5.477203647;1.018237082;1110;329;0.0000~3.5347;75000~135999;2
19640;*;*;17~24;5.3878327;1;853;263;0.0000~3.5347;75000~135999;2
19641;*;*;25~32;5.164444444;1.128888889;726;225;0.0000~3.5347;75000~135999;2
19642;*;*;1~16;5.327102804;1.14953271;189;107;0.0000~3.5347;136000~196999;2
19643;*;*;17~24;8.220930233;1.325581395;282;86;3.5348~7.0695;136000~196999;2
19644;*;*;9~16;5.959183673;0.981632653;1602;490;3.5348~7.0695;136000~196999;2
19645;*;*;17~24;6.024793388;1.107438017;431;121;3.5348~7.0695;14000~135999;2
19646;*;*;41~48;5.068376068;0.961538462;687;234;*;136000~196999;2
19647;*;*;9~16;4.851380042;1.059447983;1468;471;0.0000~3.5347;75000~135999;2
19648;*;*;25~32;5.349282297;0.933014354;647;209;0.0000~3.5347;136000~196999;2
19649;*;*;25~32;5.843373494;1.015060241;1070;332;3.5348~7.0695;136000~196999;2
19650;*;*;1~8;7.30859375;1.59765625;707;256;0.0000~3.5347;14000~135999;2
19651;*;*;1~8;5.493362832;1.08960177;2431;904;0.0000~3.5347;14000~135999;2
19652;*;*;33~40;4.440748441;1.035343035;2916;962;0.0000~3.5347;75000~135999;2
19653;*;*;33~40;3.853459973;0.994572592;2606;737;0.0000~3.5347;75000~135999;2
19654;*;*;33~40;4.593220339;1.148305085;893;236;0.0000~3.5347;14000~74999;2
19655;*;*;17~24;5.232273839;1.08801956;1441;409;0.0000~3.5347;75000~135999;2
19656;*;*;41~48;3.771428571;1.028571429;310;70;0.0000~3.5347;14000~74999;2
19657;*;*;9~16;4.822147651;1.026845638;1960;596;0.0000~3.5347;75000~135999;2
19658;*;*;9~16;5.36353771;1.015192621;5372;1843;0.0000~3.5347;75000~135999;2
19659;*;*;1~8;4.579778831;1.176935229;1593;633;0.0000~3.5347;14000~135999;2
19660;*;*;9~16;4.024911032;1.014234875;728;281;0.0000~3.5347;75000~135999;2
19661;*;*;41~48;5.167785235;1.082774049;1126;447;0.0000~3.5347;75000~135999;2
19662;*;*;49~56;4.954022989;1.011494253;922;348;*;14000~135999;2
19663;*;*;25~32;4.087478559;0.987993139;1234;583;0.0000~3.5347;75000~135999;2
19664;*;*;25~32;6.172413793;1.091954023;882;261;3.5348~7.0695;14000~135999;2
19665;*;*;17~24;6.551181102;0.996062992;736;254;3.5348~7.0695;136000~196999;2
19666;*;*;33~40;6.320328542;0.979466119;1226;487;*;136000~196999;2
19667;*;*;17~24;6.451193059;1.073752711;1313;461;3.5348~7.0695;14000~135999;2
19668;*;*;25~32;5.800865801;1.056277056;631;231;0.0000~3.5347;75000~135999;2
19669;*;*;1~16;4.580769231;0.930769231;688;260;0.0000~3.5347;136000~196999;2
19670;*;*;9~16;4.281756757;1.076351351;3909;1480;0.0000~3.5347;75000~135999;2
19671;*;*;1~8;5.745173745;0.972972973;773;259;3.5348~7.0695;136000~196999;2
19672;*;*;9~16;5.487272727;1.075151515;2531;825;3.5348~7.0695;14000~135999;2
19673;*;*;17~24;5.940625;0.978125;1258;320;3.5348~7.0695;14000~135999;2
19674;*;*;9~16;6.231527094;0.991789819;1639;609;3.5348~7.0695;197000~257999;2
19675;*;*;1~8;5.840938722;1.011734029;2271;767;3.5348~7.0695;14000~135999;2
19676;*;*;1~8;4.582926829;1.082926829;1065;410;0.0000~3.5347;14000~135999;2
19677;*;*;25~32;4.941176471;0.882352941;195;68;3.5348~7.0695;14000~135999;2
19678;*;*;9~16;4.516629712;1.028824834;1267;451;0.0000~3.5347;75000~135999;2
19679;*;*;9~16;3.8675;1045;940;400;0.0000~3.5347;14000~74999;2
19680;*;*;25~32;4.935643564;1.051155116;1419;606;0.0000~3.5347;14000~74999;2
19681;*;*;33~40;4.746421268;0.930470348;1168;489;0.0000~3.5347;14000~74999;2
19682;*;*;17~24;4.389380531;1.168141593;1043;452;0.0000~3.5347;14000~74999;2
19683;*;*;33~40;4.970822281;1.090185676;822;377;0.0000~3.5347;14000~74999;2
19684;*;*;41~48;4.314229249;1.104743083;1202;506;0.0000~3.5347;14000~74999;2
19685;*;*;41~48;4.492273731;1.050772627;1030;453;0.0000~3.5347;14000~74999;2
19686;*;*;41~48;3.908011869;0.916913947;856;337;0.0000~3.5347;14000~74999;2
19687;*;*;25~32;4.738430584;1.068410463;1047;497;0.0000~3.5347;75000~135999;2
19688;*;*;41~48;4.79916318;1.016736402;583;239;0.0000~3.5347;14000~74999;2
19689;*;*;17~24;4.261904762;0.976190476;933;336;0.0000~3.5347;75000~135999;2
19690;*;*;33~40;5.787790698;1.011627907;804;344;0.0000~3.5347;75000~135999;2
19691;*;*;33~40;4.637271215;0.976705491;1431;601;0.0000~3.5347;14000~74999;2
19692;*;*;33~40;5.077380952;1.069444444;1583;504;0.0000~3.5347;14000~74999;2
19693;*;*;17~24;4.176848875;1.08681672;1494;311;0.0000~3.5347;197000~257999;2
19694;*;*;25~32;6.534883721;0.948837209;627;215;3.5348~7.0695;14000~135999;2
19695;*;*;25~32;6.583120205;1.086956522;1099;391;3.5348~7.0695;14000~135999;2
19696;*;*;1~8;4.744376278;1.026584867;1245;489;0.0000~3.5347;14000~135999;2
19697;*;*;17~24;6.213171577;0.949740035;1757;577;3.5348~7.0695;14000~135999;2
19698;*;*;9~16;6.409836066;1.051001821;1459;549;3.5348~7.0695;14000~135999;2
19699;*;*;17~24;6.190804598;1.105747126;1337;435;3.5348~7.0695;14000~135999;2
19700;*;*;17~24;7.347014925;1.108208955;717;268;0.0000~3.5347;136000~196999;2
19701;*;*;9~16;5.746730083;1.122473246;2336;841;0.0000~3.5347;75000~135999;2
19702;*;*;17~24;6.729064039;1.083743842;596;203;3.5348~7.0695;136000~196999;2
19703;*;*;9~16;5.793851718;0.982820976;3294;1106;3.5348~7.0695;14000~135999;2
19704;*;*;17~24;6.322834646;1.066929134;1817;508;0.0000~3.5347;75000~135999;2
19705;*;*;25~32;6.3003003;1.117117117;1090;333;3.5348~7.0695;14000~135999;2
19706;*;*;25~32;5.795081967;1.024590164;1125;366;0.0000~3.5347;75000~135999;2
19707;*;*;9~16;6.481308411;1.053738318;1292;428;3.5348~7.0695;14000~135999;2
19708;*;*;17~24;5.617866005;0.967741935;1056;403;3.5348~7.0695;14000~135999;2
19709;*;*;9~16;5.196185286;0.945504087;821;367;0.0000~3.5347;75000~135999;2
19710;*;*;17~24;5.794594595;1.016216216;1200;370;0.0000~3.5347;75000~135999;2
19711;*;*;9~16;5.253138075;1.15376569;2087;956;0.0000~3.5347;75000~135999;2
19712;*;*;9~16;6.533169533;0.972972973;1159;407;3.5348~7.0695;14000~135999;2
19713;*;*;33~48;6.363945578;1.091836735;806;294;3.5348~7.0695;14000~135999;2
19714;*;*;25~32;5.095890411;1.095890411;1137;365;0.0000~3.5347;14000~74999;2
19715;*;*;25~32;4.17080292;0.966423358;2076;685;0.0000~3.5347;14000~74999;2
19716;*;*;33~48;5.429223744;1.132420091;627;219;3.5348~7.0695;14000~135999;2
19717;*;*;25~32;4.426491994;0.994177584;2106;687;0.0000~3.5347;14000~74999;2
19718;*;*;25~32;5.803951368;1.066869301;1983;658;0.0000~3.5347;14000~74999;2
19719;*;*;17~24;5.769423559;1.032581454;1205;399;0.0000~3.5347;14000~74999;2
19720;*;*;41~48;8.062893082;1.245283019;451;159;0.0000~3.5347;75000~135999;2
19721;*;*;41~48;6.213235294;1.139705882;343;136;0.0000~3.5347;14000~74999;2
19722;*;*;33~48;7.297297297;1.486486486;234;74;3.5348~7.0695;14000~135999;2
19723;*;*;41~48;5.286885246;1.073770492;410;122;0.0000~3.5347;75000~135999;2
19724;*;*;33~40;4.336842105;0.978947368;304;95;0.0000~3.5347;75000~135999;2
19725;*;*;33~40;5.742138365;1.034591195;1068;318;0.0000~3.5347;75000~135999;2
19726;*;*;25~32;5.283168317;1.00990099;1437;505;0.0000~3.5347;75000~135999;2
19727;*;*;33~40;6.780254777;1.114649682;969;314;0.0000~3.5347;75000~135999;2
19728;*;*;25~32;5.809859155;1.102112676;802;284;0.0000~3.5347;75000~135999;2
19729;*;*;1~32;5.019354839;0.870967742;340;155;0.0000~3.5347;258000~501999;2
19730;*;*;25~32;6.085106383;1.145390071;850;282;0.0000~3.5347;136000~196999;2
19731;*;*;25~32;4.521428571;0.921428571;305;140;0.0000~3.5347;14000~74999;2
19732;*;*;17~24;5.405797101;1.041407867;1185;483;0.0000~3.5347;75000~135999;2
19733;*;*;33~40;5.186170213;1.082446809;1029;376;0.0000~3.5347;75000~135999;2
19734;*;*;25~32;5.729903537;1.073954984;873;311;0.0000~3.5347;75000~135999;2
19735;*;*;25~32;8.933209647;1.688311688;1341;539;0.0000~3.5347;75000~135999;2
19736;*;*;9~16;22.82352941;6.352941176;35;17;3.5348~7.0695;14000~135999;2
19737;*;*;9~16;5.93993994;1.126126126;961;333;0.0000~3.5347;75000~135999;2
19738;*;*;9~16;5.633967789;1.008784773;2008;683;0.0000~3.5347;75000~135999;2
19739;*;*;9~16;6.347826087;1.157608696;1003;368;0.0000~3.5347;75000~135999;2
19740;*;*;9~16;5.33933162;0.997429306;1155;389;0.0000~3.5347;75000~135999;2
19741;*;*;9~16;6.177033493;1.291866029;1697;627;0.0000~3.5347;14000~74999;2
19742;*;*;9~16;5.5;1.083333333;188;72;0.0000~3.5347;75000~135999;2
19743;*;*;1~16;5.665768194;0.964959569;957;371;0.0000~3.5347;136000~196999;2
19744;*;*;9~16;5.498989899;1.032323232;1366;495;0.0000~3.5347;75000~135999;2
19745;*;*;9~16;5.727915194;1.123674912;866;283;0.0000~3.5347;75000~135999;2
19746;*;*;33~40;5.556306306;1.056306306;1194;444;0.0000~3.5347;14000~74999;2
19747;*;*;25~32;5.883076923;1.033846154;859;325;3.5348~7.0695;14000~135999;2
19748;*;*;17~24;5.482014388;0.992805755;322;139;3.5348~7.0695;14000~135999;2
19749;*;*;33~40;4.390781563;0.987975952;1307;499;0.0000~3.5347;14000~74999;2
19750;*;*;49~56;4.813765182;1.182186235;1083;494;*;14000~135999;2
19751;*;*;41~48;5.162790698;1.023255814;846;301;0.0000~3.5347;14000~74999;2
19752;*;*;9~16;4.867801047;1.05104712;1754;764;0.0000~3.5347;75000~135999;2
19753;*;*;17~24;4.983894583;1.070278184;1421;683;0.0000~3.5347;75000~135999;2
19754;*;*;25~32;5.926724138;1.025862069;1296;464;0.0000~3.5347;14000~74999;2
19755;*;*;25~32;4.509090909;0.945454545;410;165;0.0000~3.5347;14000~74999;2
19756;*;*;17~24;4.956386293;0.981308411;1741;642;0.0000~3.5347;14000~74999;2
19757;*;*;17~24;5.060728745;1.030364372;1293;494;0.0000~3.5347;14000~74999;2
19758;*;*;17~24;4.685618729;1.107023411;651;299;0.0000~3.5347;14000~74999;2
19759;*;*;9~16;4.168784029;1.039927405;1637;551;0.0000~3.5347;14000~74999;2
19760;*;*;9~16;5.128440367;1.058103976;858;327;0.0000~3.5347;14000~74999;2
19761;*;*;17~24;4.897897898;1.021021021;1042;333;0.0000~3.5347;14000~74999;2
19762;*;*;17~24;5.841509434;1.094339623;744;265;0.0000~3.5347;14000~74999;2
19763;*;*;25~32;5.861861862;1.192192192;961;333;0.0000~3.5347;14000~74999;2
19764;*;*;25~32;4.592841163;1.040268456;1193;447;0.0000~3.5347;14000~74999;2
19765;*;*;17~24;5.146067416;1.08988764;451;178;0.0000~3.5347;14000~74999;2
19766;*;*;25~32;5.093117409;0.880566802;1266;494;0.0000~3.5347;14000~74999;2
19767;*;*;25~32;5.649606299;1.090551181;690;254;0.0000~3.5347;14000~74999;2
19768;*;*;25~32;5.756756757;1.189189189;464;148;0.0000~3.5347;14000~74999;2
19769;*;*;25~32;5.378787879;1.080808081;508;198;0.0000~3.5347;75000~135999;2
19770;*;*;9~16;5.32712766;1.059840426;2028;752;0.0000~3.5347;75000~135999;2
19771;*;*;9~16;5.456445993;1.066202091;652;287;0.0000~3.5347;14000~74999;2
19772;*;*;25~32;5.261744966;1.067114094;1316;447;0.0000~3.5347;14000~74999;2
19773;*;*;25~32;5.47715736;1.126903553;625;197;0.0000~3.5347;14000~74999;2
19774;*;*;17~24;5.781163435;1.058171745;888;361;0.0000~3.5347;75000~135999;2
19775;*;*;9~16;4.984615385;1.103846154;768;260;0.0000~3.5347;14000~74999;2
19776;*;*;17~24;5.372670807;1.086956522;982;322;0.0000~3.5347;75000~135999;2
19777;*;*;17~24;4.194762684;1.076923077;1363;611;0.0000~3.5347;14000~74999;2
19778;*;*;33~40;5.852320675;1.147679325;610;237;0.0000~3.5347;14000~74999;2
19779;*;*;33~40;4.914342629;1.053784861;1433;502;0.0000~3.5347;14000~74999;2
19780;*;*;25~32;9.179775281;2.314606742;224;89;3.5348~7.0695;14000~135999;2
19781;*;*;9~16;10.51282051;2.415384615;588;195;0.0000~3.5347;75000~135999;2
19782;*;*;25~32;6.062962963;1.1;753;270;0.0000~3.5347;75000~135999;2
19783;*;*;17~24;4.964332893;1.054161162;1685;757;0.0000~3.5347;75000~135999;2
19784;*;*;9~16;7.911111111;1.455555556;270;90;0.0000~3.5347;75000~135999;2
19785;*;*;17~24;6.876785714;1.460714286;1352;560;0.0000~3.5347;14000~74999;2
19786;*;*;9~16;7.848837209;1.744186047;423;172;0.0000~3.5347;75000~135999;2
19787;*;*;17~24;6.190082645;1.367768595;574;242;0.0000~3.5347;75000~135999;2
19788;*;*;25~32;6.129120879;1.156593407;987;364;0.0000~3.5347;75000~135999;2
19789;*;*;17~24;6.130434783;2.565217391;47;23;0.0000~3.5347;14000~74999;2
19790;*;*;17~24;7.768115942;1.736231884;918;345;0.0000~3.5347;75000~135999;2
19791;*;*;9~16;5.951923077;1.538461538;287;104;0.0000~3.5347;75000~135999;2
19792;*;*;25~32;6.338842975;1.702479339;301;121;0.0000~3.5347;75000~135999;2
19793;*;*;17~24;5.85106383;1.336879433;675;282;0.0000~3.5347;75000~135999;2
19794;*;*;17~24;6.103174603;1.626984127;301;126;0.0000~3.5347;14000~74999;2
19795;*;*;17~24;5.205882353;1.485294118;316;136;0.0000~3.5347;14000~74999;2
19796;*;*;17~24;5.712598425;1.094488189;695;254;0.0000~3.5347;14000~74999;2
19797;*;*;25~32;4.766666667;1.093939394;847;330;0.0000~3.5347;14000~74999;2
19798;*;*;17~24;5.427860697;1.07960199;539;201;0.0000~3.5347;14000~74999;2
19799;*;*;9~16;3.950819672;1.37704918;152;61;0.0000~3.5347;14000~74999;2
19800;*;*;9~16;11.59649123;2.561403509;131;57;0.0000~3.5347;14000~74999;2
19801;*;*;9~16;7.448979592;2.081632653;140;49;0.0000~3.5347;14000~74999;2
19802;*;*;33~40;12.25;3.5;18;8;0.0000~3.5347;14000~74999;2
19803;*;*;25~32;12.32;2.993333333;396;150;0.0000~3.5347;14000~74999;2
19804;*;*;17~24;6475;1.35;216;80;0.0000~3.5347;14000~74999;2
19805;*;*;17~24;3.594594595;0.945945946;87;37;3.5348~7.0695;14000~135999;2
19806;*;*;17~24;8.471698113;2.849056604;141;53;0.0000~3.5347;75000~135999;2
19807;*;*;17~24;9.789473684;3.187969925;320;133;0.0000~3.5347;75000~135999;2
19808;*;*;25~32;6.06401766;1.136865342;1368;453;0.0000~3.5347;75000~135999;2
19809;*;*;17~24;6.928961749;1.469945355;636;183;0.0000~3.5347;75000~135999;2
19810;*;*;17~24;6.36;1.848888889;570;225;0.0000~3.5347;136000~196999;2
19811;*;*;17~24;5.598778004;1.17107943;1195;491;0.0000~3.5347;136000~196999;2
19812;*;*;9~16;6.343575419;1.111731844;986;358;3.5348~7.0695;136000~196999;2
19813;*;*;33~40;4.955752212;0.796460177;310;113;0.0000~3.5347;75000~135999;2
19814;*;*;33~40;5.300632911;1.180379747;1131;316;0.0000~3.5347;14000~74999;2
19815;*;*;33~40;4.88372093;1.096345515;1222;301;0.0000~3.5347;14000~74999;2
19816;*;*;17~24;4.359797297;1.060810811;2732;592;0.0000~3.5347;14000~74999;2
19817;*;*;17~24;4.790291262;1.009708738;1721;515;0.0000~3.5347;14000~74999;2
19818;*;*;25~32;4.88590604;2.919463087;461;149;0.0000~3.5347;75000~135999;2
19819;*;*;25~32;3.913924051;1.050632911;1704;395;0.0000~3.5347;14000~74999;2
19820;*;*;25~32;4.616438356;0.945205479;277;73;0.0000~3.5347;75000~135999;2
19821;*;*;33~40;4.620689655;0.988505747;311;87;0.0000~3.5347;75000~135999;2
19822;*;*;17~24;5.125461255;1.070110701;1185;271;0.0000~3.5347;14000~74999;2
19823;*;*;33~40;5.113175676;1.027027027;2199;592;0.0000~3.5347;14000~74999;2
19824;*;*;25~32;6.012195122;1.088850174;1968;574;0.0000~3.5347;75000~135999;2
19825;*;*;25~32;5.00308642;0.99691358;882;324;0.0000~3.5347;75000~135999;2
19826;*;*;25~32;6.304477612;1.08358209;1011;335;3.5348~7.0695;14000~135999;2
19827;*;*;17~24;5.084745763;1.06440678;2202;590;0.0000~3.5347;14000~74999;2
19828;*;*;25~32;5.135384615;0.966153846;837;325;0.0000~3.5347;75000~135999;2
19829;*;*;9~16;5.409276944;1.09686221;1945;733;0.0000~3.5347;75000~135999;2
19830;*;*;25~32;5.03655914;0.944086022;1411;465;0.0000~3.5347;14000~74999;2
19831;*;*;25~32;5.566037736;1.047169811;611;212;0.0000~3.5347;75000~135999;2
19832;*;*;33~40;4.722222222;1.026819923;2030;522;0.0000~3.5347;14000~74999;2
19833;*;*;33~40;4.372013652;1.484641638;1423;293;0.0000~3.5347;14000~74999;2
19834;*;*;33~40;3.906633907;1.036855037;1272;407;0.0000~3.5347;14000~74999;2
19835;*;*;25~32;4.345679012;1.00617284;1184;324;0.0000~3.5347;14000~74999;2
19836;*;*;25~32;5.34223301;1.041262136;1524;412;0.0000~3.5347;14000~74999;2
19837;*;*;17~24;4.436708861;1.025316456;1327;316;0.0000~3.5347;14000~74999;2
19838;*;*;33~40;4.491071429;1.047619048;1734;336;0.0000~3.5347;14000~74999;2
19839;*;*;33~40;3.830357143;1.017857143;1222;224;0.0000~3.5347;14000~74999;2
19840;*;*;33~40;5.133738602;1.127659574;1475;329;0.0000~3.5347;14000~74999;2
19841;*;*;17~24;5.383419689;0.984455959;643;193;0.0000~3.5347;14000~74999;2
19842;*;*;25~32;4.634464752;1.08616188;1217;383;0.0000~3.5347;14000~74999;2
19843;*;*;9~16;4.422740525;1.052478134;1275;343;0.0000~3.5347;14000~74999;2
19844;*;*;17~24;4.02293578;1.004587156;966;218;0.0000~3.5347;14000~74999;2
19845;*;*;25~32;3.971502591;0.935233161;1518;386;0.0000~3.5347;14000~74999;2
19846;*;*;17~24;5.576923077;1.073964497;1056;338;0.0000~3.5347;75000~135999;2
19847;*;*;33~40;4.833333333;1.03525641;1283;312;0.0000~3.5347;14000~74999;2
19848;*;*;33~40;5.598705502;1.003236246;899;309;0.0000~3.5347;75000~135999;2
19849;*;*;17~24;6.105882353;1.029411765;998;340;3.5348~7.0695;136000~196999;2
19850;*;*;33~40;5.424836601;1.140522876;1061;306;0.0000~3.5347;14000~74999;2
19851;*;*;25~32;4.932659933;1.02020202;1013;297;0.0000~3.5347;14000~74999;2
19852;*;*;17~24;5.463291139;1.04556962;1461;395;0.0000~3.5347;14000~74999;2
19853;*;*;17~24;6.335227273;1.096590909;1742;176;0.0000~3.5347;75000~135999;2
19854;*;*;25~32;4.89957265;0.995726496;1538;468;0.0000~3.5347;14000~74999;2
19855;*;*;17~24;6.468085106;1.180851064;1076;282;0.0000~3.5347;14000~74999;2
19856;*;*;17~24;5.1875;1.011904762;1390;336;0.0000~3.5347;14000~74999;2
19857;*;*;17~24;5.671814672;1.16988417;1031;259;0.0000~3.5347;14000~74999;2
19858;*;*;9~16;5.649350649;1.035714286;1332;308;0.0000~3.5347;14000~74999;2
19859;*;*;9~16;4.27039627;1.060606061;1664;429;0.0000~3.5347;14000~74999;2
19860;*;*;17~24;4.524390244;1.014634146;1520;410;0.0000~3.5347;14000~74999;2
19861;*;*;25~32;4.902912621;1.158576052;1178;309;0.0000~3.5347;14000~74999;2
19862;*;*;9~16;4.917627677;1;2250;607;0.0000~3.5347;14000~74999;2
19863;*;*;17~24;5.188916877;0.964735516;1348;397;0.0000~3.5347;14000~74999;2
19864;*;*;17~24;6.359550562;0.994382022;518;178;3.5348~7.0695;197000~257999;2
19865;*;*;17~24;6.844765343;0.960288809;674;277;7.0696~10.6043;*;2
19866;*;*;17~24;6.153664303;1.130023641;1158;423;3.5348~7.0695;136000~196999;2
19867;*;*;1~8;5.812903226;1.076129032;1917;775;3.5348~7.0695;14000~135999;2
19868;*;*;17~24;4.807692308;0.918803419;1218;468;3.5348~7.0695;14000~135999;2
19869;*;*;9~16;5.218340611;0.96069869;568;229;0.0000~3.5347;75000~135999;2
19870;*;*;9~16;5.700884956;1.092035398;1351;565;0.0000~3.5347;75000~135999;2
19871;*;*;25~32;3.272727273;0.979545455;2178;440;0.0000~3.5347;14000~74999;2
19872;*;*;33~40;3.62170088;1.082111437;1246;341;0.0000~3.5347;14000~74999;2
19873;*;*;41~48;4.835064935;1.079220779;2256;770;0.0000~3.5347;14000~74999;2
19874;*;*;25~32;4.454117647;1.065882353;1744;425;0.0000~3.5347;14000~74999;2
19875;*;*;17~24;3.567567568;1.045045045;641;222;0.0000~3.5347;75000~135999;2
19876;*;*;41~48;4.927710843;1.018072289;772;332;0.0000~3.5347;75000~135999;2
19877;*;*;9~16;7.211111111;1.042222222;1471;450;3.5348~7.0695;136000~196999;2
19878;*;*;1~8;5.484025559;1;1793;626;0.0000~3.5347;14000~135999;2
19879;*;*;1~8;5.306784661;1.033923304;2080;678;0.0000~3.5347;14000~135999;2
19880;*;*;9~16;3.835766423;1.083941606;927;274;0.0000~3.5347;14000~74999;2
19881;*;*;25~32;4.685649203;1.075170843;1453;439;0.0000~3.5347;14000~74999;2
19882;*;*;9~16;5.212361331;0.984152139;1866;631;0.0000~3.5347;75000~135999;2
19883;*;*;33~40;5.581218274;1.02284264;1245;394;0.0000~3.5347;75000~135999;2
19884;*;*;17~24;6.132553606;1.159844055;1580;513;0.0000~3.5347;75000~135999;2
19885;*;*;17~24;5.534883721;0.976744186;859;301;0.0000~3.5347;75000~135999;2
19886;*;*;33~40;5.46763754;0.990291262;1565;618;0.0000~3.5347;75000~135999;2
19887;*;*;25~32;5.086956522;1.00310559;942;322;0.0000~3.5347;14000~74999;2
19888;*;*;17~24;5.606132075;0.976415094;1359;424;3.5348~7.0695;14000~135999;2
19889;*;*;1~8;4.736334405;1.067524116;1608;622;0.0000~3.5347;14000~135999;2
19890;*;*;17~24;5.649606299;1.712598425;657;254;0.0000~3.5347;14000~74999;2
19891;*;*;25~32;4.961904762;1.147619048;1410;420;0.0000~3.5347;14000~74999;2
19892;*;*;33~40;4.377777778;1.005555556;405;180;0.0000~3.5347;14000~74999;2
19893;*;*;17~24;4.870307167;1.061433447;1026;293;0.0000~3.5347;14000~74999;2
19894;*;*;25~32;3.528645833;0.9453125;1427;384;0.0000~3.5347;14000~74999;2
19895;*;*;17~24;4.283783784;1.058558559;806;222;0.0000~3.5347;14000~74999;2
19896;*;*;17~24;5.192028986;0.960144928;1092;276;0.0000~3.5347;14000~74999;2
19897;*;*;17~24;4.5;0.993506494;2022;462;0.0000~3.5347;14000~74999;2
19898;*;*;17~24;6.357446809;1.170212766;678;235;0.0000~3.5347;14000~74999;2
19899;*;*;17~24;4.80125523;1.062761506;1654;478;0.0000~3.5347;14000~74999;2
19900;*;*;25~32;4.322857143;1.068571429;839;350;0.0000~3.5347;14000~74999;2
19901;*;*;33~40;4.383371824;1.110854503;1123;433;0.0000~3.5347;14000~74999;2
19902;*;*;25~32;4.364683301;0.986564299;1234;521;0.0000~3.5347;14000~74999;2
19903;*;*;33~40;4.766968326;1.020361991;1364;442;0.0000~3.5347;14000~74999;2
19904;*;*;9~16;5.37667304;0.982791587;1620;523;3.5348~7.0695;14000~135999;2
19905;*;*;1~8;5.716269841;1.027777778;1432;504;3.5348~7.0695;14000~135999;2
19906;*;*;9~16;5.781847134;1.011146497;1881;628;3.5348~7.0695;14000~135999;2
19907;*;*;25~32;6.090301003;1.153846154;812;299;0.0000~3.5347;14000~74999;2
19908;*;*;17~24;5.590625;1125;1540;640;0.0000~3.5347;75000~135999;2
19909;*;*;41~48;5.802816901;1.166197183;819;355;0.0000~3.5347;75000~135999;2
19910;*;*;17~24;5.536163522;0.966981132;1712;636;0.0000~3.5347;75000~135999;2
19911;*;*;33~48;6.047619048;0.916666667;791;336;3.5348~7.0695;14000~135999;2
19912;*;*;17~24;5.535714286;1.112781955;1419;532;0.0000~3.5347;75000~135999;2
19913;*;*;9~16;6.170984456;0.976683938;1278;386;3.5348~7.0695;14000~135999;2
19914;*;*;33~40;6.452914798;1.134529148;607;223;0.0000~3.5347;75000~135999;2
19915;*;*;9~16;6.188365651;0.988919668;1150;361;3.5348~7.0695;14000~135999;2
19916;*;*;17~24;5.813253012;1.144578313;1643;664;0.0000~3.5347;75000~135999;2
19917;*;*;17~24;6.441025641;1.071794872;566;195;3.5348~7.0695;14000~135999;2
19918;*;*;9~16;6.144308943;0.953252033;1523;492;3.5348~7.0695;14000~135999;2
19919;*;*;17~24;6.057591623;0.937172775;572;191;3.5348~7.0695;136000~196999;2
19920;*;*;9~16;4.365661861;1.099606815;1955;763;0.0000~3.5347;75000~135999;2
19921;*;*;9~16;4.874493927;0.91902834;633;247;3.5348~7.0695;14000~135999;2
19922;*;*;9~16;5.345938375;1.007002801;1686;714;3.5348~7.0695;14000~135999;2
19923;*;*;1~8;5.631034483;1.04137931;1769;580;0.0000~3.5347;14000~135999;2
19924;*;*;17~24;5.852601156;0.947976879;1039;346;0.0000~3.5347;75000~135999;2
19925;*;*;33~48;6.126984127;1.023809524;849;378;3.5348~7.0695;14000~135999;2
19926;*;*;17~24;5.724452555;1.145985401;1446;548;0.0000~3.5347;75000~135999;2
19927;*;*;17~24;6.159645233;0.955654102;1092;451;3.5348~7.0695;14000~135999;2
19928;*;*;25~32;5475;0.990909091;1142;440;3.5348~7.0695;14000~135999;2
19929;*;*;17~24;5.097130243;0.93598234;1047;453;0.0000~3.5347;75000~135999;2
19930;*;*;17~24;5.870415648;1;1100;409;3.5348~7.0695;14000~135999;2
19931;*;*;9~16;5.727626459;0.887159533;892;257;3.5348~7.0695;14000~135999;2
19932;*;*;9~16;5.901162791;0.843023256;1563;516;3.5348~7.0695;14000~135999;2
19933;*;*;9~16;6.029473684;1.202105263;1480;475;0.0000~3.5347;75000~135999;2
19934;*;*;9~16;4.097744361;1.05764411;870;399;0.0000~3.5347;75000~135999;2
19935;*;*;9~16;6.154241645;1.177377892;1177;389;0.0000~3.5347;14000~74999;2
19936;*;*;9~16;6.13559322;0.994350282;1013;354;3.5348~7.0695;14000~135999;2
19937;*;*;9~16;6.639175258;1.134020619;997;291;3.5348~7.0695;14000~135999;2
19938;*;*;9~16;5.046153846;1.013461538;1077;520;0.0000~3.5347;75000~135999;2
19939;*;*;9~16;4.8;0.98;931;350;0.0000~3.5347;75000~135999;2
19940;*;*;17~24;6.054313099;1.086261981;749;313;0.0000~3.5347;75000~135999;2
19941;*;*;25~32;4.862857143;0.994285714;1016;350;0.0000~3.5347;14000~74999;2
19942;*;*;25~32;5.828178694;0.958762887;909;291;0.0000~3.5347;75000~135999;2
19943;*;*;9~16;5.136554622;1.105042017;1262;476;0.0000~3.5347;14000~74999;2
19944;*;*;17~24;4.87755102;0.927113703;1298;343;0.0000~3.5347;14000~74999;2
19945;*;*;17~24;5.079812207;0.948356808;793;213;0.0000~3.5347;14000~74999;2
19946;*;*;25~32;4.174757282;0.98381877;852;309;0.0000~3.5347;14000~74999;2
19947;*;*;25~32;4.981927711;1.176706827;1445;498;0.0000~3.5347;14000~74999;2
19948;*;*;25~32;4.552529183;1.007782101;804;257;0.0000~3.5347;14000~74999;2
19949;*;*;33~40;4.962138085;1.06013363;1567;449;0.0000~3.5347;14000~74999;2
19950;*;*;9~16;6.175373134;1.084577114;2191;804;3.5348~7.0695;14000~135999;2
19951;*;*;25~32;5.979591837;1.023323615;915;343;0.0000~3.5347;75000~135999;2
19952;*;*;33~40;5.951648352;1.010989011;1260;455;0.0000~3.5347;75000~135999;2
19953;*;*;25~32;5.921501706;1.102389078;805;293;0.0000~3.5347;75000~135999;2
19954;*;*;33~40;5.140264026;1.02640264;1238;606;0.0000~3.5347;14000~74999;2
19955;*;*;25~32;3.763819095;1.075376884;537;199;0.0000~3.5347;14000~74999;2
19956;*;*;9~16;6.04516129;1.038709677;1955;620;3.5348~7.0695;14000~135999;2
19957;*;*;1~8;5.482269504;1.035460993;1283;423;3.5348~7.0695;14000~135999;2
19958;*;*;25~32;4.959349593;0.943089431;619;246;0.0000~3.5347;75000~135999;2
19959;*;*;17~24;5.975728155;2.111650485;609;206;0.0000~3.5347;75000~135999;2
19960;*;*;17~24;5.740740741;1.011396011;1031;351;0.0000~3.5347;136000~196999;2
19961;*;*;17~24;6.385542169;1.098393574;1829;498;0.0000~3.5347;14000~74999;2
19962;*;*;17~24;6.24;1.13;641;200;0.0000~3.5347;75000~135999;2
19963;*;*;17~24;5.537735849;0.986792453;1927;530;0.0000~3.5347;14000~74999;2
19964;*;*;17~24;6.498771499;1.14004914;1245;407;0.0000~3.5347;75000~135999;2
19965;*;*;25~32;5.066246057;1.009463722;1158;317;0.0000~3.5347;14000~74999;2
19966;*;*;17~24;5.49137931;1.117816092;1241;348;0.0000~3.5347;14000~74999;2
19967;*;*;33~40;5.774410774;0.976430976;780;297;0.0000~3.5347;14000~74999;2
19968;*;*;41~48;4.635416667;0.972222222;943;288;0.0000~3.5347;14000~74999;2
19969;*;*;33~40;4.7525;1.1325;1613;400;0.0000~3.5347;14000~74999;2
19970;*;*;33~40;4.130681818;0.982954545;559;176;0.0000~3.5347;14000~74999;2
19971;*;*;9~16;4.461538462;1.029411765;1469;442;0.0000~3.5347;14000~74999;2
19972;*;*;17~24;7.595588235;1.705882353;442;136;0.0000~3.5347;136000~196999;2
19973;*;*;25~32;5.133843212;1.043977055;951;523;0.0000~3.5347;75000~135999;2
19974;*;*;41~48;5.545454545;1.242424242;534;231;0.0000~3.5347;14000~74999;2
19975;*;*;9~16;23.99415205;5.157894737;356;171;0.0000~3.5347;75000~135999;2
19976;*;*;9~16;21.0952381;5.285714286;48;21;0.0000~3.5347;14000~74999;2
19977;*;*;17~24;18.79352227;5.263157895;658;247;0.0000~3.5347;75000~135999;2
19978;*;*;33~48;6.340425532;1.170212766;161;47;3.5348~7.0695;14000~135999;2
19979;*;*;9~16;5.493265993;1.095959596;1910;594;0.0000~3.5347;75000~135999;2
19980;*;*;25~32;4.594520548;0.980821918;1159;365;0.0000~3.5347;14000~74999;2
19981;*;*;17~24;4.320441989;1.093922652;713;362;0.0000~3.5347;75000~135999;2
19982;*;*;17~24;4.153116531;0.983739837;2165;738;0.0000~3.5347;14000~74999;2
19983;*;*;9~16;5.180952381;1.2;1303;315;0.0000~3.5347;14000~74999;2
19984;*;*;25~32;2.964539007;1.156028369;332;141;0.0000~3.5347;14000~74999;2
19985;*;*;17~24;5.48358209;0.991044776;1064;335;0.0000~3.5347;14000~74999;2
19986;*;*;25~32;5.412844037;1.055045872;1424;436;0.0000~3.5347;14000~74999;2
19987;*;*;25~32;6.457013575;1.113122172;772;221;0.0000~3.5347;14000~74999;2
19988;*;*;9~16;5.442508711;0.958188153;961;287;0.0000~3.5347;75000~135999;2
19989;*;*;9~16;4.092651757;0.92971246;861;313;0.0000~3.5347;14000~74999;2
19990;*;*;9~16;5.379073756;1.063464837;2013;583;0.0000~3.5347;14000~74999;2
19991;*;*;25~32;4.980446927;1.067039106;1266;358;0.0000~3.5347;14000~74999;2
19992;*;*;25~32;4.68115942;0.975845411;1487;414;0.0000~3.5347;14000~74999;2
19993;*;*;33~40;4.924433249;1.002518892;1412;397;0.0000~3.5347;14000~74999;2
19994;*;*;17~24;4.731884058;0.963768116;889;276;0.0000~3.5347;14000~74999;2
19995;*;*;1~8;4.165217391;0.982608696;734;230;0.0000~3.5347;14000~135999;2
19996;*;*;25~32;6.142028986;1.08115942;1268;345;0.0000~3.5347;75000~135999;2
19997;*;*;17~24;5.625766871;1.231083845;1496;489;0.0000~3.5347;14000~74999;2
19998;*;*;17~24;5.44;1.093333333;253;75;0.0000~3.5347;75000~135999;2
19999;*;*;17~24;5.427184466;1.053398058;1405;412;0.0000~3.5347;14000~74999;2
20000;*;*;33~40;5.228571429;1.137142857;580;175;0.0000~3.5347;75000~135999;2
20001;*;*;25~32;7.257142857;1.242857143;481;140;0.0000~3.5347;75000~135999;2
20002;*;*;25~32;4.120448179;1.044817927;1418;357;0.0000~3.5347;14000~74999;2
20003;*;*;25~32;5.353982301;1.109144543;1421;339;0.0000~3.5347;14000~74999;2
20004;*;*;33~48;5.88372093;1.085271318;408;129;3.5348~7.0695;14000~135999;2
20005;*;*;25~32;4.509433962;1.037735849;1434;371;0.0000~3.5347;14000~74999;2
20006;*;*;17~24;6.10483871;1.010752688;1145;372;0.0000~3.5347;75000~135999;2
20007;*;*;17~24;5.718987342;1.032911392;1169;395;0.0000~3.5347;75000~135999;2
20008;*;*;17~24;5.190283401;1.105263158;852;247;0.0000~3.5347;14000~74999;2
20009;*;*;25~32;5.210412148;1.036876356;1527;461;0.0000~3.5347;14000~74999;2
20010;*;*;25~32;4.324705882;1.037647059;1628;425;0.0000~3.5347;14000~74999;2
20011;*;*;25~32;4.968454259;1.012618297;1063;317;0.0000~3.5347;14000~74999;2
20012;*;*;25~32;5.768976898;1.141914191;891;303;0.0000~3.5347;14000~74999;2
20013;*;*;17~24;5.690406977;1.078488372;1768;688;0.0000~3.5347;75000~135999;2
20014;*;*;25~32;5.41509434;1.099056604;521;212;0.0000~3.5347;75000~135999;2
20015;*;*;25~32;5.968253968;1.076190476;1003;315;0.0000~3.5347;75000~135999;2
20016;*;*;17~24;6.081447964;1.126696833;868;221;0.0000~3.5347;14000~74999;2
20017;*;*;9~16;6.197590361;1.093975904;1402;415;3.5348~7.0695;14000~135999;2
20018;*;*;9~16;5.333333333;0.934731935;1238;429;0.0000~3.5347;75000~135999;2
20019;*;*;9~16;5.804577465;1;1749;568;3.5348~7.0695;14000~135999;2
20020;*;*;17~24;4.24433657;1.066343042;1912;618;0.0000~3.5347;14000~74999;2
20021;*;*;17~24;6.095465394;1.057279236;1301;419;3.5348~7.0695;14000~135999;2
20022;*;*;1~8;5.484725051;1.034623218;1785;491;0.0000~3.5347;14000~135999;2
20023;*;*;9~16;5.852713178;0.987080103;1285;387;0.0000~3.5347;75000~135999;2
20024;*;*;17~24;4.895985401;1.009124088;1497;548;0.0000~3.5347;14000~74999;2
20025;*;*;17~24;4.904761905;1.037698413;1238;504;0.0000~3.5347;14000~74999;2
20026;*;*;17~24;5.773399015;1.002463054;1184;406;0.0000~3.5347;14000~74999;2
20027;*;*;9~16;5.319047619;0.988095238;1254;420;0.0000~3.5347;75000~135999;2
20028;*;*;25~32;4.655172414;1.051724138;1154;348;0.0000~3.5347;14000~74999;2
20029;*;*;17~24;5.439363817;1.091451292;1432;503;0.0000~3.5347;14000~74999;2
20030;*;*;17~24;5.800469484;1.011737089;1040;426;0.0000~3.5347;75000~135999;2
20031;*;*;25~32;5.214797136;1.038186158;1108;419;0.0000~3.5347;75000~135999;2
20032;*;*;25~32;5;1.00623053;1908;642;0.0000~3.5347;75000~135999;2
20033;*;*;25~32;4.570928196;1.045534151;1659;571;0.0000~3.5347;14000~74999;2
20034;*;*;33~40;5.056034483;1.159482759;702;232;0.0000~3.5347;14000~74999;2
20035;*;*;41~48;4.822834646;1.131889764;1330;508;0.0000~3.5347;14000~74999;2
20036;*;*;17~24;5.1875;1.182291667;1654;576;0.0000~3.5347;75000~135999;2
20037;*;*;33~40;4.899280576;1.06235012;1497;417;0.0000~3.5347;14000~74999;2
20038;*;*;17~24;4.84592145;1.043806647;1986;662;0.0000~3.5347;14000~74999;2
20039;*;*;25~32;5.282786885;1.073770492;1100;244;0.0000~3.5347;14000~74999;2
20040;*;*;17~24;5.816568047;0.976331361;672;169;0.0000~3.5347;14000~74999;2
20041;*;*;17~24;5.577720207;1.186528497;1317;386;0.0000~3.5347;14000~74999;2
20042;*;*;33~48;6.598591549;1.112676056;396;142;3.5348~7.0695;14000~135999;2
20043;*;*;17~24;5.954285714;1.045714286;509;175;0.0000~3.5347;14000~74999;2
20044;*;*;33~40;4.561611374;1.049763033;1405;422;0.0000~3.5347;14000~74999;2
20045;*;*;41~48;4.459882583;1.052837573;1908;511;0.0000~3.5347;14000~74999;2
20046;*;*;25~32;4.192200557;1.211699164;1392;359;0.0000~3.5347;14000~74999;2
20047;*;*;25~32;4.083333333;1.065217391;839;276;0.0000~3.5347;14000~74999;2
20048;*;*;17~24;4.557017544;0.945175439;1336;456;0.0000~3.5347;14000~74999;2
20049;*;*;17~24;4.540983607;0.991803279;426;122;0.0000~3.5347;14000~74999;2
20050;*;*;25~32;5.104895105;1.104895105;880;286;0.0000~3.5347;14000~74999;2
20051;*;*;17~24;4.950680272;1.015306122;1746;588;0.0000~3.5347;14000~74999;2
20052;*;*;25~32;5.563535912;1.110497238;1160;362;0.0000~3.5347;14000~74999;2
20053;*;*;17~24;5.177514793;1.106508876;1113;338;0.0000~3.5347;14000~74999;2
20054;*;*;17~24;5.755952381;1.12202381;1341;336;0.0000~3.5347;14000~74999;2
20055;*;*;33~40;5.333333333;1.202898551;564;138;0.0000~3.5347;14000~74999;2
20056;*;*;17~24;4.348557692;1.146634615;2051;416;0.0000~3.5347;14000~74999;2
20057;*;*;17~24;4.732142857;1.081632653;1839;392;0.0000~3.5347;14000~74999;2
20058;*;*;25~32;4.145833333;1.020833333;1282;336;0.0000~3.5347;14000~74999;2
20059;*;*;9~16;3.398601399;0.940559441;1134;286;0.0000~3.5347;14000~74999;2
20060;*;*;17~24;4.274193548;1.048387097;1686;372;0.0000~3.5347;14000~74999;2
20061;*;*;17~24;5.304545455;1.092424242;2009;660;0.0000~3.5347;14000~74999;2
20062;*;*;17~24;4.285198556;1.111913357;1343;277;0.0000~3.5347;14000~74999;2
20063;*;*;25~32;4.545045045;1.108108108;994;222;0.0000~3.5347;14000~74999;2
20064;*;*;17~24;6.02166065;1.108303249;888;277;3.5348~7.0695;14000~135999;2
20065;*;*;17~24;5.926553672;1.04519774;912;354;0.0000~3.5347;75000~135999;2
20066;*;*;33~40;5.684073107;1.054830287;891;383;0.0000~3.5347;75000~135999;2
20067;*;*;17~24;5.153846154;1.11025641;910;390;0.0000~3.5347;75000~135999;2
20068;*;*;49~56;4.141176471;1.074509804;584;255;*;14000~135999;2
20069;*;*;25~32;5.086021505;4.677419355;242;93;0.0000~3.5347;75000~135999;2
20070;*;*;1~16;6.274193548;1.64516129;422;186;0.0000~3.5347;197000~257999;2
20071;*;*;33~40;5.069026549;1.067256637;1155;565;0.0000~3.5347;75000~135999;2
20072;*;*;25~32;4.56;1.074545455;1112;550;0.0000~3.5347;75000~135999;2
20073;*;*;41~48;5.170731707;1.068292683;496;205;0.0000~3.5347;75000~135999;2
20074;*;*;17~24;6.404255319;2;122;47;3.5348~7.0695;14000~135999;2
20075;*;*;9~16;9.155963303;1.880733945;618;218;0.0000~3.5347;75000~135999;2
20076;*;*;9~16;5.958333333;1.291666667;517;240;0.0000~3.5347;75000~135999;2
20077;*;*;9~16;5.241258741;1.13986014;733;286;0.0000~3.5347;75000~135999;2
20078;*;*;17~24;6.802631579;1.355263158;647;228;0.0000~3.5347;136000~196999;2
20079;*;*;9~16;4.461038961;1.006493506;859;462;0.0000~3.5347;75000~135999;2
20080;*;*;9~16;6.426294821;1.19123506;655;251;3.5348~7.0695;136000~196999;2
20081;*;*;9~16;6.11369509;1.028423773;1046;387;3.5348~7.0695;136000~196999;2
20082;*;*;1~8;8.00625;1.53125;422;160;0.0000~3.5347;14000~135999;2
20083;*;*;9~16;6.329305136;1.181268882;860;331;3.5348~7.0695;136000~196999;2
20084;*;*;9~16;7.216165414;1.343984962;1486;532;0.0000~3.5347;75000~135999;2
20085;*;*;9~16;6.21443299;1.154639175;1424;485;0.0000~3.5347;75000~135999;2
20086;*;*;17~24;5.101604278;1.024064171;984;374;0.0000~3.5347;136000~196999;2
20087;*;*;1~16;6.191082803;1.050955414;822;314;0.0000~3.5347;136000~196999;2
20088;*;*;17~24;9.398648649;1.718468468;1086;444;0.0000~3.5347;136000~196999;2
20089;*;*;17~24;10.84581498;2.127753304;1175;454;0.0000~3.5347;75000~135999;2
20090;*;*;1~16;7.972746331;1.444444444;1129;477;0.0000~3.5347;136000~196999;2
20091;*;*;41~48;7.846153846;1.461538462;44;13;*;136000~196999;2
20092;*;*;17~24;11.42800528;2.085865258;2071;757;0.0000~3.5347;75000~135999;2
20093;*;*;33~40;24.66911765;4.897058824;338;136;0.0000~3.5347;75000~135999;2
20094;*;*;25~32;37.06349206;7.185185185;416;189;0.0000~3.5347;75000~135999;2
20095;*;*;9~16;5.751054852;1.0907173;1351;474;0.0000~3.5347;75000~135999;2
20096;*;*;1~16;6.100502513;1.145728643;633;199;0.0000~3.5347;136000~196999;2
20097;*;*;9~16;6.183544304;1.164556962;917;316;0.0000~3.5347;75000~135999;2
20098;*;*;17~24;5.341836735;1.081632653;530;196;0.0000~3.5347;136000~196999;2
20099;*;*;33~40;4.825966851;1.091160221;935;362;0.0000~3.5347;75000~135999;2
20100;*;*;49~56;5.061728395;1.0781893;609;243;*;14000~135999;2
20101;*;*;9~16;7.25;1.117647059;196;68;0.0000~3.5347;75000~135999;2
20102;*;*;1~8;4.44;1.04;58;25;0.0000~3.5347;14000~135999;2
20103;*;*;1~8;5.964028777;1.082733813;676;278;3.5348~7.0695;136000~196999;2
20104;*;*;17~24;5.100806452;1.060483871;1024;496;0.0000~3.5347;75000~135999;2
20105;*;*;17~24;5.729681979;1.093639576;1408;566;0.0000~3.5347;75000~135999;2
20106;*;*;17~24;5.383763838;1.095940959;753;271;0.0000~3.5347;136000~196999;2
20107;*;*;9~16;4.909090909;0.818181818;54;22;3.5348~7.0695;14000~135999;2
20108;*;*;25~32;5.74;1.14;118;50;0.0000~3.5347;136000~196999;2
20109;*;*;1~16;5.31147541;1;135;61;0.0000~3.5347;136000~196999;2
20110;*;*;1~16;11.45850796;2.056160939;2811;1193;0.0000~3.5347;136000~196999;2
20111;*;*;25~32;7.206060606;1.545454545;446;165;0.0000~3.5347;75000~135999;2
20112;*;*;17~24;11.53658537;2.804878049;88;41;3.5348~7.0695;136000~196999;2
20113;*;*;17~24;17.3;6.5;51;20;0.0000~3.5347;136000~196999;2
20114;*;*;25~32;5.186335404;1.095238095;1145;483;0.0000~3.5347;75000~135999;2
20115;*;*;17~24;5.265060241;1.048192771;1335;581;0.0000~3.5347;75000~135999;2
20116;*;*;17~24;5.238721805;1.086466165;1208;532;0.0000~3.5347;75000~135999;2
20117;*;*;1~16;5.817767654;1.141230068;922;439;0.0000~3.5347;136000~196999;2
20118;*;*;17~24;5.161616162;0.97979798;517;198;3.5348~7.0695;14000~135999;2
20119;*;*;1~16;5.246882793;1.014962594;960;401;0.0000~3.5347;136000~196999;2
20120;*;*;9~16;6.098360656;1.155737705;311;122;3.5348~7.0695;14000~135999;2
20121;*;*;1~8;6.979220779;1.285714286;5087;385;0.0000~3.5347;14000~135999;2
20122;*;*;17~24;6.963768116;1.579710145;479;138;0.0000~3.5347;136000~196999;2
20123;*;*;1~32;5.942857143;1.571428571;436;70;0.0000~3.5347;258000~501999;1
20124;*;*;25~32;6.493506494;1.337662338;545;154;0.0000~3.5347;136000~196999;1
20125;*;*;41~48;4.639769452;1.253602305;1148;347;0.0000~3.5347;75000~135999;1
20126;*;*;17~24;6.330434783;1.043478261;360;115;3.5348~7.0695;319000~379999;1
20127;*;*;33~40;5.850220264;1.074889868;795;227;*;319000~379999;1
20128;*;*;33~40;5.996621622;1.043918919;1071;296;*;136000~196999;1
20129;*;*;17~24;5.141287284;0.940345369;2422;637;3.5348~7.0695;136000~196999;1
20130;*;*;17~24;4.623655914;1.014336918;1060;279;0.0000~3.5347;197000~257999;1
20131;*;*;17~24;4.732049037;1.147110333;2664;571;0.0000~3.5347;136000~196999;1
20132;*;*;33~40;6.154166667;1.026388889;2304;720;*;197000~257999;1
20133;*;*;25~32;4.88225256;1.046075085;2065;586;0.0000~3.5347;136000~196999;1
20134;*;*;9~16;4.988549618;1.097328244;1163;524;0.0000~3.5347;75000~135999;1
20135;*;*;33~40;5.507518797;0.984962406;731;266;*;197000~257999;1
20136;*;*;25~32;5.278532609;1.03125;2504;736;3.5348~7.0695;197000~257999;1
20137;*;*;17~24;3.837209302;1.069767442;2428;473;0.0000~3.5347;136000~196999;1
20138;*;*;49~56;4.809338521;1.097276265;1079;257;*;136000~196999;1
20139;*;*;17~24;5.008264463;1.088842975;1379;484;0.0000~3.5347;136000~196999;1
20140;*;*;33~40;4.8125;0.9375;334;96;*;258000~318999;1
20141;*;*;49~56;4.634868421;1.180921053;981;304;*;197000~257999;1
20142;*;*;49~56;4.157718121;1.073825503;934;298;*;136000~196999;1
20143;*;*;33~40;3.844690967;1.023771791;2116;631;*;136000~196999;1
20144;*;*;33~40;3.044871795;0.961538462;1366;312;*;136000~196999;1
20145;*;*;17~24;5.437284235;1.013808976;2823;869;3.5348~7.0695;197000~257999;1
20146;*;*;17~24;4.708226221;1.064267352;2718;778;0.0000~3.5347;136000~196999;1
20147;*;*;17~24;4.391117479;1.035816619;2042;698;0.0000~3.5347;136000~196999;1
20148;*;*;9~16;6;1.146050671;1825;671;3.5348~7.0695;136000~196999;1
20149;*;*;25~32;5.815831987;1.034733441;3793;1238;3.5348~7.0695;197000~257999;1
20150;*;*;41~48;4.168571429;0.925714286;902;350;*;136000~196999;1
20151;*;*;33~40;5.092503987;1.059011164;1434;627;*;258000~318999;1
20152;*;*;25~32;5.823439878;1.051750381;1656;657;3.5348~7.0695;380000~501999;1
20153;*;*;33~40;5.481393975;1.042528057;4514;1693;*;197000~257999;1
20154;*;*;33~40;5.541778976;1.026954178;939;371;*;380000~440999;1
20155;*;*;9~16;6.3;1.17;343;100;3.5348~7.0695;258000~501999;1
20156;*;*;9~16;6.557312253;1.083003953;679;253;3.5348~7.0695;258000~501999;1
20157;*;*;33~40;5.712250712;1.116809117;1043;351;*;258000~318999;1
20158;*;*;17~24;8.230769231;1.128205128;92;39;7.0696~10.6043;*;1
20159;*;*;17~24;5.949886105;1.125284738;1361;439;3.5348~7.0695;197000~257999;0
20160;*;*;17~24;4.947368421;1.210526316;130;57;0.0000~3.5347;197000~257999;0
20161;*;*;41~48;5.333333333;1.178030303;793;264;*;136000~196999;0
20162;*;*;25~32;6.311320755;1.235849057;314;106;0.0000~3.5347;197000~257999;0
20163;*;*;1~32;7.462962963;0.888888889;208;54;10.6044~16.0000;*;0
20164;*;*;33~40;4.34369287;0.989031079;1505;547;*;197000~257999;1
20165;*;*;25~32;5.355263158;1.005639098;1383;532;0.0000~3.5347;197000~257999;1
20166;*;*;33~40;5.19133574;1.056558363;2361;831;*;197000~257999;0
20167;*;*;17~24;5.5109375;1.1109375;1483;640;0.0000~3.5347;197000~257999;1
20168;*;*;17~24;6.17769131;1.073929961;2198;771;3.5348~7.0695;258000~318999;0
20169;*;*;17~24;5.449317739;1.015594542;2860;1026;3.5348~7.0695;197000~257999;0
20170;*;*;17~24;6.69707401;1.13080895;1727;581;3.5348~7.0695;197000~257999;0
20171;*;*;33~40;5.227504244;0.983022071;1807;589;*;197000~257999;0
20172;*;*;25~32;4.512345679;0.956790123;285;162;0.0000~3.5347;197000~257999;0
20173;*;*;17~24;5.782352941;1.064705882;1896;680;3.5348~7.0695;258000~318999;0
20174;*;*;17~24;5.755555556;0.844444444;142;45;3.5348~7.0695;380000~501999;0
20175;*;*;1~32;4.900990099;0.994059406;1269;505;0.0000~3.5347;258000~501999;0
20176;*;*;25~32;5.983333333;0.97037037;1665;540;3.5348~7.0695;197000~257999;0
20177;*;*;17~24;6.909923664;1.094656489;2088;655;3.5348~7.0695;258000~318999;0
20178;*;*;25~32;6.657575758;0.96969697;934;330;3.5348~7.0695;258000~318999;0
20179;*;*;25~32;4.827160494;1.037037037;1815;648;0.0000~3.5347;136000~196999;0
20180;*;*;17~24;7.309255079;1.41986456;1195;443;3.5348~7.0695;380000~501999;0
20181;*;*;1~16;3.466666667;1.066666667;51;15;0.0000~3.5347;197000~257999;0
20182;*;*;17~24;5.166979362;1.082551595;1349;533;0.0000~3.5347;136000~196999;1
20183;*;*;25~32;3.6875;875;400;112;3.5348~7.0695;197000~257999;0
20184;*;*;9~16;5.184824903;1.027237354;2801;1028;3.5348~7.0695;197000~257999;0
20185;*;*;17~24;5.7;1.034375;1049;320;3.5348~7.0695;197000~257999;0
20186;*;*;25~32;3.558558559;1.085585586;1095;222;0.0000~3.5347;75000~135999;0
20187;*;*;1~8;6.337912088;1.06043956;910;364;3.5348~7.0695;258000~501999;0
20188;*;*;17~24;6.329787234;0.981762918;2194;658;3.5348~7.0695;197000~257999;0
20189;*;*;17~24;5.401213756;1.037761295;3982;1483;3.5348~7.0695;197000~257999;0
20190;*;*;9~16;6.631578947;0.98185118;1638;551;3.5348~7.0695;258000~501999;0
20191;*;*;1~16;4.781059063;0.972505092;2065;982;0.0000~3.5347;197000~257999;0
20192;*;*;25~32;2.545454545;1;326;88;0.0000~3.5347;14000~74999;0
20193;*;*;9~16;4.82388974;1.196018377;1582;653;3.5348~7.0695;136000~196999;0
20194;*;*;1~16;4.619217082;1.112099644;1403;562;0.0000~3.5347;136000~196999;0
20195;*;*;1~16;4.784123911;1.13552759;3012;1033;0.0000~3.5347;197000~257999;0
20196;*;*;17~24;5.573359073;1.042471042;1508;518;0.0000~3.5347;197000~257999;0
20197;*;*;9~16;4.957166392;0.968698517;1439;607;3.5348~7.0695;197000~257999;0
20198;*;*;9~16;6.045783133;1.027710843;2524;830;3.5348~7.0695;197000~257999;0
20199;*;*;17~24;6.429752066;0.988980716;1298;363;3.5348~7.0695;197000~257999;0
20200;*;*;9~16;6.628571429;1.057142857;79;35;3.5348~7.0695;197000~257999;0
20201;*;*;25~32;6.153452685;1.051150895;1313;391;3.5348~7.0695;197000~257999;0
20202;*;*;25~32;5.843501326;0.973474801;1194;377;3.5348~7.0695;197000~257999;0
20203;*;*;17~24;5.2247557;1.04723127;1973;614;3.5348~7.0695;197000~257999;0
20204;*;*;25~32;4.534883721;1.372093023;140;43;3.5348~7.0695;136000~196999;0
20205;*;*;17~24;4.733466934;1.204408818;1127;499;0.0000~3.5347;197000~257999;0
20206;*;*;25~32;6.188498403;0.942492013;695;313;3.5348~7.0695;197000~257999;0
20207;*;*;17~24;5.777777778;1.004901961;1650;612;3.5348~7.0695;197000~257999;0
20208;*;*;17~24;7.488095238;1.029761905;2855;1008;3.5348~7.0695;380000~501999;0
20209;*;*;25~32;7.044444444;0.99047619;937;315;3.5348~7.0695;258000~318999;0
20210;*;*;17~24;7.167364017;1.020920502;690;239;3.5348~7.0695;380000~501999;0
20211;*;*;17~24;7.018121911;1.138385502;1581;607;3.5348~7.0695;258000~318999;0
20212;*;*;17~24;6.682779456;1.003021148;899;331;3.5348~7.0695;258000~318999;0
20213;*;*;33~40;6.796143251;1.038567493;1052;363;*;197000~257999;0
20214;*;*;33~40;4.826498423;1.075709779;703;317;*;197000~257999;0
20215;*;*;41~48;5.216266174;1.042513863;1288;541;*;197000~257999;0
20216;*;*;33~40;5.857142857;1.083743842;445;203;*;380000~440999;0
20217;*;*;33~40;6.065217391;1.013586957;951;368;*;258000~318999;0
20218;*;*;41~48;5.079365079;0.952380952;608;252;*;197000~257999;0
20219;*;*;41~48;5.957792208;1.00974026;683;308;*;319000~379999;0
20220;*;*;49~56;5.639798489;1.057934509;941;397;*;319000~379999;0
20221;*;*;25~32;5.786259542;1.03307888;982;393;3.5348~7.0695;380000~501999;0
20222;*;*;33~40;4.310961969;1.098434004;1835;894;*;319000~379999;0
20223;*;*;17~24;4.705483672;1.050523722;4647;1623;3.5348~7.0695;136000~196999;0
20224;*;*;41~48;3.724226804;1.056701031;1052;388;*;136000~196999;0
20225;*;*;49~56;3.994891443;1.053639847;2535;783;*;136000~196999;0
20226;*;*;25~32;4.212643678;1.071264368;2775;870;0.0000~3.5347;136000~196999;0
20227;*;*;25~32;5.079069767;0.88372093;702;215;3.5348~7.0695;136000~196999;0
20228;*;*;33~40;3.221322537;1.009446694;1537;741;*;136000~196999;0
20229;*;*;17~24;3.609929078;1.189125296;688;423;0.0000~3.5347;136000~196999;0
20230;*;*;25~32;5.491666667;1.273333333;1344;600;3.5348~7.0695;380000~501999;0
20231;*;*;17~24;5.513097072;1.160246533;1455;649;3.5348~7.0695;319000~379999;0
20232;*;*;1~32;4.75334608;1.162523901;709;523;0.0000~3.5347;258000~501999;0
20233;*;*;25~32;6.813218391;1.113505747;1682;696;3.5348~7.0695;380000~501999;0
20234;*;*;41~48;4.71942446;1.003597122;668;278;*;197000~257999;0
20235;*;*;49~56;4.5;1.084210526;915;380;*;197000~257999;0
20236;*;*;49~56;4.289719626;1.046728972;276;107;*;197000~257999;0
20237;*;*;49~56;4.707462687;1.023880597;836;335;*;197000~257999;0
20238;*;*;41~48;4.741176471;0.905882353;156;85;*;380000~501999;0
20239;*;*;41~48;4.738255034;1.181208054;399;149;*;136000~196999;0
20240;*;*;41~48;4.748251748;1.111888112;382;143;*;197000~257999;0
20241;*;*;25~32;4.657894737;1.016018307;1900;874;0.0000~3.5347;197000~257999;0
20242;*;*;25~32;4.638537271;1.130801688;1509;711;3.5348~7.0695;197000~257999;0
20243;*;*;25~32;3.930666667;1.102666667;1635;750;0.0000~3.5347;197000~257999;0
20244;*;*;33~40;6;0.964454976;1338;422;*;197000~257999;0
20245;*;*;33~40;4.798053528;0.929440389;1029;411;*;197000~257999;0
20246;*;*;33~40;4.604735883;1.041894353;1318;549;*;197000~257999;0
20247;*;*;41~48;4.5;1;394;204;*;197000~257999;0
20248;*;*;25~32;2.888888889;0.333333333;29;9;7.0696~10.6043;*;0
20249;*;*;9~16;6.752998667;1.074189249;7132;2251;3.5348~7.0695;258000~501999;0
20250;*;*;17~24;3.38172043;1.188172043;514;186;0.0000~3.5347;75000~135999;0
20251;*;*;1~16;4.576961271;1.211519364;2147;1007;0.0000~3.5347;197000~257999;0
20252;*;*;25~32;4.096774194;0.949677419;2460;775;0.0000~3.5347;197000~257999;0
20253;*;*;17~24;5.262516915;1.01217862;2415;739;3.5348~7.0695;197000~257999;0
20254;*;*;9~16;4.743062693;1.035971223;2549;973;3.5348~7.0695;197000~257999;0
20255;*;*;25~32;5.301265823;1.032911392;2783;790;3.5348~7.0695;197000~257999;0
20256;*;*;33~40;3.819852941;0.941176471;1432;272;*;136000~196999;0
20257;*;*;33~40;3.504012841;1.020866774;3504;623;*;136000~196999;0
20258;*;*;33~40;4.088709677;1.054435484;2751;496;*;136000~196999;0
20259;*;*;33~40;3.103151862;0.914040115;1843;349;0.0000~3.5347;75000~135999;0
20260;*;*;25~32;4.786026201;1.008733624;741;229;3.5348~7.0695;197000~257999;0
20261;*;*;25~32;6.27173913;1.055900621;1677;644;3.5348~7.0695;197000~257999;0
20262;*;*;25~32;4.89953271;0.947429907;2556;856;3.5348~7.0695;197000~257999;0
20263;*;*;25~32;4.408878505;1.137850467;1339;428;0.0000~3.5347;197000~257999;0
20264;*;*;33~40;3.859701493;0.931343284;1128;335;*;197000~257999;0
20265;*;*;33~40;5.242703533;1.064516129;2223;651;*;197000~257999;0
20266;*;*;41~48;4.396588486;1.031982942;1522;469;*;197000~257999;0
20267;*;*;17~24;4.646983312;0.558408216;3171;779;0.0000~3.5347;197000~257999;0
20268;*;*;17~24;3.140419948;0.570866142;1938;762;0.0000~3.5347;136000~196999;0
20269;*;*;17~24;4.660377358;1.198113208;489;106;0.0000~3.5347;136000~196999;0
20270;*;*;1~8;2.577181208;0.879194631;410;149;0.0000~3.5347;14000~135999;0
20271;*;*;9~16;7.194321767;1.344479495;3327;1585;3.5348~7.0695;258000~501999;0
20272;*;*;9~16;7.941529235;1.214392804;1489;667;3.5348~7.0695;258000~501999;0
20273;*;*;17~24;5.1;1.231404959;2164;1210;3.5348~7.0695;380000~501999;0
20274;*;*;17~24;6213;1188;2679;1000;3.5348~7.0695;380000~501999;0
20275;*;*;9~16;5.625185185;1.025185185;2216;675;3.5348~7.0695;197000~257999;0
20276;*;*;9~16;5.647887324;0.994969819;2754;994;3.5348~7.0695;197000~257999;0
20277;*;*;17~24;4.950965825;1.132243685;1797;673;3.5348~7.0695;197000~257999;0
20278;*;*;17~24;5.531431898;1.029685681;6370;1718;3.5348~7.0695;197000~257999;0
20279;*;*;25~32;4.662162162;1.031531532;782;222;3.5348~7.0695;136000~196999;0
20280;*;*;33~40;4.786372007;1.016574586;2726;543;*;136000~196999;0
20281;*;*;25~32;5.031390135;1.011958146;2857;669;3.5348~7.0695;136000~196999;0
20282;*;*;33~40;4.259189444;1.018850141;4818;1061;*;136000~196999;0
20283;*;*;25~32;4.293159609;1.039087948;2695;614;0.0000~3.5347;136000~196999;0
20284;*;*;33~40;4.376358696;1.063858696;2792;736;*;136000~196999;0
20285;*;*;33~40;4.917710197;0.964221825;2330;559;*;136000~196999;0
20286;*;*;25~32;5.087662338;0.987012987;1482;308;3.5348~7.0695;136000~196999;0
20287;*;*;41~48;4.162241888;0.884955752;1295;339;*;136000~196999;0
20288;*;*;25~32;5.181818182;1.042207792;1378;308;3.5348~7.0695;136000~196999;0
20289;*;*;17~24;5.962121212;1.171717172;1146;396;3.5348~7.0695;136000~196999;0
20290;*;*;25~32;4.622222222;1.071604938;1511;405;0.0000~3.5347;136000~196999;0
20291;*;*;33~40;6.039548023;1.083333333;3295;708;*;136000~196999;0
20292;*;*;25~32;4.944099379;0.966873706;1746;483;3.5348~7.0695;136000~196999;0
20293;*;*;25~32;5.250639386;0.941176471;1496;391;3.5348~7.0695;136000~196999;0
20294;*;*;25~32;5.62628866;0.93814433;1458;388;3.5348~7.0695;136000~196999;0
20295;*;*;33~40;6.027713626;1.076212471;1543;433;*;136000~196999;0
20296;*;*;33~40;5.348336595;0.998043053;1814;511;*;136000~196999;0
20297;*;*;1~32;5.992395437;1.133079848;3490;526;0.0000~3.5347;258000~501999;0
20298;*;*;17~24;4.718978102;1.019708029;2694;1370;0.0000~3.5347;136000~196999;0
20299;*;*;9~16;5.035478548;1.088283828;2986;1212;3.5348~7.0695;197000~257999;0
20300;*;*;25~32;4.376310273;1.052410901;3310;954;0.0000~3.5347;136000~196999;0
20301;*;*;25~32;3.208655332;1.052550232;1904;647;0.0000~3.5347;136000~196999;0
20302;*;*;9~16;6.969843185;1.550060314;1722;829;3.5348~7.0695;258000~501999;0
20303;*;*;9~16;4.466019417;0.980582524;405;103;3.5348~7.0695;136000~196999;0
20304;*;*;25~32;4.425120773;1.002415459;1480;414;3.5348~7.0695;136000~196999;0
20305;*;*;17~24;3.618361153;1.036418816;5534;1318;0.0000~3.5347;136000~196999;0
20306;*;*;17~24;5.361788618;1.036585366;4066;984;3.5348~7.0695;197000~257999;0
20307;*;*;17~24;3.70605613;1.016248154;3129;677;0.0000~3.5347;136000~196999;0
20308;*;*;9~16;4.767910448;0.992537313;6242;1340;3.5348~7.0695;197000~257999;0
20309;*;*;17~24;4.811940299;0.997014925;1431;335;3.5348~7.0695;136000~196999;0
20310;*;*;9~16;4.462184874;0.988795518;836;357;0.0000~3.5347;14000~74999;0
20311;*;*;33~40;5.662650602;1.265060241;522;83;*;197000~257999;0
20312;*;*;25~32;3.304347826;1.162471396;2145;437;0.0000~3.5347;136000~196999;0
20313;*;*;25~32;5.344660194;0.946601942;1415;412;3.5348~7.0695;197000~257999;0
20314;*;*;17~24;5.218241042;1.048859935;2295;614;3.5348~7.0695;136000~196999;0
20315;*;*;17~24;3.154929577;0.985915493;147;71;3.5348~7.0695;258000~318999;0
20316;*;*;17~24;5.001253133;1.004385965;6437;1596;3.5348~7.0695;197000~257999;0
20317;*;*;17~24;4.505030181;1.080482897;784;497;0.0000~3.5347;136000~196999;0
20318;*;*;25~32;3.853467562;1.004474273;5558;894;0.0000~3.5347;136000~196999;0
20319;*;*;9~16;4.679577465;0.992957746;1001;284;3.5348~7.0695;136000~196999;0
20320;*;*;33~40;5.051798561;0.955395683;2965;695;*;136000~196999;0
20321;*;*;25~32;4.701208981;1.116580311;3700;1158;0.0000~3.5347;197000~257999;0
20322;*;*;1~32;3.0375;0.9375;102;80;0.0000~3.5347;258000~501999;0
20323;*;*;33~40;3.892514395;1.063339731;2252;521;*;136000~196999;0
20324;*;*;25~32;4.386904762;0.869047619;1436;168;3.5348~7.0695;136000~196999;0
20325;*;*;17~24;7.278431373;1.082352941;863;255;3.5348~7.0695;380000~501999;1
20326;*;*;9~16;6.644539615;1.032119914;1567;467;3.5348~7.0695;258000~501999;1
20327;*;*;17~24;7.526315789;0.995951417;2982;988;7.0696~10.6043;*;1
20328;*;*;17~24;7.69706104;1.19743783;3409;1327;3.5348~7.0695;380000~501999;1
20329;*;*;33~40;6.016064257;1.172690763;707;249;*;197000~257999;1
20330;*;*;25~32;6.741935484;1.012096774;1483;496;3.5348~7.0695;319000~379999;1
20331;*;*;17~24;6.560606061;1.003367003;4169;1188;3.5348~7.0695;258000~318999;1
20332;*;*;17~24;6.174964438;0.918918919;1929;703;3.5348~7.0695;258000~318999;1
20333;*;*;9~16;6.611457036;1.006849315;4830;1606;3.5348~7.0695;258000~501999;1
20334;*;*;9~16;5.873096447;1.050761421;2760;985;3.5348~7.0695;197000~257999;1
20335;*;*;1~16;8.944642857;1.100892857;4253;1120;7.0696~10.6043;*;1
20336;*;*;9~16;5.375397667;1.033580771;6301;2829;3.5348~7.0695;197000~257999;1
20337;*;*;25~32;6.71875;1.001838235;1776;544;3.5348~7.0695;197000~257999;1
20338;*;*;9~16;6.833119384;1.020539153;2493;779;3.5348~7.0695;258000~501999;1
20339;*;*;17~24;6.623931624;1.065527066;2374;702;3.5348~7.0695;197000~257999;1
20340;*;*;17~24;6.303262956;0.934740883;1832;521;3.5348~7.0695;197000~257999;1
20341;*;*;17~24;5.303875969;1.017054264;2220;645;3.5348~7.0695;197000~257999;1
20342;*;*;17~24;6.310810811;1.038610039;4199;1554;3.5348~7.0695;197000~257999;1
20343;*;*;17~24;6.254054054;0.918918919;2002;555;3.5348~7.0695;197000~257999;1
20344;*;*;25~32;5.890939597;1.060402685;2591;596;0.0000~3.5347;197000~257999;1
20345;*;*;17~24;5.719266055;1.069724771;2079;545;3.5348~7.0695;197000~257999;1
20346;*;*;1~16;3.284815106;1.039339103;2257;1271;0.0000~3.5347;136000~196999;1
20347;*;*;1~8;4.890982503;0.966352624;1317;743;3.5348~7.0695;197000~257999;1
20348;*;*;33~40;4.333333333;1.090909091;113;33;*;258000~318999;0
20349;*;*;25~32;5.724137931;0.75862069;63;29;7.0696~10.6043;*;0
20350;*;*;9~16;6.619883041;1.065789474;2398;684;3.5348~7.0695;258000~501999;1
20351;*;*;25~32;4.973744292;1.057077626;2110;876;0.0000~3.5347;197000~257999;1
20352;*;*;1~8;2.5;625;309;16;3.5348~7.0695;14000~135999;0
20353;*;*;9~16;3.8;1.466666667;69;15;3.5348~7.0695;258000~501999;0
20354;*;*;17~24;6.935727788;0.964083176;3419;1058;3.5348~7.0695;258000~318999;1
20355;*;*;1~16;6.10472973;1.168918919;587;296;0.0000~3.5347;136000~196999;1
20356;*;*;9~16;7.194954128;1.059633028;1384;436;3.5348~7.0695;258000~501999;1
20357;*;*;9~16;6.397932817;1.03875969;1251;387;3.5348~7.0695;197000~257999;1
20358;*;*;25~32;6.128767123;0.906849315;1121;365;3.5348~7.0695;197000~257999;1
20359;*;*;1~16;7.3894081;0.971962617;1039;321;7.0696~10.6043;*;1
20360;*;*;9~16;8.287610619;1.123893805;1556;452;3.5348~7.0695;258000~501999;1
20361;*;*;9~16;6.359848485;1.026515152;928;264;3.5348~7.0695;197000~257999;1
20362;*;*;17~24;6.831168831;1.049350649;1184;385;3.5348~7.0695;197000~257999;1
20363;*;*;17~24;7.202439024;1.02195122;1397;410;3.5348~7.0695;258000~318999;1
20364;*;*;17~24;6.626213592;1.007281553;1248;412;3.5348~7.0695;258000~318999;1
20365;*;*;17~24;7.430340557;1.089783282;1067;323;3.5348~7.0695;258000~318999;1
20366;*;*;17~24;6.360655738;1.008196721;685;244;3.5348~7.0695;258000~318999;1
20367;*;*;1~16;8.23943662;1.042253521;493;142;7.0696~10.6043;*;1
20368;*;*;17~24;4.392905866;0.97680764;1381;733;0.0000~3.5347;136000~196999;1
20369;*;*;17~24;7.116022099;0.988950276;539;181;3.5348~7.0695;258000~318999;1
20370;*;*;9~16;8.009146341;1;1121;328;3.5348~7.0695;258000~501999;1
20371;*;*;9~16;6.455540356;1.004103967;1880;731;3.5348~7.0695;258000~501999;1
20372;*;*;9~16;6.367713004;0.650224215;1701;669;3.5348~7.0695;258000~501999;1
20373;*;*;41~48;6.962962963;1.185185185;220;81;*;258000~318999;1
20374;*;*;17~24;5.967583497;1.037328094;2571;1018;3.5348~7.0695;380000~501999;1
20375;*;*;17~24;7.465483235;0.974358974;1527;507;7.0696~10.6043;*;1
20376;*;*;1~16;6.421276596;0.919148936;578;235;7.0696~10.6043;*;1
20377;*;*;17~24;8.093117409;0.987854251;759;247;7.0696~10.6043;*;1
20378;*;*;1~16;6.009174312;1.009174312;222;109;7.0696~10.6043;*;0
20379;*;*;9~16;5.27301092;1.140405616;1227;641;3.5348~7.0695;197000~257999;0
20380;*;*;1~16;7.606936416;1.121387283;450;173;7.0696~10.6043;*;0
20381;*;*;9~16;6.131661442;0.978056426;671;319;3.5348~7.0695;258000~501999;0
20382;*;*;1~16;7.3375;0.969642857;1409;560;7.0696~10.6043;*;1
20383;*;*;17~24;6.412735849;1.023584906;1318;424;3.5348~7.0695;197000~257999;1
20384;*;*;17~24;6.34939759;1.006884682;1898;581;3.5348~7.0695;197000~257999;1
20385;*;*;25~32;6.893700787;1;1713;508;3.5348~7.0695;197000~257999;1
20386;*;*;17~24;4.701974865;1.087971275;1655;557;3.5348~7.0695;258000~318999;1
20387;*;*;9~16;3.933911159;1.055254605;2585;923;0.0000~3.5347;75000~135999;1
20388;*;*;1~16;8.367609254;1.050128535;2304;778;7.0696~10.6043;*;1
20389;*;*;25~32;8.692307692;1.076923077;573;182;7.0696~10.6043;*;1
20390;*;*;9~16;7.208173691;0.966794381;2659;783;3.5348~7.0695;258000~501999;1
20391;*;*;17~24;6.561759729;1.125211506;1651;591;3.5348~7.0695;258000~318999;1
20392;*;*;9~16;6.156748911;1.082728592;1858;689;3.5348~7.0695;258000~501999;1
20393;*;*;9~16;6.117493473;1.026109661;2007;383;3.5348~7.0695;258000~501999;1
20394;*;*;9~16;7.161290323;1.039170507;1566;434;3.5348~7.0695;258000~501999;1
20395;*;*;17~24;8.474242424;1.109090909;1992;660;7.0696~10.6043;*;1
20396;*;*;9~16;6.911804613;1.036635007;2230;737;3.5348~7.0695;258000~501999;1
20397;*;*;25~32;6.685121107;0.968858131;886;289;3.5348~7.0695;197000~257999;1
20398;*;*;25~32;5.495356037;0.913312693;1004;323;3.5348~7.0695;197000~257999;1
20399;*;*;17~24;6.307692308;1.025641026;673;195;3.5348~7.0695;197000~257999;1
20400;*;*;25~32;5.824561404;0.916666667;691;228;3.5348~7.0695;197000~257999;1
20401;*;*;25~32;5.473815461;1.032418953;1360;401;0.0000~3.5347;197000~257999;1
20402;*;*;25~32;5.175925926;1.016975309;2020;648;3.5348~7.0695;197000~257999;1
20403;*;*;17~24;7.054054054;0.998069498;1565;518;3.5348~7.0695;258000~318999;1
20404;*;*;25~32;7.498310811;1.040540541;1881;592;3.5348~7.0695;258000~318999;1
20405;*;*;25~32;7.989949749;0.984924623;654;199;3.5348~7.0695;258000~318999;1
20406;*;*;25~32;7.885245902;1.004098361;775;244;3.5348~7.0695;258000~318999;1
20407;*;*;17~24;8.185185185;1.005050505;1938;594;7.0696~10.6043;*;1
20408;*;*;25~32;8.730038023;1.045627376;842;263;7.0696~10.6043;*;1
20409;*;*;25~32;6.151282051;0.984615385;1199;390;3.5348~7.0695;258000~318999;1
20410;*;*;25~32;6.844978166;1.048034934;1474;458;3.5348~7.0695;197000~257999;1
20411;*;*;17~24;5.366995074;1.041871921;1338;406;3.5348~7.0695;197000~257999;1
20412;*;*;1~16;4.396854204;1.045977011;3232;1653;0.0000~3.5347;197000~257999;1
20413;*;*;17~24;4.327981651;1.046636086;3188;1308;0.0000~3.5347;197000~257999;1
20414;*;*;9~16;4.302564103;1.065934066;3089;1365;3.5348~7.0695;136000~196999;1
20415;*;*;1~16;4.226715686;1.004901961;1877;816;0.0000~3.5347;136000~196999;1
20416;*;*;25~32;7.285714286;1.060714286;848;280;3.5348~7.0695;319000~379999;1
20417;*;*;25~32;7.090909091;0.989304813;586;187;3.5348~7.0695;380000~501999;1
20418;*;*;25~32;7.913934426;1.069672131;736;244;3.5348~7.0695;380000~501999;1
20419;*;*;25~32;7.124610592;0.996884735;967;321;3.5348~7.0695;319000~379999;1
20420;*;*;17~24;7.651761518;1.06504065;2050;738;3.5348~7.0695;319000~379999;1
20421;*;*;17~24;7.480769231;1.006410256;1917;624;7.0696~10.6043;*;1
20422;*;*;33~40;6.958333333;1.217592593;576;216;*;441000~501999;1
20423;*;*;17~24;6.261168385;1.505154639;578;291;3.5348~7.0695;380000~501999;0
20424;*;*;1~8;7.56864522;1.225192569;6187;2207;3.5348~7.0695;258000~501999;0
20425;*;*;17~24;7.454436451;1.028776978;2703;834;3.5348~7.0695;319000~379999;0
20426;*;*;1~16;9.890756303;1.159663866;415;119;7.0696~10.6043;*;1
20427;*;*;1~16;7.23605948;1.032527881;5495;2152;7.0696~10.6043;*;1
20428;*;*;1~16;8.715841584;1.102970297;3385;1010;7.0696~10.6043;*;1
20429;*;*;1~16;7.337962963;0.972222222;1418;432;7.0696~10.6043;*;1
20430;*;*;9~16;5.123583934;0.977342945;2537;971;3.5348~7.0695;197000~257999;1
20431;*;*;9~16;7.014354067;0.937799043;661;209;3.5348~7.0695;258000~501999;1
20432;*;*;25~32;6.39084507;0.98943662;960;284;3.5348~7.0695;197000~257999;1
20433;*;*;17~24;6.81918239;1.058176101;2347;636;3.5348~7.0695;197000~257999;1
20434;*;*;25~32;6.362433862;1.222222222;1011;378;3.5348~7.0695;197000~257999;1
20435;*;*;41~48;4.906716418;1.082089552;581;268;*;197000~257999;1
20436;*;*;1~32;9.873315364;1.102425876;1179;371;10.6044~16.0000;*;1
20437;*;*;1~8;5.50692354;1.099939795;3950;1661;3.5348~7.0695;258000~501999;1
20438;*;*;17~24;8.2406639;1.033195021;761;241;7.0696~10.6043;*;1
20439;*;*;9~16;5.702054795;1.02739726;1577;584;3.5348~7.0695;258000~501999;1
20440;*;*;1~8;7.799038462;1.110096154;6700;2080;3.5348~7.0695;258000~501999;1
20441;*;*;17~24;7.207079646;1.030088496;1834;565;3.5348~7.0695;197000~257999;1
20442;*;*;1~16;7.96969697;1.025974026;833;231;7.0696~10.6043;*;1
20443;*;*;49~56;5.342857143;0.942857143;130;35;*;441000~501999;1
20444;*;*;9~16;5.757981462;1.043254377;3188;971;3.5348~7.0695;197000~257999;1
20445;*;*;1~8;5.772687986;1.00605013;3196;1157;3.5348~7.0695;197000~257999;1
20446;*;*;25~32;4.858490566;1.166666667;1334;318;0.0000~3.5347;136000~196999;1
20447;*;*;1~32;5.545454545;0.939393939;265;66;0.0000~3.5347;258000~501999;1
20448;*;*;25~32;5.362573099;0.918128655;678;171;3.5348~7.0695;136000~196999;1
20449;*;*;17~24;4.745070423;1.085915493;2751;710;3.5348~7.0695;136000~196999;1
20450;*;*;1~8;5.74952919;1.06779661;3246;1062;3.5348~7.0695;258000~501999;1
20451;*;*;1~8;7.241805635;1.012363427;11956;3478;3.5348~7.0695;258000~501999;1
20452;*;*;17~24;5.299711816;0.985590778;1882;694;3.5348~7.0695;136000~196999;1
20453;*;*;17~24;4.474714519;1.117455139;1798;613;3.5348~7.0695;136000~196999;1
20454;*;*;25~32;5.817258883;0.959390863;595;197;3.5348~7.0695;197000~257999;1
20455;*;*;1~16;4.70030581;1.214067278;1816;654;0.0000~3.5347;136000~196999;1
20456;*;*;9~16;4.978978979;0.930930931;1053;333;3.5348~7.0695;197000~257999;1
20457;*;*;1~8;5.154015402;1.061606161;2180;909;3.5348~7.0695;197000~257999;1
20458;*;*;25~32;5.28358209;0.936567164;1024;268;3.5348~7.0695;136000~196999;1
20459;*;*;25~32;6.048421053;1.010526316;1915;475;3.5348~7.0695;136000~196999;1
20460;*;*;17~24;6.771498771;0.534398034;2734;814;3.5348~7.0695;258000~318999;1
20461;*;*;17~24;7.81300813;1.091463415;1665;492;3.5348~7.0695;197000~257999;1
20462;*;*;17~24;8.652173913;1.062111801;1114;322;3.5348~7.0695;258000~318999;1
20463;*;*;17~24;8.16588785;1.049065421;1629;428;3.5348~7.0695;258000~318999;1
20464;*;*;25~32;5.606177606;0.969111969;928;259;3.5348~7.0695;136000~196999;1
20465;*;*;25~32;5.057591623;1;690;191;3.5348~7.0695;136000~196999;1
20466;*;*;17~24;7.266816143;1.033632287;1567;446;3.5348~7.0695;197000~257999;1
20467;*;*;25~32;6.662055336;0.992094862;1717;506;3.5348~7.0695;197000~257999;1
20468;*;*;25~32;4.267241379;0.961206897;719;232;0.0000~3.5347;136000~196999;1
20469;*;*;17~24;6.115591398;1.024193548;2301;744;3.5348~7.0695;197000~257999;1
20470;*;*;17~24;4.936633663;1.033663366;1488;505;3.5348~7.0695;197000~257999;1
20471;*;*;25~32;6.491452991;1;1825;468;3.5348~7.0695;136000~196999;1
20472;*;*;25~32;6.294964029;1.021582734;962;278;3.5348~7.0695;136000~196999;1
20473;*;*;25~32;6.028125;0.915625;1067;320;3.5348~7.0695;197000~257999;1
20474;*;*;25~32;7068;1.06;1040;250;3.5348~7.0695;197000~257999;1
20475;*;*;17~24;5.832898172;0.973890339;1325;383;3.5348~7.0695;136000~196999;1
20476;*;*;25~32;7.032454361;1.105476673;1798;493;3.5348~7.0695;197000~257999;1
20477;*;*;17~24;6.397476341;1.004731861;1974;634;3.5348~7.0695;197000~257999;1
20478;*;*;25~32;7.04338843;1.018595041;1699;484;3.5348~7.0695;197000~257999;1
20479;*;*;25~32;5.018965517;0.968965517;1773;580;3.5348~7.0695;136000~196999;1
20480;*;*;25~32;5.414578588;1.118451025;1200;439;3.5348~7.0695;136000~196999;1
20481;*;*;25~32;5.048611111;0.944444444;467;144;3.5348~7.0695;197000~257999;1
20482;*;*;17~24;5.884700665;1.059866962;1392;451;3.5348~7.0695;197000~257999;1
20483;*;*;17~24;5.881266491;0.978891821;1283;379;3.5348~7.0695;197000~257999;1
20484;*;*;17~24;6.163636364;0.878787879;1705;495;3.5348~7.0695;197000~257999;1
20485;*;*;17~24;6.402208202;0.943217666;2133;634;3.5348~7.0695;197000~257999;1
20486;*;*;17~24;6.063551402;1.029906542;3199;1070;3.5348~7.0695;197000~257999;1
20487;*;*;1~16;8.319293478;1.120923913;2440;736;7.0696~10.6043;*;1
20488;*;*;1~8;4.857819905;0.999210111;3188;1266;3.5348~7.0695;197000~257999;1
20489;*;*;9~16;5.281321185;1.071753986;2476;878;3.5348~7.0695;197000~257999;1
20490;*;*;25~32;6.450413223;0.876033058;817;242;3.5348~7.0695;197000~257999;1
20491;*;*;1~16;5.306425041;1.085667216;1390;607;0.0000~3.5347;136000~196999;1
20492;*;*;9~16;5.686363636;1.027272727;1859;660;3.5348~7.0695;197000~257999;1
20493;*;*;17~24;5.633986928;0.866013072;934;306;3.5348~7.0695;197000~257999;1
20494;*;*;17~24;7.829396325;1.065616798;1203;381;3.5348~7.0695;258000~318999;1
20495;*;*;17~24;5.695652174;1.020703934;1432;483;3.5348~7.0695;197000~257999;1
20496;*;*;25~32;6.096551724;1.113793103;1837;580;3.5348~7.0695;197000~257999;1
20497;*;*;17~24;7.203562341;1.03307888;1284;393;3.5348~7.0695;197000~257999;1
20498;*;*;25~32;6.26119403;0.940298507;862;268;3.5348~7.0695;197000~257999;1
20499;*;*;17~24;6.909407666;0.975609756;978;287;3.5348~7.0695;197000~257999;1
20500;*;*;25~32;6.756637168;0.973451327;756;226;3.5348~7.0695;197000~257999;1
20501;*;*;17~24;7.588516746;0.894736842;699;209;3.5348~7.0695;319000~379999;1
20502;*;*;41~48;4.481481481;0.925925926;67;27;*;319000~379999;1
20503;*;*;25~32;6.935064935;1.103896104;243;77;7.0696~10.6043;*;1
20504;*;*;1~16;7.248670213;0.978723404;2526;752;7.0696~10.6043;*;1
20505;*;*;17~24;6.611336032;1.070850202;1595;494;3.5348~7.0695;197000~257999;1
20506;*;*;1~8;6.873103448;1.04;2510;725;3.5348~7.0695;258000~501999;1
20507;*;*;33~40;4.290106952;1.032754011;3814;1496;0.0000~3.5347;14000~74999;2
20508;*;*;41~48;3.253571429;1.135714286;1372;560;0.0000~3.5347;75000~135999;2
20509;*;*;25~32;4.803355079;1.029822926;3196;1073;0.0000~3.5347;75000~135999;2
20510;*;*;25~32;4.690376569;1.031380753;1481;478;0.0000~3.5347;14000~74999;2
20511;*;*;33~40;4.568965517;1.086206897;1304;464;0.0000~3.5347;14000~74999;2
20512;*;*;33~40;4.833333333;1.055555556;285;90;0.0000~3.5347;14000~74999;2
20513;*;*;33~40;5.597402597;1.103896104;391;77;*;197000~257999;2
20514;*;*;17~24;3.707509881;1.086956522;508;253;0.0000~3.5347;14000~74999;2
20515;*;*;33~40;5.165254237;1.023305085;1103;472;0.0000~3.5347;75000~135999;2
20516;*;*;41~48;5.221238938;1.042035398;1041;452;0.0000~3.5347;75000~135999;2
20517;*;*;25~32;4.268135904;1.149678604;2524;1089;0.0000~3.5347;14000~74999;2
20518;*;*;25~32;3.95793499;1.072657744;2046;523;0.0000~3.5347;75000~135999;2
20519;*;*;33~40;4.64;1.08744186;2414;1075;0.0000~3.5347;75000~135999;2
20520;*;*;33~40;3.916666667;0.955357143;732;336;0.0000~3.5347;75000~135999;2
20521;*;*;33~48;5.414673046;0.944178628;1518;627;3.5348~7.0695;14000~135999;2
20522;*;*;33~40;4.961424332;0.896142433;969;337;0.0000~3.5347;14000~74999;2
20523;*;*;17~24;5.70783848;1.023752969;1088;421;3.5348~7.0695;136000~196999;2
20524;*;*;9~16;5.7818013;1.080779944;2909;1077;3.5348~7.0695;14000~135999;2
20525;*;*;41~48;5.916334661;1.075697211;653;251;*;136000~196999;2
20526;*;*;33~40;5.093283582;1.029850746;952;268;*;136000~196999;2
20527;*;*;1~32;3.525793651;1.017857143;4479;504;0.0000~3.5347;258000~501999;2
20528;*;*;9~16;5.683684795;0.997780244;2258;901;3.5348~7.0695;197000~257999;2
20529;*;*;1~16;4.915341441;1.022450889;5633;2138;0.0000~3.5347;197000~257999;2
20530;*;*;1~16;5.070222822;1.015530047;7984;2962;0.0000~3.5347;197000~257999;2
20531;*;*;17~24;6.867132867;1.097902098;808;286;3.5348~7.0695;258000~318999;2
20532;*;*;1~16;4.068610635;1.008576329;1400;583;0.0000~3.5347;136000~196999;2
20533;*;*;9~16;6.350568769;1.05377456;2553;967;3.5348~7.0695;258000~501999;2
20534;*;*;17~24;3.461538462;1.006118881;2248;1144;0.0000~3.5347;136000~196999;2
20535;*;*;33~40;4.289179104;1.080223881;1300;536;*;136000~196999;2
20536;*;*;33~40;4.436692506;1.015503876;1224;387;0.0000~3.5347;75000~135999;2
20537;*;*;17~24;3.072555205;1;521;317;0.0000~3.5347;136000~196999;2
20538;*;*;25~32;5.101851852;0.970679012;1623;648;0.0000~3.5347;136000~196999;2
20539;*;*;17~24;5.884720327;1.034106412;4071;1466;3.5348~7.0695;136000~196999;2
20540;*;*;1~16;4.386792453;0.981132075;1386;636;0.0000~3.5347;136000~196999;2
20541;*;*;9~16;6.115695067;1.038565022;2828;1115;3.5348~7.0695;197000~257999;2
20542;*;*;33~40;6.575596817;1.013262599;979;377;*;197000~257999;2
20543;*;*;33~40;3.882852292;1.029994341;3717;1767;*;136000~196999;2
20544;*;*;17~24;4.80349345;1.013646288;6330;1832;0.0000~3.5347;197000~257999;2
20545;*;*;25~32;5.113951012;1.01171459;2199;939;3.5348~7.0695;197000~257999;2
20546;*;*;41~48;6.148550725;1.152173913;775;276;0.0000~3.5347;75000~135999;2
20547;*;*;41~48;4.329949239;1.011844332;1820;591;0.0000~3.5347;75000~135999;2
20548;*;*;33~40;3.566137566;0.941798942;701;189;0.0000~3.5347;14000~74999;2
20549;*;*;1~8;5.227138643;1.019174041;2118;678;3.5348~7.0695;14000~135999;2
20550;*;*;17~24;5.607028754;1.025559105;1061;313;0.0000~3.5347;75000~135999;2
20551;*;*;25~32;5.003929273;1.05108055;1579;509;0.0000~3.5347;75000~135999;2
20552;*;*;9~16;5.155287818;1.194109772;1847;747;0.0000~3.5347;75000~135999;2
20553;*;*;17~24;4.391203704;0.981481481;2225;864;0.0000~3.5347;75000~135999;2
20554;*;*;33~40;4.398119122;1.037617555;1659;638;0.0000~3.5347;75000~135999;2
20555;*;*;1~16;5.286178862;1.01300813;1700;615;0.0000~3.5347;136000~196999;2
20556;*;*;17~24;3.838451268;1.081441923;1876;749;0.0000~3.5347;136000~196999;2
20557;*;*;41~48;4.609547124;1.036719706;1855;817;0.0000~3.5347;75000~135999;2
20558;*;*;9~16;5.518518519;1.005291005;1073;378;3.5348~7.0695;136000~196999;2
20559;*;*;25~32;6.424691358;0.990123457;981;405;3.5348~7.0695;136000~196999;2
20560;*;*;33~40;6.408695652;1.039130435;1123;460;*;136000~196999;2
20561;*;*;41~48;5;0.970037453;1548;534;0.0000~3.5347;75000~135999;2
20562;*;*;41~48;4.780392157;0.905882353;1415;510;0.0000~3.5347;75000~135999;2
20563;*;*;9~16;5.148006785;1.119592875;6837;2358;0.0000~3.5347;75000~135999;2
20564;*;*;25~32;4.61038961;1.006493506;550;154;0.0000~3.5347;136000~196999;2
20565;*;*;17~24;5.938864629;1.231441048;808;229;0.0000~3.5347;197000~257999;2
20566;*;*;25~32;5.93071161;1.026217228;1554;534;3.5348~7.0695;197000~257999;2
20567;*;*;9~16;6.423584906;0.99245283;3060;1060;3.5348~7.0695;136000~196999;2
20568;*;*;17~24;6.589703588;0.985959438;1907;641;3.5348~7.0695;136000~196999;2
20569;*;*;17~24;5.732758621;1.060344828;2866;928;3.5348~7.0695;14000~135999;2
20570;*;*;1~16;4.821428571;1.032467532;894;308;0.0000~3.5347;136000~196999;2
20571;*;*;1~8;5.662561576;1.027093596;2561;812;0.0000~3.5347;14000~135999;2
20572;*;*;25~32;5.922178988;1.09922179;1583;514;0.0000~3.5347;75000~135999;2
20573;*;*;17~24;6.401273885;1.070063694;457;157;3.5348~7.0695;197000~257999;2
20574;*;*;1~16;5.789473684;1.078947368;898;228;0.0000~3.5347;136000~196999;2
20575;*;*;33~40;5.275229358;0.981651376;259;109;*;136000~196999;2
20576;*;*;25~32;5.230769231;0.942307692;194;52;0.0000~3.5347;75000~135999;2
20577;*;*;9~16;5.394833948;1.158671587;774;271;0.0000~3.5347;75000~135999;2
20578;*;*;33~40;5.253731343;0.970149254;238;67;*;258000~318999;2
20579;*;*;33~40;5.626315789;1.2;567;190;0.0000~3.5347;75000~135999;2
20580;*;*;25~32;5.371900826;1.060606061;1145;363;0.0000~3.5347;75000~135999;2
20581;*;*;17~24;5.444976077;1.057416268;459;209;0.0000~3.5347;75000~135999;2
20582;*;*;33~48;6.135678392;1.185929648;488;199;3.5348~7.0695;14000~135999;2
20583;*;*;25~32;4.416666667;0.880952381;208;84;3.5348~7.0695;136000~196999;2
20584;*;*;17~24;5.802752294;1.04587156;755;218;0.0000~3.5347;14000~74999;2
20585;*;*;25~32;4.756410256;0.948717949;689;234;0.0000~3.5347;75000~135999;2
20586;*;*;17~24;5.442424242;1.151515152;939;330;0.0000~3.5347;75000~135999;2
20587;*;*;17~24;4.517799353;1.087378641;940;309;0.0000~3.5347;14000~74999;2
20588;*;*;1~8;4.378132118;1.113895216;938;439;0.0000~3.5347;14000~135999;2
20589;*;*;41~48;4.767379679;1.06684492;938;374;0.0000~3.5347;14000~74999;2
20590;*;*;41~48;4.226628895;0.991501416;804;353;0.0000~3.5347;14000~74999;2
20591;*;*;33~40;4.340694006;1.186119874;702;317;0.0000~3.5347;14000~74999;2
20592;*;*;49~56;4.44295302;1.073825503;520;149;*;14000~135999;2
20593;*;*;33~40;5.911764706;0.965686275;537;204;0.0000~3.5347;75000~135999;2
20594;*;*;17~24;6.219269103;1.003322259;870;301;3.5348~7.0695;14000~135999;2
20595;*;*;9~16;5.410339257;1.037156704;2029;619;0.0000~3.5347;75000~135999;2
20596;*;*;33~40;6.160606061;1.136363636;914;330;0.0000~3.5347;14000~74999;2
20597;*;*;33~40;4.927272727;0.981818182;888;385;0.0000~3.5347;14000~74999;2
20598;*;*;33~40;4.379052369;0.987531172;837;401;0.0000~3.5347;14000~74999;2
20599;*;*;33~40;5.273838631;1.078239609;1009;409;0.0000~3.5347;14000~74999;2
20600;*;*;17~24;4.945454545;1.112121212;769;330;0.0000~3.5347;14000~74999;2
20601;*;*;25~32;5.022727273;1.170454545;413;88;0.0000~3.5347;14000~74999;2
20602;*;*;17~24;4.051601423;1.081850534;1607;562;0.0000~3.5347;14000~74999;2
20603;*;*;17~24;4.567625133;1.087326944;2707;939;0.0000~3.5347;14000~74999;2
20604;*;*;17~24;4.551391863;0.962526767;3265;934;0.0000~3.5347;14000~74999;2
20605;*;*;25~32;4.424050633;0.995253165;2017;632;0.0000~3.5347;14000~74999;2
20606;*;*;25~32;5.140316206;1.055335968;1702;506;0.0000~3.5347;14000~74999;2
20607;*;*;25~32;5.041958042;1.164335664;832;286;0.0000~3.5347;14000~74999;2
20608;*;*;17~24;5.4;1.273170732;768;205;0.0000~3.5347;14000~74999;2
20609;*;*;17~24;4.856823266;1.073825503;1527;447;0.0000~3.5347;14000~74999;2
20610;*;*;25~32;4.851936219;1.102505695;1195;439;0.0000~3.5347;14000~74999;2
20611;*;*;25~32;4.359413203;1.078239609;1163;409;0.0000~3.5347;14000~74999;2
20612;*;*;25~32;5.157303371;1.082397004;761;267;0.0000~3.5347;14000~74999;2
20613;*;*;25~32;4.5;0.950520833;1167;384;0.0000~3.5347;14000~74999;2
20614;*;*;25~32;4.801687764;0.970464135;1455;474;0.0000~3.5347;14000~74999;2
20615;*;*;17~24;5.461928934;1.096446701;724;197;0.0000~3.5347;14000~74999;2
20616;*;*;9~16;4.826666667;1176;1157;375;0.0000~3.5347;14000~74999;2
20617;*;*;17~24;4.921052632;0.956140351;308;114;0.0000~3.5347;14000~74999;2
20618;*;*;25~32;5.89380531;1.092920354;726;226;0.0000~3.5347;14000~74999;2
20619;*;*;17~24;6.388513514;1.148648649;1023;296;0.0000~3.5347;75000~135999;2
20620;*;*;33~48;4125;0.854166667;151;48;3.5348~7.0695;14000~135999;2
20621;*;*;33~40;7.923566879;1.573248408;484;157;0.0000~3.5347;75000~135999;2
20622;*;*;17~24;4.808917197;0.936305732;457;157;0.0000~3.5347;14000~74999;2
20623;*;*;25~32;5.101321586;1.074889868;598;227;0.0000~3.5347;14000~74999;2
20624;*;*;9~16;5.835051546;1.030927835;731;291;0.0000~3.5347;75000~135999;2
20625;*;*;33~48;7.285714286;1.214285714;29;14;3.5348~7.0695;14000~135999;2
20626;*;*;33~40;6.573099415;1.076023392;504;171;0.0000~3.5347;75000~135999;2
20627;*;*;1~16;6.06779661;1.101694915;169;59;0.0000~3.5347;136000~196999;2
20628;*;*;17~24;5.238461538;1.079487179;1018;390;0.0000~3.5347;75000~135999;2
20629;*;*;25~32;5.51980198;1.02090209;6912;1818;0.0000~3.5347;75000~135999;2
20630;*;*;9~16;5.93258427;1.134831461;1257;445;3.5348~7.0695;14000~135999;2
20631;*;*;9~16;6.145833333;1.141203704;1200;432;0.0000~3.5347;75000~135999;2
20632;*;*;9~16;6.023376623;1.080519481;1047;385;0.0000~3.5347;75000~135999;2
20633;*;*;25~32;5.445026178;1.078534031;1082;382;0.0000~3.5347;75000~135999;2
20634;*;*;25~32;6.779069767;1.148255814;1041;344;3.5348~7.0695;14000~135999;2
20635;*;*;25~32;5.045454545;1.133333333;845;330;0.0000~3.5347;75000~135999;2
20636;*;*;17~24;6.114035088;1.315789474;356;114;0.0000~3.5347;75000~135999;2
20637;*;*;17~24;5.205542725;1.120092379;1007;433;0.0000~3.5347;75000~135999;2
20638;*;*;17~24;5.329512894;1.171919771;741;349;0.0000~3.5347;75000~135999;2
20639;*;*;9~16;5.254716981;1.162264151;1387;530;0.0000~3.5347;75000~135999;2
